WINFUT;28/12/2023;18:20:00;176157,13;176254,37;176131,19;176144,16;995717369,20;28259
WINFUT;28/12/2023;18:10:00;176157,13;176196,02;176072,85;176157,13;2254994326,00;64013
WINFUT;28/12/2023;18:00:00;176072,85;176163,61;175982,08;176163,61;3373250076,00;95798
WINFUT;28/12/2023;17:50:00;176176,58;176189,54;176046,91;176072,85;3628621900,00;103019
WINFUT;28/12/2023;17:40:00;176053,40;176221,96;176040,43;176183,06;4974722808,00;141209
WINFUT;28/12/2023;17:30:00;175982,08;176072,85;175962,64;176046,91;2884614898,00;81932
WINFUT;28/12/2023;17:20:00;176020,98;176072,85;175962,64;175982,08;2950152024,00;83799
WINFUT;28/12/2023;17:10:00;175995,05;176059,88;175852,42;176020,98;6976660231,00;198260
WINFUT;28/12/2023;17:00:00;176066,36;176085,81;175956,15;175995,05;3891334297,00;110544
WINFUT;28/12/2023;16:50:00;176066,36;176124,71;176027,47;176072,85;3383147659,00;96064
WINFUT;28/12/2023;16:40:00;176085,81;176118,23;175982,08;176059,88;4553172514,00;129318
WINFUT;28/12/2023;16:30:00;176118,23;176189,54;176046,91;176085,81;4833205817,00;137217
WINFUT;28/12/2023;16:20:00;176124,71;176170,09;176085,81;176111,75;2978354563,00;84554
WINFUT;28/12/2023;16:10:00;176183,06;176241,41;176085,81;176124,71;5827668851,00;165418
WINFUT;28/12/2023;16:00:00;176202,51;176286,79;176150,64;176183,06;4777289574,00;135554
WINFUT;28/12/2023;15:50:00;176241,41;176319,20;176196,02;176208,99;5484946243,00;155582
WINFUT;28/12/2023;15:40:00;176280,30;176280,30;176176,58;176234,92;6263367750,00;177710
WINFUT;28/12/2023;15:30:00;176267,34;176345,13;176254,37;176273,82;5010623262,00;142107
WINFUT;28/12/2023;15:20:00;176163,61;176293,27;176157,13;176267,34;5382764030,00;152710
WINFUT;28/12/2023;15:10:00;176020,98;176202,51;176001,53;176163,61;7102255127,00;201647
WINFUT;28/12/2023;15:00:00;176150,64;176215,47;175878,36;176020,98;1,045980519E10;297148
WINFUT;28/12/2023;14:50:00;176020,98;176150,64;175975,60;176150,64;5891557859,00;167319
WINFUT;28/12/2023;14:40:00;176144,16;176189,54;176020,98;176027,47;4710352531,00;133733
WINFUT;28/12/2023;14:30:00;176020,98;176183,06;176001,53;176144,16;5279112834,00;149878
WINFUT;28/12/2023;14:20:00;176202,51;176208,99;176014,50;176027,47;6736876636,00;191291
WINFUT;28/12/2023;14:10:00;176137,68;176267,34;176124,71;176208,99;4843896662,00;137452
WINFUT;28/12/2023;14:00:00;176072,85;176202,51;176066,36;176137,68;6101456343,00;173197
WINFUT;28/12/2023;13:50:00;176176,58;176202,51;176046,91;176079,33;5543421617,00;157391
WINFUT;28/12/2023;13:40:00;176183,06;176196,02;176124,71;176183,06;3121412376,00;88599
WINFUT;28/12/2023;13:30:00;176208,99;176247,89;176137,68;176183,06;4116007176,00;116809
WINFUT;28/12/2023;13:20:00;176267,34;176332,17;176137,68;176215,47;6637968125,00;188340
WINFUT;28/12/2023;13:10:00;176338,65;176384,03;176221,96;176273,82;5548215511,00;157363
WINFUT;28/12/2023;13:00:00;176409,96;176448,86;176319,20;176345,13;6032399630,00;171004
WINFUT;28/12/2023;12:50:00;176371,07;176448,86;176241,41;176416,45;7320325973,00;207556
WINFUT;28/12/2023;12:40:00;176176,58;176384,03;176131,19;176371,07;7702838791,00;218495
WINFUT;28/12/2023;12:30:00;176234,92;176241,41;176105,26;176176,58;6058517859,00;171948
WINFUT;28/12/2023;12:20:00;176105,26;176254,37;176053,40;176228,44;6572988612,00;186564
WINFUT;28/12/2023;12:10:00;175975,60;176183,06;175969,12;176111,75;9274452114,00;263338
WINFUT;28/12/2023;12:00:00;175936,70;175975,60;175839,46;175975,60;5472028370,00;155538
WINFUT;28/12/2023;11:50:00;175852,42;176008,02;175826,49;175943,19;7421502195,00;210935
WINFUT;28/12/2023;11:40:00;175962,64;176040,43;175755,18;175858,91;1,228246721E10;349166
WINFUT;28/12/2023;11:30:00;175910,77;176046,91;175632,00;175969,12;1,584078956E10;450431
WINFUT;28/12/2023;11:20:00;176008,02;176118,23;175858,91;175910,77;8025282623,00;228007
WINFUT;28/12/2023;11:10:00;175949,67;176046,91;175865,39;176008,02;7145022769,00;203058
WINFUT;28/12/2023;11:00:00;175845,94;176059,88;175845,94;175956,15;8602232373,00;244442
WINFUT;28/12/2023;10:50:00;175884,84;175897,80;175735,73;175839,46;7166949513,00;203816
WINFUT;28/12/2023;10:40:00;175904,29;175949,67;175677,38;175878,36;1,109720768E10;315611
WINFUT;28/12/2023;10:30:00;175949,67;176020,98;175768,14;175904,29;1,144694456E10;325401
WINFUT;28/12/2023;10:20:00;176014,50;176202,51;175949,67;175949,67;8856676671,00;251475
WINFUT;28/12/2023;10:10:00;175813,53;176124,71;175787,59;176014,50;1,367136617E10;388451
WINFUT;28/12/2023;10:00:00;175761,66;175832,97;175722,76;175807,04;5307901679,00;150987
WINFUT;28/12/2023;09:50:00;175768,14;175807,04;175742,21;175761,66;3179816193,00;90453
WINFUT;28/12/2023;09:40:00;175670,90;175774,63;175651,45;175761,66;3726867227,00;106050
WINFUT;28/12/2023;09:30:00;175638,48;175735,73;175599,59;175670,90;6131669169,00;174527
WINFUT;28/12/2023;09:20:00;175969,12;176014,50;175593,10;175638,48;9166238684,00;260698
WINFUT;28/12/2023;09:10:00;176001,53;176053,40;175871,87;175975,60;7021847115,00;199524
WINFUT;28/12/2023;09:00:00;176053,40;176286,79;175930,22;175995,05;1,045437275E10;296899
WINFUT;27/12/2023;18:20:00;176371,07;176468,31;176319,20;176429,41;1298625081,00;36811
WINFUT;27/12/2023;18:10:00;176299,75;176442,38;176286,79;176377,55;3365568881,00;95423
WINFUT;27/12/2023;18:00:00;176254,37;176306,24;176228,44;176299,75;2535131632,00;71910
WINFUT;27/12/2023;17:50:00;176092,30;176280,30;176066,36;176247,89;5001522745,00;141941
WINFUT;27/12/2023;17:40:00;176150,64;176150,64;176079,33;176092,30;3398155739,00;96482
WINFUT;27/12/2023;17:30:00;176105,26;176189,54;176098,78;176144,16;3798096319,00;107806
WINFUT;27/12/2023;17:20:00;176105,26;176144,16;176040,43;176105,26;4354891676,00;123648
WINFUT;27/12/2023;17:10:00;176027,47;176124,71;176008,02;176105,26;4726145727,00;134210
WINFUT;27/12/2023;17:00:00;175923,74;176046,91;175871,87;176027,47;4527968386,00;128667
WINFUT;27/12/2023;16:50:00;176014,50;176020,98;175832,97;175923,74;7148569854,00;203186
WINFUT;27/12/2023;16:40:00;176001,53;176072,85;175982,08;176014,50;3686018896,00;104699
WINFUT;27/12/2023;16:30:00;176040,43;176046,91;175982,08;176001,53;4054258948,00;115171
WINFUT;27/12/2023;16:20:00;176001,53;176072,85;175930,22;176040,43;6854950394,00;194744
WINFUT;27/12/2023;16:10:00;175852,42;176008,02;175820,01;176001,53;7998353313,00;227343
WINFUT;27/12/2023;16:00:00;175858,91;175884,84;175729,25;175858,91;1,128586303E10;320986
WINFUT;27/12/2023;15:50:00;175930,22;175988,57;175845,94;175858,91;5334575227,00;151608
WINFUT;27/12/2023;15:40:00;175904,29;175988,57;175884,84;175930,22;4772585087,00;135636
WINFUT;27/12/2023;15:30:00;175910,77;175943,19;175865,39;175904,29;5767186361,00;163933
WINFUT;27/12/2023;15:20:00;176105,26;176118,23;175897,80;175910,77;8955803987,00;254455
WINFUT;27/12/2023;15:10:00;176150,64;176208,99;176085,81;176105,26;7471209820,00;212065
WINFUT;27/12/2023;15:00:00;176027,47;176196,02;176020,98;176150,64;7503725976,00;213008
WINFUT;27/12/2023;14:50:00;176066,36;176085,81;176008,02;176027,47;3329118246,00;94551
WINFUT;27/12/2023;14:40:00;176079,33;176085,81;175982,08;176059,88;5042838130,00;143238
WINFUT;27/12/2023;14:30:00;176053,40;176092,30;176020,98;176072,85;3037588959,00;86264
WINFUT;27/12/2023;14:20:00;176085,81;176098,78;176027,47;176059,88;2890503516,00;82087
WINFUT;27/12/2023;14:10:00;176118,23;176124,71;176008,02;176085,81;4869034266,00;138281
WINFUT;27/12/2023;14:00:00;176105,26;176163,61;176085,81;176118,23;3738479036,00;106134
WINFUT;27/12/2023;13:50:00;176189,54;176196,02;176020,98;176105,26;7047384063,00;200097
WINFUT;27/12/2023;13:40:00;176170,09;176260,86;176150,64;176196,02;4769159438,00;135324
WINFUT;27/12/2023;13:30:00;176079,33;176215,47;176066,36;176163,61;5416453108,00;153739
WINFUT;27/12/2023;13:20:00;176085,81;176131,19;176053,40;176079,33;3352737375,00;95196
WINFUT;27/12/2023;13:10:00;176046,91;176111,75;176020,98;176085,81;3325835294,00;94448
WINFUT;27/12/2023;13:00:00;176111,75;176124,71;176033,95;176046,91;4481139812,00;127255
WINFUT;27/12/2023;12:50:00;176020,98;176144,16;176014,50;176111,75;5821267788,00;165279
WINFUT;27/12/2023;12:40:00;175995,05;176079,33;175949,67;176020,98;6065441267,00;172297
WINFUT;27/12/2023;12:30:00;176008,02;176059,88;175969,12;175995,05;5306359662,00;150735
WINFUT;27/12/2023;12:20:00;175794,08;176040,43;175774,63;176008,02;1,074367149E10;305312
WINFUT;27/12/2023;12:10:00;175800,56;175852,42;175690,35;175800,56;8481185467,00;241244
WINFUT;27/12/2023;12:00:00;175593,10;175826,49;175580,14;175800,56;9132645847,00;259857
WINFUT;27/12/2023;11:50:00;175612,55;175755,18;175593,10;175599,59;1,076585779E10;306406
WINFUT;27/12/2023;11:40:00;175366,20;175612,55;175327,30;175612,55;1,060410761E10;302112
WINFUT;27/12/2023;11:30:00;175392,13;175521,79;175307,85;175372,68;1,243803463E10;354555
WINFUT;27/12/2023;11:20:00;175580,14;175638,48;175385,64;175398,61;8866670091,00;252593
WINFUT;27/12/2023;11:10:00;175482,89;175716,28;175456,96;175586,62;1,531404827E10;436055
WINFUT;27/12/2023;11:00:00;175424,54;175489,37;175281,92;175482,89;1,142940637E10;325823
WINFUT;27/12/2023;10:50:00;175469,92;175508,82;175411,58;175424,54;7285977901,00;207625
WINFUT;27/12/2023;10:40:00;175268,95;175489,37;175249,50;175463,44;9039870125,00;257719
WINFUT;27/12/2023;10:30:00;175268,95;175372,68;175210,60;175268,95;7103547278,00;202610
WINFUT;27/12/2023;10:20:00;175281,92;175346,75;175191,15;175268,95;6437645930,00;183649
WINFUT;27/12/2023;10:10:00;175197,64;175346,75;175158,74;175275,43;1,122397907E10;320193
WINFUT;27/12/2023;10:00:00;175230,05;175243,02;175132,81;175197,64;8222675490,00;234687
WINFUT;27/12/2023;09:50:00;175281,92;175294,88;175197,64;175230,05;5022129483,00;143298
WINFUT;27/12/2023;09:40:00;175443,99;175450,48;175243,02;175281,92;6533611908,00;186319
WINFUT;27/12/2023;09:30:00;175489,37;175502,34;175398,61;175443,99;4480443221,00;127690
WINFUT;27/12/2023;09:20:00;175521,79;175547,72;175437,51;175489,37;4648198905,00;132438
WINFUT;27/12/2023;09:10:00;175573,65;175625,52;175489,37;175521,79;6487380661,00;184771
WINFUT;27/12/2023;09:00:00;175560,69;175891,32;175554,20;175567,17;1,105752175E10;314601
WINFUT;26/12/2023;18:20:00;175703,31;175709,80;175632,00;175664,42;1239878301,00;35291
WINFUT;26/12/2023;18:10:00;175528,27;175755,18;175515,31;175703,31;3899133838,00;110997
WINFUT;26/12/2023;18:00:00;175554,20;175573,65;175502,34;175521,79;1978605139,00;56360
WINFUT;26/12/2023;17:50:00;175521,79;175580,14;175469,92;175547,72;3454743589,00;98411
WINFUT;26/12/2023;17:40:00;175528,27;175573,65;175482,89;175528,27;3218265252,00;91672
WINFUT;26/12/2023;17:30:00;175580,14;175606,07;175495,86;175521,79;4184249172,00;119173
WINFUT;26/12/2023;17:20:00;175456,96;175599,59;175443,99;175573,65;4667261757,00;132943
WINFUT;26/12/2023;17:10:00;175495,86;175534,75;175431,03;175456,96;3890218673,00;110845
WINFUT;26/12/2023;17:00:00;175424,54;175515,31;175307,85;175495,86;6979264093,00;198944
WINFUT;26/12/2023;16:50:00;175372,68;175463,44;175327,30;175424,54;4738475951,00;135073
WINFUT;26/12/2023;16:40:00;175301,37;175385,64;175262,47;175372,68;4797380848,00;136821
WINFUT;26/12/2023;16:30:00;175210,60;175327,30;175197,64;175301,37;5502242525,00;156976
WINFUT;26/12/2023;16:20:00;175411,58;175418,06;175210,60;175217,09;7200917398,00;205392
WINFUT;26/12/2023;16:10:00;175450,48;175482,89;175398,61;175418,06;3772701208,00;107517
WINFUT;26/12/2023;16:00:00;175346,75;175450,48;175320,81;175450,48;4312005142,00;122919
WINFUT;26/12/2023;15:50:00;175450,48;175476,41;175314,33;175353,23;4494332533,00;128127
WINFUT;26/12/2023;15:40:00;175463,44;175502,34;175437,51;175450,48;2781497286,00;79260
WINFUT;26/12/2023;15:30:00;175424,54;175482,89;175398,61;175463,44;3333912582,00;95013
WINFUT;26/12/2023;15:20:00;175340,26;175476,41;175327,30;175424,54;4967572697,00;141594
WINFUT;26/12/2023;15:10:00;175495,86;175508,82;175327,30;175346,75;6006563950,00;171215
WINFUT;26/12/2023;15:00:00;175379,16;175534,75;175379,16;175489,37;5019632477,00;143030
WINFUT;26/12/2023;14:50:00;175541,24;175547,72;175359,71;175379,16;5783032772,00;164811
WINFUT;26/12/2023;14:40:00;175534,75;175573,65;175508,82;175541,24;2620101339,00;74628
WINFUT;26/12/2023;14:30:00;175560,69;175586,62;175482,89;175528,27;3745444470,00;106691
WINFUT;26/12/2023;14:20:00;175638,48;175644,97;175521,79;175554,20;3770006633,00;107357
WINFUT;26/12/2023;14:10:00;175521,79;175690,35;175521,79;175632,00;7455427056,00;212263
WINFUT;26/12/2023;14:00:00;175528,27;175541,24;175482,89;175521,79;2184063692,00;62219
WINFUT;26/12/2023;13:50:00;175469,92;175534,75;175469,92;175534,75;1989312569,00;56676
WINFUT;26/12/2023;13:40:00;175482,89;175502,34;175463,44;175476,41;1740411080,00;49589
WINFUT;26/12/2023;13:30:00;175482,89;175521,79;175398,61;175482,89;3809502579,00;108556
WINFUT;26/12/2023;13:20:00;175476,41;175502,34;175437,51;175482,89;2699847636,00;76933
WINFUT;26/12/2023;13:10:00;175508,82;175560,69;175469,92;175476,41;2775553867,00;79069
WINFUT;26/12/2023;13:00:00;175489,37;175521,79;175456,96;175508,82;2045460765,00;58280
WINFUT;26/12/2023;12:50:00;175508,82;175528,27;175450,48;175495,86;2586759193,00;73701
WINFUT;26/12/2023;12:40:00;175534,75;175586,62;175456,96;175502,34;3416324907,00;97324
WINFUT;26/12/2023;12:30:00;175463,44;175586,62;175456,96;175534,75;4372310365,00;124555
WINFUT;26/12/2023;12:20:00;175482,89;175515,31;175424,54;175469,92;4369075484,00;124498
WINFUT;26/12/2023;12:10:00;175482,89;175638,48;175456,96;175482,89;6562073283,00;186907
WINFUT;26/12/2023;12:00:00;175353,23;175554,20;175307,85;175482,89;9114868664,00;259736
WINFUT;26/12/2023;11:50:00;175035,56;175385,64;174996,66;175359,71;9398354474,00;268192
WINFUT;26/12/2023;11:40:00;175230,05;175314,33;175009,63;175035,56;9662312181,00;275794
WINFUT;26/12/2023;11:30:00;175119,84;175249,50;174977,21;175223,57;1,220892823E10;348620
WINFUT;26/12/2023;11:20:00;175145,77;175255,98;175087,43;175113,36;5812846995,00;165928
WINFUT;26/12/2023;11:10:00;175119,84;175210,60;175080,94;175145,77;4950432636,00;141325
WINFUT;26/12/2023;11:00:00;175353,23;175372,68;175100,39;175126,32;7558025168,00;215694
WINFUT;26/12/2023;10:50:00;175152,26;175456,96;175132,81;175346,75;9115768439,00;259971
WINFUT;26/12/2023;10:40:00;175067,98;175191,15;175042,04;175152,26;5500804967,00;157061
WINFUT;26/12/2023;10:30:00;175288,40;175353,23;175042,04;175061,49;7732471969,00;220680
WINFUT;26/12/2023;10:20:00;175139,29;175366,20;175106,87;175288,40;1,047152785E10;298778
WINFUT;26/12/2023;10:10:00;174867,00;175145,77;174867,00;175139,29;1,153107426E10;329390
WINFUT;26/12/2023;10:00:00;174931,83;174977,21;174841,07;174867,00;5034964518,00;143938
WINFUT;26/12/2023;09:50:00;174828,10;174964,25;174821,62;174931,83;4674777606,00;133643
WINFUT;26/12/2023;09:40:00;174743,82;174860,52;174691,96;174834,59;5226136317,00;149496
WINFUT;26/12/2023;09:30:00;174698,44;174828,10;174659,54;174737,34;4909491008,00;140477
WINFUT;26/12/2023;09:20:00;174575,26;174724,37;174562,30;174691,96;5120212822,00;146583
WINFUT;26/12/2023;09:10:00;174594,71;174640,10;174549,33;174575,26;2680850226,00;76772
WINFUT;26/12/2023;09:00:00;174730,86;174756,79;174419,67;174594,71;8142794278,00;233163
WINFUT;22/12/2023;18:20:00;174640,10;174653,06;174387,26;174387,26;1011577551,00;28981
WINFUT;22/12/2023;18:10:00;174536,37;174685,48;174490,99;174646,58;2897029121,00;82972
WINFUT;22/12/2023;18:00:00;174406,71;174575,26;174400,22;174529,88;3322595568,00;95207
WINFUT;22/12/2023;17:50:00;174238,15;174445,60;174212,21;174400,22;4313574020,00;123699
WINFUT;22/12/2023;17:40:00;174251,11;174341,88;174212,21;174238,15;3891406929,00;111647
WINFUT;22/12/2023;17:30:00;174380,77;174380,77;174225,18;174251,11;4964986367,00;142428
WINFUT;22/12/2023;17:20:00;174413,19;174503,95;174341,88;174380,77;5218442466,00;149588
WINFUT;22/12/2023;17:10:00;174458,57;174523,40;174400,22;174419,67;4037646112,00;115714
WINFUT;22/12/2023;17:00:00;174568,78;174620,65;174458,57;174465,05;4755856110,00;136236
WINFUT;22/12/2023;16:50:00;174536,37;174627,13;174465,05;174562,30;5212763081,00;149314
WINFUT;22/12/2023;16:40:00;174367,81;174542,85;174354,84;174529,88;6732044019,00;192923
WINFUT;22/12/2023;16:30:00;174205,73;174400,22;174108,49;174374,29;8917036963,00;255867
WINFUT;22/12/2023;16:20:00;174393,74;174458,57;174147,38;174205,73;9464365031,00;271557
WINFUT;22/12/2023;16:10:00;174419,67;174458,57;174270,56;174393,74;7458368614,00;213859
WINFUT;22/12/2023;16:00:00;174542,85;174555,82;174328,91;174419,67;9736541523,00;279066
WINFUT;22/12/2023;15:50:00;174516,92;174588,23;174471,54;174549,33;3799545033,00;108846
WINFUT;22/12/2023;15:40:00;174555,82;174568,78;174452,09;174516,92;6032616470,00;172845
WINFUT;22/12/2023;15:30:00;174568,78;174633,61;174536,37;174562,30;3689331312,00;105660
WINFUT;22/12/2023;15:20:00;174588,23;174633,61;174536,37;174562,30;4423034726,00;126670
WINFUT;22/12/2023;15:10:00;174691,96;174711,41;174555,82;174588,23;5586532201,00;159955
WINFUT;22/12/2023;15:00:00;174899,42;174899,42;174678,99;174691,96;6607841976,00;189061
WINFUT;22/12/2023;14:50:00;174860,52;174925,35;174808,65;174905,90;4923290452,00;140772
WINFUT;22/12/2023;14:40:00;174802,17;174938,32;174789,21;174860,52;5695633314,00;162858
WINFUT;22/12/2023;14:30:00;174834,59;174879,97;174717,89;174802,17;5423316509,00;155142
WINFUT;22/12/2023;14:20:00;174756,79;174892,93;174743,82;174834,59;6901328771,00;197371
WINFUT;22/12/2023;14:10:00;174607,68;174789,21;174542,85;174750,31;6962146969,00;199278
WINFUT;22/12/2023;14:00:00;174588,23;174737,34;174575,26;174614,16;7349147998,00;210384
WINFUT;22/12/2023;13:50:00;174445,60;174607,68;174439,12;174588,23;5418574158,00;155227
WINFUT;22/12/2023;13:40:00;174575,26;174588,23;174419,67;174452,09;5596990699,00;160365
WINFUT;22/12/2023;13:30:00;174633,61;174756,79;174536,37;174581,75;7348154946,00;210378
WINFUT;22/12/2023;13:20:00;174549,33;174666,03;174484,50;174633,61;6731421108,00;192784
WINFUT;22/12/2023;13:10:00;174244,63;174601,20;174244,63;174555,82;1,072311882E10;307322
WINFUT;22/12/2023;13:00:00;174199,25;174296,49;174121,45;174251,11;6097469795,00;174991
WINFUT;22/12/2023;12:50:00;174270,56;174309,46;174108,49;174192,77;5704748355,00;163734
WINFUT;22/12/2023;12:40:00;174296,49;174367,81;174212,21;174264,08;6818834954,00;195611
WINFUT;22/12/2023;12:30:00;174179,80;174309,46;174140,90;174296,49;7212880410,00;206983
WINFUT;22/12/2023;12:20:00;174127,94;174290,01;174063,10;174173,32;9141726740,00;262424
WINFUT;22/12/2023;12:10:00;174024,21;174277,05;173946,41;174134,42;1,309196472E10;375898
WINFUT;22/12/2023;12:00:00;173719,50;174127,94;173628,74;174024,21;1,414343061E10;406682
WINFUT;22/12/2023;11:50:00;173881,58;173933,44;173667,64;173719,50;1,184946634E10;340898
WINFUT;22/12/2023;11:40:00;174108,49;174212,21;173881,58;173881,58;1,103916426E10;317126
WINFUT;22/12/2023;11:30:00;173803,78;174186,28;173784,33;174102,00;1,549937272E10;445354
WINFUT;22/12/2023;11:20:00;173946,41;173972,34;173771,37;173810,27;7739004650,00;222553
WINFUT;22/12/2023;11:10:00;174050,14;174089,04;173901,03;173946,41;8020096569,00;230474
WINFUT;22/12/2023;11:00:00;174102,00;174153,87;173933,44;174050,14;9153519988,00;262984
WINFUT;22/12/2023;10:50:00;173849,16;174179,80;173797,30;174108,49;1,354867886E10;389216
WINFUT;22/12/2023;10:40:00;174114,97;174114,97;173816,75;173849,16;1,120159086E10;321980
WINFUT;22/12/2023;10:30:00;174173,32;174367,81;173978,83;174108,49;1,938361811E10;556417
WINFUT;22/12/2023;10:20:00;174108,49;174387,26;174011,24;174166,83;1,59821659E10;458719
WINFUT;22/12/2023;10:10:00;174160,35;174264,08;174011,24;174102,00;1,157375579E10;332344
WINFUT;22/12/2023;10:00:00;174192,77;174290,01;174095,52;174166,83;9853563083,00;282811
WINFUT;22/12/2023;09:50:00;174121,45;174212,21;174114,97;174186,28;4937440055,00;141733
WINFUT;22/12/2023;09:40:00;174102,00;174140,90;174030,69;174114,97;3523002984,00;101183
WINFUT;22/12/2023;09:30:00;174069,59;174147,38;174050,14;174095,52;4324189562,00;124181
WINFUT;22/12/2023;09:20:00;174037,17;174114,97;174017,72;174063,10;4626318367,00;132885
WINFUT;22/12/2023;09:10:00;173907,51;174089,04;173894,55;174037,17;6268714642,00;180146
WINFUT;22/12/2023;09:00:00;173875,10;173991,79;173777,85;173907,51;9424941650,00;271008
WINFUT;21/12/2023;18:20:00;173952,89;174056,62;173920,48;174056,62;1183365667,00;34007
WINFUT;21/12/2023;18:10:00;173907,51;173998,27;173849,16;173952,89;2824816974,00;81214
WINFUT;21/12/2023;18:00:00;173790,82;173920,48;173784,33;173901,03;2787935177,00;80177
WINFUT;21/12/2023;17:50:00;173719,50;173849,16;173635,22;173790,82;4887550606,00;140654
WINFUT;21/12/2023;17:40:00;173648,19;173816,75;173635,22;173713,02;5410209604,00;155711
WINFUT;21/12/2023;17:30:00;173641,71;173719,50;173576,88;173641,71;4780374635,00;137646
WINFUT;21/12/2023;17:20:00;173537,98;173654,67;173460,18;173641,71;5724215047,00;164913
WINFUT;21/12/2023;17:10:00;173362,94;173557,43;173343,49;173537,98;5482438336,00;158047
WINFUT;21/12/2023;17:00:00;173324,04;173395,35;173220,31;173356,45;6012059929,00;173454
WINFUT;21/12/2023;16:50:00;173252,73;173337,00;173103,62;173330,52;6340658522,00;183040
WINFUT;21/12/2023;16:40:00;173395,35;173421,28;173194,38;173252,73;5062805608,00;146059
WINFUT;21/12/2023;16:30:00;173349,97;173570,39;173330,52;173395,35;8792163200,00;253453
WINFUT;21/12/2023;16:20:00;173356,45;173401,83;173226,79;173349,97;4540635791,00;130992
WINFUT;21/12/2023;16:10:00;173272,17;173408,32;173174,93;173356,45;7522091726,00;217035
WINFUT;21/12/2023;16:00:00;173324,04;173427,77;173246,24;173272,17;6488109784,00;187161
WINFUT;21/12/2023;15:50:00;173220,31;173349,97;173103,62;173324,04;7006477230,00;202224
WINFUT;21/12/2023;15:40:00;173252,73;173298,11;173174,93;173220,31;5406073217,00;156031
WINFUT;21/12/2023;15:30:00;173278,66;173375,90;173246,24;173246,24;5930830430,00;171104
WINFUT;21/12/2023;15:20:00;172896,16;173349,97;172876,71;173285,14;1,228917764E10;354818
WINFUT;21/12/2023;15:10:00;173259,21;173317,56;172863,74;172896,16;1,045573488E10;302030
WINFUT;21/12/2023;15:00:00;173200,86;173388,87;173149,00;173259,21;8305401479,00;239659
WINFUT;21/12/2023;14:50:00;173278,66;173324,04;173084,17;173207,34;8272758369,00;238846
WINFUT;21/12/2023;14:40:00;173291,62;173427,77;173226,79;173278,66;7673259211,00;221347
WINFUT;21/12/2023;14:30:00;173375,90;173518,53;173187,89;173291,62;1,176979058E10;339509
WINFUT;21/12/2023;14:20:00;173434,25;173486,11;173246,24;173375,90;8238031183,00;237603
WINFUT;21/12/2023;14:10:00;173492,60;173583,36;173421,28;173440,73;7002636914,00;201790
WINFUT;21/12/2023;14:00:00;173434,25;173589,84;173330,52;173492,60;1,099510612E10;316957
WINFUT;21/12/2023;13:50:00;173706,54;173719,50;173414,80;173440,73;7871177250,00;226796
WINFUT;21/12/2023;13:40:00;173719,50;173764,89;173615,78;173713,02;4909422818,00;141327
WINFUT;21/12/2023;13:30:00;173758,40;173803,78;173596,33;173719,50;7139577888,00;205510
WINFUT;21/12/2023;13:20:00;173751,92;173875,10;173674,12;173764,89;8029844835,00;231054
WINFUT;21/12/2023;13:10:00;173447,22;173790,82;173440,73;173751,92;1,159490185E10;333838
WINFUT;21/12/2023;13:00:00;173492,60;173615,78;173362,94;173447,22;8667993204,00;249815
WINFUT;21/12/2023;12:50:00;173317,56;173550,94;173233,28;173499,08;7246324812,00;208962
WINFUT;21/12/2023;12:40:00;173304,59;173414,80;173239,76;173311,07;6837196213,00;197223
WINFUT;21/12/2023;12:30:00;173272,17;173466,67;173272,17;173298,11;8646650825,00;249355
WINFUT;21/12/2023;12:20:00;173311,07;173563,91;173239,76;173272,17;1,210350084E10;349029
WINFUT;21/12/2023;12:10:00;173038,78;173401,83;173038,78;173304,59;1,145240214E10;330481
WINFUT;21/12/2023;12:00:00;173298,11;173349,97;172986,92;173038,78;1,332175564E10;384710
WINFUT;21/12/2023;11:50:00;173602,81;173615,78;173226,79;173291,62;1,112395854E10;320751
WINFUT;21/12/2023;11:40:00;173842,68;173868,61;173492,60;173596,33;1,458580409E10;419886
WINFUT;21/12/2023;11:30:00;173447,22;173985,31;173447,22;173842,68;2,128715164E10;612610
WINFUT;21/12/2023;11:20:00;173194,38;173453,70;173155,48;173447,22;1,117688964E10;322490
WINFUT;21/12/2023;11:10:00;173239,76;173272,17;173071,20;173187,89;8714200417,00;251609
WINFUT;21/12/2023;11:00:00;173388,87;173466,67;173058,23;173239,76;1,294400222E10;373582
WINFUT;21/12/2023;10:50:00;173265,69;173434,25;173168,45;173395,35;8220655266,00;237183
WINFUT;21/12/2023;10:40:00;173537,98;173648,19;173136,03;173265,69;1,797067088E10;518302
WINFUT;21/12/2023;10:30:00;173207,34;173674,12;173038,78;173537,98;2,300539293E10;663058
WINFUT;21/12/2023;10:20:00;173265,69;173349,97;173136,03;173207,34;8261276145,00;238427
WINFUT;21/12/2023;10:10:00;173226,79;173369,42;173110,10;173272,17;1,310291408E10;378203
WINFUT;21/12/2023;10:00:00;173330,52;173395,35;173174,93;173226,79;1,156768558E10;333733
WINFUT;21/12/2023;09:50:00;173304,59;173330,52;173259,21;173324,04;3260793251,00;94083
WINFUT;21/12/2023;09:40:00;173317,56;173349,97;173265,69;173304,59;3840058948,00;110788
WINFUT;21/12/2023;09:30:00;173304,59;173356,45;173291,62;173317,56;3212929822,00;92688
WINFUT;21/12/2023;09:20:00;173220,31;173343,49;173168,45;173298,11;6144480032,00;177334
WINFUT;21/12/2023;09:10:00;173058,23;173259,21;173051,75;173220,31;7056199651,00;203742
WINFUT;21/12/2023;09:00:00;172935,06;173097,13;172798,91;173058,23;8911381713,00;257571
WINFUT;20/12/2023;18:20:00;171982,05;172098,74;171943,15;172098,74;1454257589,00;42270
WINFUT;20/12/2023;18:10:00;171975,57;172027,43;171897,77;171982,05;3648731390,00;106090
WINFUT;20/12/2023;18:00:00;172066,33;172150,61;171897,77;171982,05;6374651417,00;185286
WINFUT;20/12/2023;17:50:00;172312,68;172416,41;172027,43;172066,33;8334887801,00;241938
WINFUT;20/12/2023;17:40:00;172384,00;172442,35;172157,09;172306,20;6967557092,00;202207
WINFUT;20/12/2023;17:30:00;172118,19;172487,73;172105,23;172377,51;9308089674,00;270096
WINFUT;20/12/2023;17:20:00;172429,38;172435,86;172027,43;172105,23;1,126008754E10;326883
WINFUT;20/12/2023;17:10:00;172001,50;172539,59;171995,02;172429,38;1,492360379E10;433216
WINFUT;20/12/2023;17:00:00;172377,51;172429,38;171839,42;172007,98;1,644836145E10;477955
WINFUT;20/12/2023;16:50:00;172487,73;172513,66;172085,78;172371,03;1,839327299E10;533710
WINFUT;20/12/2023;16:40:00;172909,12;172948,02;172384,00;172487,73;1,718477965E10;497538
WINFUT;20/12/2023;16:30:00;173259,21;173272,17;172844,29;172909,12;1,124027223E10;324724
WINFUT;20/12/2023;16:20:00;173369,42;173382,39;173187,89;173259,21;7206160037,00;207944
WINFUT;20/12/2023;16:10:00;173226,79;173414,80;173213,83;173375,90;6074898048,00;175241
WINFUT;20/12/2023;16:00:00;173272,17;173317,56;173181,41;173226,79;7370517894,00;212714
WINFUT;20/12/2023;15:50:00;173375,90;173447,22;173239,76;173272,17;6451679724,00;186106
WINFUT;20/12/2023;15:40:00;173466,67;173518,53;173330,52;173369,42;5329537051,00;153669
WINFUT;20/12/2023;15:30:00;173492,60;173563,91;173395,35;173460,18;5974753634,00;172205
WINFUT;20/12/2023;15:20:00;173512,05;173531,50;173356,45;173492,60;6476769482,00;186721
WINFUT;20/12/2023;15:10:00;173492,60;173576,88;173466,67;173505,56;3756934239,00;108256
WINFUT;20/12/2023;15:00:00;173622,26;173680,61;173447,22;173486,11;7422341398,00;213871
WINFUT;20/12/2023;14:50:00;173440,73;173667,64;173395,35;173615,78;1,025364753E10;295393
WINFUT;20/12/2023;14:40:00;173187,89;173466,67;173168,45;173440,73;7714747598,00;222550
WINFUT;20/12/2023;14:30:00;173324,04;173427,77;173103,62;173187,89;9241591292,00;266740
WINFUT;20/12/2023;14:20:00;173304,59;173440,73;173259,21;173324,04;6825576026,00;196878
WINFUT;20/12/2023;14:10:00;173460,18;173466,67;173265,69;173304,59;5548672081,00;160022
WINFUT;20/12/2023;14:00:00;173349,97;173460,18;173272,17;173453,70;6247187459,00;180156
WINFUT;20/12/2023;13:50:00;173213,83;173473,15;173174,93;173349,97;9143950015,00;263755
WINFUT;20/12/2023;13:40:00;173434,25;173479,63;173207,34;173220,31;8309209469,00;239681
WINFUT;20/12/2023;13:30:00;173330,52;173447,22;173246,24;173434,25;5738489021,00;165501
WINFUT;20/12/2023;13:20:00;173265,69;173369,42;173239,76;173330,52;4628030516,00;133524
WINFUT;20/12/2023;13:10:00;173362,94;173557,43;173265,69;173265,69;1,085471532E10;312998
WINFUT;20/12/2023;13:00:00;173097,13;173382,39;173012,85;173362,94;1,033089828E10;298250
WINFUT;20/12/2023;12:50:00;173142,51;173187,89;173064,72;173097,13;5228702753,00;151015
WINFUT;20/12/2023;12:40:00;173077,68;173155,48;172993,40;173149,00;5794439964,00;167394
WINFUT;20/12/2023;12:30:00;172999,89;173129,55;172973,95;173071,20;7491003634,00;216424
WINFUT;20/12/2023;12:20:00;172999,89;173045,27;172909,12;172999,89;6248507053,00;180614
WINFUT;20/12/2023;12:10:00;173161,96;173168,45;172915,61;172999,89;1,041569342E10;300988
WINFUT;20/12/2023;12:00:00;173155,48;173246,24;173012,85;173161,96;1,100652101E10;317855
WINFUT;20/12/2023;11:50:00;173252,73;173324,04;172973,95;173161,96;1,301887465E10;375965
WINFUT;20/12/2023;11:40:00;173434,25;173466,67;173239,76;173259,21;1,087977193E10;313808
WINFUT;20/12/2023;11:30:00;173356,45;173550,94;173246,24;173427,77;1,491729704E10;430108
WINFUT;20/12/2023;11:20:00;173576,88;173615,78;173291,62;173362,94;1,077898734E10;310730
WINFUT;20/12/2023;11:10:00;173829,72;173875,10;173525,01;173576,88;1,345944783E10;387523
WINFUT;20/12/2023;11:00:00;174108,49;174127,94;173797,30;173823,23;1,248634953E10;358965
WINFUT;20/12/2023;10:50:00;174037,17;174166,83;173965,86;174102,00;9426118476,00;270766
WINFUT;20/12/2023;10:40:00;173907,51;174102,00;173803,78;174037,17;1,505192503E10;432643
WINFUT;20/12/2023;10:30:00;173706,54;173933,44;173674,12;173907,51;1,5634011E10;449706
WINFUT;20/12/2023;10:20:00;173291,62;173790,82;173278,66;173706,54;1,868796977E10;538388
WINFUT;20/12/2023;10:10:00;173291,62;173447,22;173187,89;173298,11;1,192617411E10;344077
WINFUT;20/12/2023;10:00:00;173317,56;173427,77;173220,31;173285,14;1,061094303E10;306119
WINFUT;20/12/2023;09:50:00;173434,25;173492,60;173311,07;173311,07;5568369630,00;160567
WINFUT;20/12/2023;09:40:00;173466,67;173479,63;173369,42;173434,25;5351473653,00;154292
WINFUT;20/12/2023;09:30:00;173401,83;173479,63;173330,52;173466,67;5471907344,00;157779
WINFUT;20/12/2023;09:20:00;173473,15;173537,98;173382,39;173408,32;6377081550,00;183806
WINFUT;20/12/2023;09:10:00;173291,62;173473,15;173272,17;173473,15;5754222916,00;165949
WINFUT;20/12/2023;09:00:00;173239,76;173622,26;173149,00;173291,62;1,311209678E10;378061
WINFUT;19/12/2023;18:20:00;173738,95;173758,40;173661,16;173732,47;1198884253,00;34506
WINFUT;19/12/2023;18:10:00;173661,16;173771,37;173596,33;173738,95;3444733160,00;99160
WINFUT;19/12/2023;18:00:00;173654,67;173719,50;173550,94;173661,16;4358394359,00;125491
WINFUT;19/12/2023;17:50:00;173492,60;173680,61;173486,11;173661,16;4791076628,00;137991
WINFUT;19/12/2023;17:40:00;173453,70;173583,36;173447,22;173499,08;4801904167,00;138365
WINFUT;19/12/2023;17:30:00;173492,60;173537,98;173434,25;173447,22;3278565534,00;94493
WINFUT;19/12/2023;17:20:00;173447,22;173518,53;173401,83;173486,11;4803995946,00;138478
WINFUT;19/12/2023;17:10:00;173395,35;173492,60;173369,42;173440,73;3768486593,00;108642
WINFUT;19/12/2023;17:00:00;173466,67;173544,46;173362,94;173395,35;5791232732,00;166922
WINFUT;19/12/2023;16:50:00;173473,15;173544,46;173414,80;173460,18;5959764583,00;171780
WINFUT;19/12/2023;16:40:00;173661,16;173680,61;173466,67;173479,63;7219410640,00;207983
WINFUT;19/12/2023;16:30:00;173596,33;173764,89;173589,84;173661,16;7155425157,00;205985
WINFUT;19/12/2023;16:20:00;173589,84;173641,71;173492,60;173589,84;7113508578,00;204910
WINFUT;19/12/2023;16:10:00;173375,90;173589,84;173369,42;173589,84;8554879281,00;246524
WINFUT;19/12/2023;16:00:00;173401,83;173486,11;173304,59;173375,90;6729503655,00;194044
WINFUT;19/12/2023;15:50:00;173343,49;173421,28;173272,17;173395,35;6026217612,00;173812
WINFUT;19/12/2023;15:40:00;173499,08;173505,56;173233,28;173343,49;9043333762,00;260808
WINFUT;19/12/2023;15:30:00;172857,26;173771,37;172824,84;173492,60;3,175052142E10;915620
WINFUT;19/12/2023;15:20:00;172779,46;172889,67;172747,05;172857,26;5753320623,00;166451
WINFUT;19/12/2023;15:10:00;172831,33;172857,26;172734,08;172772,98;9037233556,00;261513
WINFUT;19/12/2023;15:00:00;173058,23;173071,20;172811,88;172831,33;9656007753,00;279214
WINFUT;19/12/2023;14:50:00;172980,44;173071,20;172980,44;173064,72;4824911546,00;139430
WINFUT;19/12/2023;14:40:00;173071,20;173110,10;172935,06;172980,44;5876872664,00;169838
WINFUT;19/12/2023;14:30:00;172941,54;173110,10;172922,09;173071,20;7940810920,00;229443
WINFUT;19/12/2023;14:20:00;172954,51;172993,40;172896,16;172941,54;3908414741,00;113001
WINFUT;19/12/2023;14:10:00;172948,02;173019,34;172863,74;172960,99;8701141202,00;251568
WINFUT;19/12/2023;14:00:00;172980,44;173012,85;172915,61;172941,54;5875856311,00;169853
WINFUT;19/12/2023;13:50:00;173006,37;173051,75;172889,67;172986,92;1,031734956E10;298228
WINFUT;19/12/2023;13:40:00;173226,79;173252,73;172993,40;173006,37;8200553126,00;236828
WINFUT;19/12/2023;13:30:00;173213,83;173356,45;173149,00;173233,28;9968677333,00;287700
WINFUT;19/12/2023;13:20:00;173304,59;173337,00;173181,41;173220,31;7925523031,00;228737
WINFUT;19/12/2023;13:10:00;173414,80;173499,08;173291,62;173304,59;7460769777,00;215144
WINFUT;19/12/2023;13:00:00;173518,53;173518,53;173330,52;173408,32;7888221054,00;227458
WINFUT;19/12/2023;12:50:00;173499,08;173589,84;173440,73;173512,05;7904736906,00;227768
WINFUT;19/12/2023;12:40:00;173369,42;173505,56;173343,49;173492,60;7608089730,00;219343
WINFUT;19/12/2023;12:30:00;173388,87;173414,80;173252,73;173369,42;1,009315321E10;291150
WINFUT;19/12/2023;12:20:00;173369,42;173505,56;173324,04;173388,87;9299031784,00;268091
WINFUT;19/12/2023;12:10:00;173434,25;173473,15;173311,07;173369,42;1,208574979E10;348540
WINFUT;19/12/2023;12:00:00;173648,19;173687,09;173408,32;173434,25;1,091377786E10;314405
WINFUT;19/12/2023;11:50:00;173648,19;173803,78;173622,26;173654,67;1,170243649E10;336812
WINFUT;19/12/2023;11:40:00;173544,46;173693,57;173486,11;173648,19;1,199347643E10;345416
WINFUT;19/12/2023;11:30:00;173460,18;173596,33;173414,80;173544,46;1,080375252E10;311309
WINFUT;19/12/2023;11:20:00;173505,56;173596,33;173434,25;173466,67;5864854015,00;169012
WINFUT;19/12/2023;11:10:00;173492,60;173583,36;173447,22;173505,56;5422028594,00;156235
WINFUT;19/12/2023;11:00:00;173596,33;173609,29;173447,22;173492,60;6001121569,00;172921
WINFUT;19/12/2023;10:50:00;173473,15;173602,81;173473,15;173596,33;4938237071,00;142279
WINFUT;19/12/2023;10:40:00;173537,98;173550,94;173427,77;173479,63;5153655449,00;148537
WINFUT;19/12/2023;10:30:00;173531,50;173648,19;173408,32;173537,98;1,002021684E10;288734
WINFUT;19/12/2023;10:20:00;173505,56;173570,39;173395,35;173525,01;8324175998,00;239915
WINFUT;19/12/2023;10:10:00;173343,49;173713,02;173278,66;173505,56;1,830064317E10;527332
WINFUT;19/12/2023;10:00:00;173116,58;173356,45;173103,62;173343,49;1,40069738E10;404256
WINFUT;19/12/2023;09:50:00;173051,75;173174,93;173019,34;173116,58;6949010795,00;200727
WINFUT;19/12/2023;09:40:00;172824,84;173071,20;172779,46;173051,75;9994541267,00;288926
WINFUT;19/12/2023;09:30:00;172792,43;172837,81;172734,08;172824,84;4349609974,00;125866
WINFUT;19/12/2023;09:20:00;172708,15;172850,78;172649,80;172792,43;8168263900,00;236403
WINFUT;19/12/2023;09:10:00;172597,94;172727,60;172461,79;172701,67;7765691521,00;224977
WINFUT;19/12/2023;09:00:00;172643,32;172805,40;172487,73;172597,94;9999148174,00;289611
WINFUT;18/12/2023;18:20:00;172708,15;172740,57;172597,94;172597,94;1167266322,00;33804
WINFUT;18/12/2023;18:10:00;172688,70;172798,91;172617,39;172701,67;3553410615,00;102876
WINFUT;18/12/2023;18:00:00;172818,36;172824,84;172649,80;172688,70;3418807439,00;98966
WINFUT;18/12/2023;17:50:00;172766,50;172863,74;172714,63;172818,36;4130669072,00;119527
WINFUT;18/12/2023;17:40:00;172688,70;172766,50;172636,84;172766,50;4845545427,00;140290
WINFUT;18/12/2023;17:30:00;172805,40;172805,40;172656,29;172682,22;5068517274,00;146725
WINFUT;18/12/2023;17:20:00;172747,05;172857,26;172740,57;172805,40;4051881145,00;117244
WINFUT;18/12/2023;17:10:00;172785,95;172876,71;172740,57;172747,05;5182749961,00;149962
WINFUT;18/12/2023;17:00:00;172870,23;172870,23;172760,01;172779,46;4445651608,00;128626
WINFUT;18/12/2023;16:50:00;172850,78;172973,95;172779,46;172870,23;7454602350,00;215593
WINFUT;18/12/2023;16:40:00;172973,95;172973,95;172766,50;172844,29;6960773798,00;201346
WINFUT;18/12/2023;16:30:00;172948,02;173006,37;172909,12;172973,95;3535539507,00;102206
WINFUT;18/12/2023;16:20:00;172922,09;173090,65;172915,61;172948,02;6002978824,00;173491
WINFUT;18/12/2023;16:10:00;172915,61;172973,95;172896,16;172928,57;2532995522,00;73234
WINFUT;18/12/2023;16:00:00;172986,92;173025,82;172876,71;172909,12;4743115698,00;137126
WINFUT;18/12/2023;15:50:00;172922,09;173006,37;172889,67;172986,92;3091623308,00;89377
WINFUT;18/12/2023;15:40:00;172902,64;172980,44;172876,71;172915,61;4652708333,00;134524
WINFUT;18/12/2023;15:30:00;172986,92;173012,85;172870,23;172902,64;6278101392,00;181526
WINFUT;18/12/2023;15:20:00;172876,71;173064,72;172876,71;172980,44;6639693976,00;191912
WINFUT;18/12/2023;15:10:00;172902,64;172941,54;172850,78;172883,19;3650931946,00;105587
WINFUT;18/12/2023;15:00:00;172980,44;172986,92;172850,78;172902,64;5334301512,00;154259
WINFUT;18/12/2023;14:50:00;173058,23;173084,17;172935,06;172986,92;6309585820,00;182356
WINFUT;18/12/2023;14:40:00;172980,44;173084,17;172948,02;173058,23;6889145355,00;199076
WINFUT;18/12/2023;14:30:00;172837,81;172999,89;172792,43;172980,44;9683392884,00;280005
WINFUT;18/12/2023;14:20:00;172824,84;172883,19;172760,01;172844,29;5152452265,00;149065
WINFUT;18/12/2023;14:10:00;172753,53;172857,26;172708,15;172831,33;5096333966,00;147478
WINFUT;18/12/2023;14:00:00;172565,52;172805,40;172565,52;172747,05;1,040449321E10;301238
WINFUT;18/12/2023;13:50:00;172539,59;172591,46;172494,21;172565,52;3866454692,00;112044
WINFUT;18/12/2023;13:40:00;172461,79;172578,49;172384,00;172546,07;6104708719,00;176956
WINFUT;18/12/2023;13:30:00;172474,76;172539,59;172403,45;172455,31;4763184920,00;138092
WINFUT;18/12/2023;13:20:00;172416,41;172500,69;172390,48;172474,76;3519918855,00;102056
WINFUT;18/12/2023;13:10:00;172487,73;172500,69;172364,55;172409,93;3796583339,00;110096
WINFUT;18/12/2023;13:00:00;172306,20;172500,69;172280,27;172481,24;6504230517,00;188638
WINFUT;18/12/2023;12:50:00;172377,51;172461,79;172228,40;172306,20;7056296550,00;204729
WINFUT;18/12/2023;12:40:00;172358,07;172403,45;172247,85;172377,51;6946938611,00;201562
WINFUT;18/12/2023;12:30:00;172345,10;172623,87;172280,27;172351,58;1,39590205E10;404733
WINFUT;18/12/2023;12:20:00;172228,40;172364,55;172105,23;172345,10;7357839034,00;213633
WINFUT;18/12/2023;12:10:00;172267,30;172390,48;172189,51;172234,89;7408988768,00;215029
WINFUT;18/12/2023;12:00:00;172202,47;172345,10;172144,13;172267,30;9038535541,00;262372
WINFUT;18/12/2023;11:50:00;172150,61;172273,79;172001,50;172202,47;1,26815566E10;368385
WINFUT;18/12/2023;11:40:00;172396,96;172429,38;172131,16;172150,61;1,343653884E10;389978
WINFUT;18/12/2023;11:30:00;172221,92;172409,93;171988,53;172403,45;2,036845761E10;591435
WINFUT;18/12/2023;11:20:00;172027,43;172286,75;171995,02;172234,89;1,018232426E10;295754
WINFUT;18/12/2023;11:10:00;171962,60;172046,88;171839,42;172033,91;9403547343,00;273455
WINFUT;18/12/2023;11:00:00;172195,99;172228,40;171904,25;171962,60;1,138446884E10;330858
WINFUT;18/12/2023;10:50:00;172254,34;172351,58;172150,61;172195,99;8696119403,00;252427
WINFUT;18/12/2023;10:40:00;172247,85;172312,68;172066,33;172254,34;1,08638688E10;315490
WINFUT;18/12/2023;10:30:00;172221,92;172403,45;172189,51;172241,37;1,098566077E10;318823
WINFUT;18/12/2023;10:20:00;172358,07;172455,31;172202,47;172221,92;1,199966518E10;348162
WINFUT;18/12/2023;10:10:00;172157,09;172500,69;172098,74;172364,55;1,54618674E10;448628
WINFUT;18/12/2023;10:00:00;172319,17;172396,96;172079,30;172150,61;1,206227883E10;350122
WINFUT;18/12/2023;09:50:00;172234,89;172338,62;172221,92;172312,68;3925909480,00;113942
WINFUT;18/12/2023;09:40:00;172176,54;172273,79;172137,64;172234,89;4893304893,00;142067
WINFUT;18/12/2023;09:30:00;172124,68;172215,44;172098,74;172183,02;4525292756,00;131418
WINFUT;18/12/2023;09:20:00;172144,13;172189,51;172079,30;172124,68;3483600934,00;101190
WINFUT;18/12/2023;09:10:00;172059,85;172189,51;172020,95;172144,13;4999433185,00;145239
WINFUT;18/12/2023;09:00:00;171735,69;172118,19;171729,21;172053,36;9279792212,00;269802
WINFUT;15/12/2023;18:20:00;171495,82;171670,86;171469,89;171567,14;1169419223,00;34077
WINFUT;15/12/2023;18:10:00;171599,55;171651,41;171482,86;171495,82;2811689578,00;81931
WINFUT;15/12/2023;18:00:00;171437,47;171625,48;171430,99;171599,55;3359201619,00;97921
WINFUT;15/12/2023;17:50:00;171392,09;171638,45;171359,68;171430,99;6375951965,00;185878
WINFUT;15/12/2023;17:40:00;171534,72;171547,69;171379,13;171392,09;4107239559,00;119777
WINFUT;15/12/2023;17:30:00;171567,14;171683,83;171476,37;171528,24;5374736699,00;156644
WINFUT;15/12/2023;17:20:00;171761,63;171768,11;171560,65;171573,62;5288386550,00;154037
WINFUT;15/12/2023;17:10:00;171755,14;171852,39;171683,83;171761,63;5615431129,00;163466
WINFUT;15/12/2023;17:00:00;171580,10;171787,56;171515,27;171761,63;8440914873,00;245836
WINFUT;15/12/2023;16:50:00;171210,57;171599,55;171210,57;171580,10;8207389502,00;239411
WINFUT;15/12/2023;16:40:00;171210,57;171255,95;171061,46;171204,08;7217461238,00;210838
WINFUT;15/12/2023;16:30:00;171191,12;171262,43;171132,77;171204,08;5134026335,00;149940
WINFUT;15/12/2023;16:20:00;171482,86;171489,34;171178,15;171184,64;6890648923,00;201117
WINFUT;15/12/2023;16:10:00;171366,16;171521,75;171320,78;171482,86;6253232641,00;182365
WINFUT;15/12/2023;16:00:00;171320,78;171398,58;171223,53;171359,68;6615436667,00;193085
WINFUT;15/12/2023;15:50:00;171469,89;171554,17;171197,60;171320,78;1,07151043E10;312621
WINFUT;15/12/2023;15:40:00;171593,07;171612,52;171372,64;171463,41;8098421225,00;236125
WINFUT;15/12/2023;15:30:00;171768,11;171800,52;171528,24;171586,58;8065495510,00;234956
WINFUT;15/12/2023;15:20:00;171787,56;171845,91;171735,69;171774,59;4014431784,00;116840
WINFUT;15/12/2023;15:10:00;171696,80;171819,97;171625,48;171781,08;6480748880,00;188686
WINFUT;15/12/2023;15:00:00;171573,62;171716,24;171476,37;171696,80;7774020526,00;226511
WINFUT;15/12/2023;14:50:00;171742,18;171800,52;171567,14;171580,10;5473443107,00;159400
WINFUT;15/12/2023;14:40:00;171774,59;171787,56;171580,10;171742,18;6337088708,00;184558
WINFUT;15/12/2023;14:30:00;171904,25;171904,25;171703,28;171781,08;5710597517,00;166203
WINFUT;15/12/2023;14:20:00;171884,80;172014,46;171826,46;171904,25;6016155882,00;174982
WINFUT;15/12/2023;14:10:00;171774,59;171904,25;171716,24;171884,80;5484229898,00;159613
WINFUT;15/12/2023;14:00:00;171709,76;171819,97;171644,93;171774,59;4851400789,00;141259
WINFUT;15/12/2023;13:50:00;171677,35;171755,14;171638,45;171709,76;4773083370,00;138995
WINFUT;15/12/2023;13:40:00;171904,25;171910,74;171657,90;171683,83;4883741695,00;142153
WINFUT;15/12/2023;13:30:00;171897,77;171949,63;171819,97;171904,25;5951778359,00;173136
WINFUT;15/12/2023;13:20:00;171664,38;171910,74;171631,97;171897,77;6400663817,00;186312
WINFUT;15/12/2023;13:10:00;171664,38;171871,84;171625,48;171664,38;7523305291,00;219018
WINFUT;15/12/2023;13:00:00;171832,94;171865,35;171567,14;171664,38;7392475842,00;215256
WINFUT;15/12/2023;12:50:00;171612,52;171884,80;171612,52;171832,94;1,014077183E10;295151
WINFUT;15/12/2023;12:40:00;171625,48;171657,90;171366,16;171619,00;1,066968319E10;311064
WINFUT;15/12/2023;12:30:00;171619,00;171716,24;171593,07;171619,00;4217164607,00;122840
WINFUT;15/12/2023;12:20:00;171631,97;171742,18;171554,17;171619,00;6859145970,00;199820
WINFUT;15/12/2023;12:10:00;171677,35;171768,11;171560,65;171625,48;7609312789,00;221635
WINFUT;15/12/2023;12:00:00;171651,41;171781,08;171554,17;171670,86;1,026582135E10;299012
WINFUT;15/12/2023;11:50:00;171962,60;171975,57;171528,24;171651,41;1,577006775E10;459217
WINFUT;15/12/2023;11:40:00;172072,81;172234,89;171819,97;171956,12;1,491113693E10;433433
WINFUT;15/12/2023;11:30:00;172364,55;172371,03;171982,05;172072,81;1,943280096E10;564307
WINFUT;15/12/2023;11:20:00;172721,12;172792,43;172345,10;172364,55;9959144520,00;288541
WINFUT;15/12/2023;11:10:00;172695,18;172811,88;172565,52;172721,12;8449600124,00;244648
WINFUT;15/12/2023;11:00:00;172779,46;172805,40;172591,46;172688,70;9446874195,00;273513
WINFUT;15/12/2023;10:50:00;172714,63;172922,09;172643,32;172785,95;1,07028105E10;309653
WINFUT;15/12/2023;10:40:00;172688,70;172792,43;172325,65;172721,12;2,190082633E10;634525
WINFUT;15/12/2023;10:30:00;173129,55;173434,25;172617,39;172688,70;2,929967699E10;846798
WINFUT;15/12/2023;10:20:00;172837,81;173324,04;172682,22;173129,55;1,708900907E10;493929
WINFUT;15/12/2023;10:10:00;172811,88;172896,16;172701,67;172837,81;9378014596,00;271352
WINFUT;15/12/2023;10:00:00;172902,64;172915,61;172701,67;172805,40;9863853869,00;285430
WINFUT;15/12/2023;09:50:00;172922,09;172935,06;172798,91;172896,16;5556405956,00;160711
WINFUT;15/12/2023;09:40:00;172876,71;172967,47;172876,71;172915,61;4025151725,00;116383
WINFUT;15/12/2023;09:30:00;172850,78;172928,57;172811,88;172876,71;4469228981,00;129262
WINFUT;15/12/2023;09:20:00;172747,05;172935,06;172740,57;172850,78;6035021834,00;174572
WINFUT;15/12/2023;09:10:00;172734,08;172824,84;172675,73;172753,53;5163119980,00;149439
WINFUT;15/12/2023;09:00:00;172578,49;172863,74;172539,59;172740,57;9545836511,00;276299
WINFUT;14/12/2023;18:20:00;172293,24;172338,62;172267,30;172332,13;879855581,90;25531
WINFUT;14/12/2023;18:10:00;172325,65;172435,86;172254,34;172293,24;2773007560,00;80445
WINFUT;14/12/2023;18:00:00;172422,90;172487,73;172306,20;172332,13;3265259193,00;94706
WINFUT;14/12/2023;17:50:00;172358,07;172513,66;172280,27;172422,90;7823032817,00;226902
WINFUT;14/12/2023;17:40:00;172202,47;172364,55;172111,71;172358,07;6177847864,00;179342
WINFUT;14/12/2023;17:30:00;172118,19;172254,34;172085,78;172202,47;4500455511,00;130689
WINFUT;14/12/2023;17:20:00;172092,26;172299,72;172066,33;172111,71;7321124351,00;212608
WINFUT;14/12/2023;17:10:00;171884,80;172105,23;171832,94;172098,74;6692380803,00;194572
WINFUT;14/12/2023;17:00:00;172001,50;172059,85;171865,35;171884,80;6765678268,00;196726
WINFUT;14/12/2023;16:50:00;172033,91;172079,30;171858,87;172001,50;8432805456,00;245189
WINFUT;14/12/2023;16:40:00;172092,26;172150,61;172014,46;172040,40;5841515839,00;169725
WINFUT;14/12/2023;16:30:00;172118,19;172183,02;171982,05;172085,78;8178189779,00;237636
WINFUT;14/12/2023;16:20:00;172150,61;172183,02;172072,81;172118,19;4892981004,00;142131
WINFUT;14/12/2023;16:10:00;171923,70;172202,47;171917,22;172150,61;8756439870,00;254406
WINFUT;14/12/2023;16:00:00;171897,77;172098,74;171878,32;171923,70;9053219041,00;263168
WINFUT;14/12/2023;15:50:00;171930,19;171962,60;171742,18;171891,29;1,096888487E10;319145
WINFUT;14/12/2023;15:40:00;172157,09;172189,51;171819,97;171930,19;1,088923926E10;316570
WINFUT;14/12/2023;15:30:00;172098,74;172241,37;172066,33;172157,09;7162477499,00;208005
WINFUT;14/12/2023;15:20:00;172118,19;172170,06;172072,81;172098,74;4846194256,00;140781
WINFUT;14/12/2023;15:10:00;172144,13;172208,96;172085,78;172124,68;5458236105,00;158536
WINFUT;14/12/2023;15:00:00;172474,76;172500,69;172137,64;172137,64;9114959740,00;264534
WINFUT;14/12/2023;14:50:00;172332,13;172474,76;172228,40;172468,28;7806948625,00;226504
WINFUT;14/12/2023;14:40:00;172312,68;172520,14;172306,20;172338,62;6645747690,00;192722
WINFUT;14/12/2023;14:30:00;172351,58;172377,51;172221,92;172306,20;5545606564,00;160921
WINFUT;14/12/2023;14:20:00;172332,13;172481,24;172325,65;172351,58;7013796414,00;203410
WINFUT;14/12/2023;14:10:00;172371,03;172416,41;172241,37;172338,62;5249564308,00;152312
WINFUT;14/12/2023;14:00:00;172364,55;172403,45;172241,37;172371,03;5847714121,00;169672
WINFUT;14/12/2023;13:50:00;172280,27;172435,86;172260,82;172364,55;5298697574,00;153708
WINFUT;14/12/2023;13:40:00;172176,54;172345,10;172163,57;172273,79;6088927804,00;176719
WINFUT;14/12/2023;13:30:00;172157,09;172267,30;172092,26;172176,54;7715263020,00;224050
WINFUT;14/12/2023;13:20:00;172221,92;172228,40;171995,02;172157,09;8199757775,00;238225
WINFUT;14/12/2023;13:10:00;172384,00;172461,79;172157,09;172221,92;9153343050,00;265659
WINFUT;14/12/2023;13:00:00;172247,85;172409,93;172176,54;172384,00;6296674437,00;182735
WINFUT;14/12/2023;12:50:00;172338,62;172416,41;172189,51;172241,37;5853425969,00;169863
WINFUT;14/12/2023;12:40:00;172202,47;172429,38;172183,02;172338,62;8578490051,00;248902
WINFUT;14/12/2023;12:30:00;172371,03;172507,18;172144,13;172208,96;1,223002377E10;354880
WINFUT;14/12/2023;12:20:00;172351,58;172396,96;172228,40;172371,03;7780698162,00;225763
WINFUT;14/12/2023;12:10:00;172494,21;172565,52;172241,37;172351,58;1,123403824E10;325823
WINFUT;14/12/2023;12:00:00;172384,00;172578,49;172306,20;172494,21;1,270600776E10;368430
WINFUT;14/12/2023;11:50:00;172623,87;172669,25;172293,24;172390,48;1,527740702E10;442886
WINFUT;14/12/2023;11:40:00;172565,52;172863,74;172520,14;172623,87;1,656320868E10;479477
WINFUT;14/12/2023;11:30:00;172131,16;172597,94;172118,19;172565,52;1,864948274E10;540886
WINFUT;14/12/2023;11:20:00;172247,85;172273,79;172033,91;172137,64;8982217275,00;260870
WINFUT;14/12/2023;11:10:00;172286,75;172416,41;172131,16;172254,34;1,011905473E10;293725
WINFUT;14/12/2023;11:00:00;172429,38;172500,69;172189,51;172280,27;1,214698647E10;352452
WINFUT;14/12/2023;10:50:00;172422,90;172513,66;172228,40;172422,90;1,308107042E10;379436
WINFUT;14/12/2023;10:40:00;172273,79;172597,94;172202,47;172422,90;1,43591531E10;416436
WINFUT;14/12/2023;10:30:00;172494,21;172507,18;172066,33;172267,30;1,949020955E10;565748
WINFUT;14/12/2023;10:20:00;172403,45;172597,94;172338,62;172494,21;1,307868659E10;379171
WINFUT;14/12/2023;10:10:00;172267,30;172902,64;172234,89;172396,96;2,261257673E10;655048
WINFUT;14/12/2023;10:00:00;172345,10;172546,07;172247,85;172260,82;1,265817959E10;367113
WINFUT;14/12/2023;09:50:00;172435,86;172461,79;172332,13;172351,58;5294124059,00;153547
WINFUT;14/12/2023;09:40:00;172377,51;172442,35;172293,24;172442,35;5914260971,00;171555
WINFUT;14/12/2023;09:30:00;172299,72;172403,45;172247,85;172377,51;5905490273,00;171334
WINFUT;14/12/2023;09:20:00;172092,26;172358,07;172092,26;172299,72;9425809481,00;273611
WINFUT;14/12/2023;09:10:00;171807,01;172144,13;171800,52;172098,74;9793568255,00;284680
WINFUT;14/12/2023;09:00:00;171962,60;172144,13;171677,35;171807,01;1,377773741E10;400728
WINFUT;13/12/2023;18:20:00;171379,13;171573,62;171275,40;171424,51;1762374680,00;51407
WINFUT;13/12/2023;18:10:00;170983,66;171560,65;170977,18;171392,09;6407469244,00;187019
WINFUT;13/12/2023;18:00:00;171035,53;171067,94;170828,07;170990,14;4454044374,00;130271
WINFUT;13/12/2023;17:50:00;170691,92;171132,77;170549,30;171035,53;7801083447,00;228341
WINFUT;13/12/2023;17:40:00;171067,94;171067,94;170555,78;170691,92;8328180975,00;243835
WINFUT;13/12/2023;17:30:00;170815,10;171093,87;170503,92;171054,97;1,153539533E10;337707
WINFUT;13/12/2023;17:20:00;170400,19;170854,00;170160,32;170808,62;1,143135717E10;335386
WINFUT;13/12/2023;17:10:00;170653,03;170685,44;170257,56;170400,19;1,316068087E10;386061
WINFUT;13/12/2023;17:00:00;169648,16;171126,29;169570,36;170646,54;2,587643453E10;760376
WINFUT;13/12/2023;16:50:00;169576,84;169719,47;169142,48;169648,16;2,06488483E10;609323
WINFUT;13/12/2023;16:40:00;169025,78;169764,85;168947,99;169576,84;2,82243854E10;833270
WINFUT;13/12/2023;16:30:00;168643,28;169071,17;168435,83;169019,30;1,678148975E10;497312
WINFUT;13/12/2023;16:20:00;168539,56;168682,18;168409,90;168643,28;1,420826156E10;421463
WINFUT;13/12/2023;16:10:00;168364,51;168578,45;168208,92;168539,56;1,338173561E10;397344
WINFUT;13/12/2023;16:00:00;167314,26;168371,00;167307,78;168358,03;2,543612719E10;757187
WINFUT;13/12/2023;15:50:00;167126,25;167437,44;167113,29;167307,78;9777324889,00;292193
WINFUT;13/12/2023;15:40:00;166990,11;167119,77;166970,66;167119,77;4793173576,00;143464
WINFUT;13/12/2023;15:30:00;166873,42;167003,08;166841,00;166990,11;4945885209,00;148147
WINFUT;13/12/2023;15:20:00;166977,14;167009,56;166795,62;166873,42;5873268209,00;175941
WINFUT;13/12/2023;15:10:00;166905,83;167067,91;166879,90;166983,63;5635640684,00;168740
WINFUT;13/12/2023;15:00:00;166912,31;167009,56;166795,62;166905,83;7446986338,00;223104
WINFUT;13/12/2023;14:50:00;166879,90;167126,25;166866,93;166918,80;7891922735,00;236298
WINFUT;13/12/2023;14:40:00;166990,11;166990,11;166808,58;166879,90;5439571337,00;162983
WINFUT;13/12/2023;14:30:00;166918,80;167048,46;166763,20;166983,63;8142332918,00;243944
WINFUT;13/12/2023;14:20:00;166957,69;167009,56;166879,90;166918,80;4547031355,00;136182
WINFUT;13/12/2023;14:10:00;166951,21;167041,97;166873,42;166957,69;5433735243,00;162719
WINFUT;13/12/2023;14:00:00;166860,45;166983,63;166828,03;166957,69;5751392918,00;172288
WINFUT;13/12/2023;13:50:00;166879,90;166970,66;166789,14;166860,45;6473019491,00;193930
WINFUT;13/12/2023;13:40:00;166691,89;166931,76;166620,58;166879,90;7822799223,00;234521
WINFUT;13/12/2023;13:30:00;166730,79;166808,58;166633,54;166685,41;5606394791,00;168146
WINFUT;13/12/2023;13:20:00;166892,86;166892,86;166633,54;166737,27;7293495063,00;218704
WINFUT;13/12/2023;13:10:00;166795,62;166918,80;166769,69;166892,86;5064063270,00;151752
WINFUT;13/12/2023;13:00:00;166996,59;167029,01;166717,82;166802,10;6976842254,00;209047
WINFUT;13/12/2023;12:50:00;166873,42;167054,94;166815,07;167003,08;5307902646,00;158975
WINFUT;13/12/2023;12:40:00;166789,14;167080,87;166782,65;166866,93;1,040597134E10;311703
WINFUT;13/12/2023;12:30:00;166853,97;166957,69;166704,86;166789,14;8083384066,00;242268
WINFUT;13/12/2023;12:20:00;167022,52;167087,36;166795,62;166847,48;9438375517,00;282665
WINFUT;13/12/2023;12:10:00;167035,49;167100,32;166938,25;167016,04;6332758676,00;189591
WINFUT;13/12/2023;12:00:00;167132,74;167217,02;166951,21;167035,49;9155002913,00;273988
WINFUT;13/12/2023;11:50:00;167229,98;167255,91;167029,01;167139,22;8475799971,00;253562
WINFUT;13/12/2023;11:40:00;167184,60;167353,16;167106,80;167223,50;1,149843429E10;343810
WINFUT;13/12/2023;11:30:00;167392,06;167411,51;167158,67;167178,12;1,378618573E10;412132
WINFUT;13/12/2023;11:20:00;167495,79;167528,20;167385,58;167398,54;6635053212,00;198109
WINFUT;13/12/2023;11:10:00;167567,10;167664,35;167437,44;167495,79;9485713274,00;283067
WINFUT;13/12/2023;11:00:00;167495,79;167631,93;167340,19;167573,58;1,21285411E10;362065
WINFUT;13/12/2023;10:50:00;167392,06;167560,62;167353,16;167502,27;9735265145,00;290661
WINFUT;13/12/2023;10:40:00;167236,47;167430,96;167029,01;167392,06;1,451784656E10;434116
WINFUT;13/12/2023;10:30:00;167126,25;167340,19;167113,29;167236,47;1,483284319E10;443484
WINFUT;13/12/2023;10:20:00;166886,38;167171,63;166730,79;167119,77;1,501933338E10;449768
WINFUT;13/12/2023;10:10:00;166523,33;166905,83;166471,47;166886,38;1,444431448E10;433296
WINFUT;13/12/2023;10:00:00;166607,61;166769,69;166497,40;166516,85;1,197801592E10;359461
WINFUT;13/12/2023;09:50:00;166581,68;166633,54;166523,33;166614,09;5081724389,00;152533
WINFUT;13/12/2023;09:40:00;166769,69;166789,14;166562,23;166581,68;6449234444,00;193476
WINFUT;13/12/2023;09:30:00;166743,75;166821,55;166704,86;166776,17;5188316933,00;155562
WINFUT;13/12/2023;09:20:00;166503,88;166750,24;166484,43;166737,27;5772979000,00;173217
WINFUT;13/12/2023;09:10:00;166652,99;166685,41;166497,40;166503,88;5021433486,00;150730
WINFUT;13/12/2023;09:00:00;166860,45;166938,25;166374,22;166646,51;9367474755,00;281170
WINFUT;12/12/2023;18:20:00;166834,07;166979,14;166814,29;166860,45;1273191901,00;38146
WINFUT;12/12/2023;18:10:00;166867,04;166913,20;166787,92;166840,67;2574376536,00;77150
WINFUT;12/12/2023;18:00:00;166867,04;166913,20;166735,16;166860,45;3014127251,00;90333
WINFUT;12/12/2023;17:50:00;166708,79;166913,20;166695,60;166867,04;5035221810,00;150909
WINFUT;12/12/2023;17:40:00;166682,41;166768,13;166662,63;166715,38;4206777260,00;126166
WINFUT;12/12/2023;17:30:00;166748,35;166787,92;166616,47;166675,82;4998924781,00;149926
WINFUT;12/12/2023;17:20:00;166867,04;166880,23;166741,76;166754,95;3437845868,00;103041
WINFUT;12/12/2023;17:10:00;166787,92;166880,23;166741,76;166873,64;5682549663,00;170330
WINFUT;12/12/2023;17:00:00;166886,82;166913,20;166735,16;166787,92;5904239872,00;176971
WINFUT;12/12/2023;16:50:00;166860,45;166932,98;166847,26;166893,42;3085565979,00;92442
WINFUT;12/12/2023;16:40:00;166900,01;166913,20;166787,92;166860,45;4879871381,00;146239
WINFUT;12/12/2023;16:30:00;166873,64;166959,36;166847,26;166900,01;5784838904,00;173295
WINFUT;12/12/2023;16:20:00;166715,38;166880,23;166695,60;166873,64;5534312888,00;165897
WINFUT;12/12/2023;16:10:00;166662,63;166807,70;166649,44;166715,38;7635325258,00;228993
WINFUT;12/12/2023;16:00:00;166636,25;166695,60;166517,56;166656,04;5297568328,00;158994
WINFUT;12/12/2023;15:50:00;166609,88;166649,44;166543,94;166642,85;4450747296,00;133579
WINFUT;12/12/2023;15:40:00;166497,78;166642,85;166497,78;166603,28;4731379008,00;142009
WINFUT;12/12/2023;15:30:00;166550,53;166557,13;166425,25;166504,37;4905540394,00;147322
WINFUT;12/12/2023;15:20:00;166504,37;166583,50;166425,25;166550,53;6554532167,00;196826
WINFUT;12/12/2023;15:10:00;166471,40;166524,16;166418,65;166504,37;4222000987,00;126811
WINFUT;12/12/2023;15:00:00;166293,37;166550,53;166260,40;166471,40;9822591607,00;295078
WINFUT;12/12/2023;14:50:00;166273,59;166326,34;166201,05;166286,77;4578254912,00;137679
WINFUT;12/12/2023;14:40:00;166273,59;166379,09;166187,86;166266,99;6992614937,00;210273
WINFUT;12/12/2023;14:30:00;166365,90;166471,40;166220,83;166266,99;8596438080,00;258396
WINFUT;12/12/2023;14:20:00;166471,40;166497,78;166352,71;166359,31;5640853990,00;169479
WINFUT;12/12/2023;14:10:00;166299,96;166517,56;166273,59;166464,81;7114158526,00;213749
WINFUT;12/12/2023;14:00:00;166649,44;166675,82;166181,27;166299,96;1,37753983E10;413884
WINFUT;12/12/2023;13:50:00;166695,60;166768,13;166629,66;166656,04;5264912954,00;157913
WINFUT;12/12/2023;13:40:00;166768,13;166807,70;166590,10;166689,01;7713709682,00;231403
WINFUT;12/12/2023;13:30:00;166801,10;166840,67;166741,76;166761,54;4699661988,00;140892
WINFUT;12/12/2023;13:20:00;166880,23;166913,20;166761,54;166794,51;6007267841,00;180041
WINFUT;12/12/2023;13:10:00;166972,55;167005,52;166847,26;166880,23;5688860185,00;170413
WINFUT;12/12/2023;13:00:00;166946,17;167018,70;166867,04;166979,14;6778184124,00;203002
WINFUT;12/12/2023;12:50:00;166853,85;166998,92;166794,51;166946,17;7282782357,00;218208
WINFUT;12/12/2023;12:40:00;166715,38;166853,85;166702,19;166847,26;6318777916,00;189427
WINFUT;12/12/2023;12:30:00;166642,85;166721,98;166543,94;166721,98;6851393870,00;205578
WINFUT;12/12/2023;12:20:00;166543,94;166695,60;166497,78;166636,25;6390188966,00;191758
WINFUT;12/12/2023;12:10:00;166675,82;166695,60;166445,03;166543,94;7573656458,00;227369
WINFUT;12/12/2023;12:00:00;166543,94;166748,35;166372,50;166675,82;1,231635098E10;369677
WINFUT;12/12/2023;11:50:00;166504,37;166656,04;166464,81;166543,94;8733898047,00;262177
WINFUT;12/12/2023;11:40:00;166570,31;166715,38;166392,28;166504,37;1,613185881E10;484338
WINFUT;12/12/2023;11:30:00;167308,84;167348,40;166464,81;166570,31;2,837256245E10;850416
WINFUT;12/12/2023;11:20:00;167335,21;167493,47;167256,09;167308,84;8775312572,00;262141
WINFUT;12/12/2023;11:10:00;167328,62;167447,31;167242,90;167328,62;9721070462,00;290447
WINFUT;12/12/2023;11:00:00;167196,74;167348,40;167064,86;167328,62;9726079986,00;290847
WINFUT;12/12/2023;10:50:00;167295,65;167394,56;167104,43;167196,74;1,222648537E10;365532
WINFUT;12/12/2023;10:40:00;167546,22;167566,00;167150,58;167302,25;1,659500217E10;495962
WINFUT;12/12/2023;10:30:00;167777,01;168073,74;167315,43;167546,22;2,392535344E10;713585
WINFUT;12/12/2023;10:20:00;167678,10;167882,51;167559,41;167770,42;1,080841493E10;322271
WINFUT;12/12/2023;10:10:00;167783,60;167816,57;167631,94;167671,51;1,113833964E10;332022
WINFUT;12/12/2023;10:00:00;167809,98;167895,70;167744,04;167790,20;8395395643,00;250130
WINFUT;12/12/2023;09:50:00;167902,30;167928,67;167750,64;167816,57;6669153916,00;198699
WINFUT;12/12/2023;09:40:00;167961,64;167981,42;167882,51;167908,89;4184897623,00;124603
WINFUT;12/12/2023;09:30:00;167981,42;167994,61;167915,48;167968,24;3425945079,00;101990
WINFUT;12/12/2023;09:20:00;167988,02;168040,77;167915,48;167981,42;5425983853,00;161509
WINFUT;12/12/2023;09:10:00;167988,02;168232,00;167902,30;167988,02;9741093380,00;289856
WINFUT;12/12/2023;09:00:00;168027,58;168264,96;167902,30;167988,02;1,057030673E10;314415
WINFUT;11/12/2023;18:20:00;167631,94;167730,85;167618,76;167704,48;1103542864,00;32905
WINFUT;11/12/2023;18:10:00;167585,79;167664,91;167539,63;167638,54;2151462131,00;64184
WINFUT;11/12/2023;18:00:00;167579,19;167631,94;167533,03;167579,19;1980554878,00;59093
WINFUT;11/12/2023;17:50:00;167539,63;167658,32;167500,06;167579,19;3695881371,00;110280
WINFUT;11/12/2023;17:40:00;167539,63;167631,94;167506,66;167533,03;3837402347,00;114495
WINFUT;11/12/2023;17:30:00;167467,09;167572,60;167460,50;167533,03;3172009216,00;94668
WINFUT;11/12/2023;17:20:00;167612,16;167638,54;167453,91;167467,09;6114445344,00;182475
WINFUT;11/12/2023;17:10:00;167546,22;167678,10;167513,25;167605,57;4671588722,00;139364
WINFUT;11/12/2023;17:00:00;167559,41;167638,54;167513,25;167552,82;5274990282,00;157385
WINFUT;11/12/2023;16:50:00;167467,09;167579,19;167447,31;167559,41;6074066560,00;181296
WINFUT;11/12/2023;16:40:00;167328,62;167473,69;167322,03;167467,09;6819312364,00;203668
WINFUT;11/12/2023;16:30:00;167348,40;167401,15;167242,90;167328,62;5681411071,00;169781
WINFUT;11/12/2023;16:20:00;167269,28;167427,53;167262,68;167348,40;6739648397,00;201362
WINFUT;11/12/2023;16:10:00;167308,84;167355,00;167223,12;167269,28;6766229379,00;202229
WINFUT;11/12/2023;16:00:00;167374,78;167401,15;167196,74;167315,43;7423346217,00;221864
WINFUT;11/12/2023;15:50:00;167322,03;167434,12;167295,65;167374,78;6604178655,00;197310
WINFUT;11/12/2023;15:40:00;167322,03;167374,78;167269,28;167328,62;5344469832,00;159716
WINFUT;11/12/2023;15:30:00;167355,00;167440,72;167236,31;167322,03;1,022735785E10;305587
WINFUT;11/12/2023;15:20:00;167493,47;167572,60;167308,84;167348,40;8441250518,00;252042
WINFUT;11/12/2023;15:10:00;167440,72;167513,25;167282,46;167493,47;9401231788,00;280812
WINFUT;11/12/2023;15:00:00;167190,15;167453,91;167117,61;167440,72;1,402410918E10;419108
WINFUT;11/12/2023;14:50:00;167223,12;167282,46;167117,61;167190,15;7103916564,00;212441
WINFUT;11/12/2023;14:40:00;167223,12;167315,43;167163,77;167229,71;6803092760,00;203378
WINFUT;11/12/2023;14:30:00;167262,68;167315,43;167064,86;167223,12;1,172467575E10;350677
WINFUT;11/12/2023;14:20:00;167064,86;167269,28;167038,49;167269,28;7645784462,00;228674
WINFUT;11/12/2023;14:10:00;167242,90;167282,46;167045,08;167064,86;9365006344,00;280125
WINFUT;11/12/2023;14:00:00;167407,75;167440,72;167209,93;167249,49;8087549933,00;241694
WINFUT;11/12/2023;13:50:00;167440,72;167566,00;167335,21;167407,75;7656766388,00;228632
WINFUT;11/12/2023;13:40:00;167552,82;167592,38;167401,15;167440,72;5907358972,00;176345
WINFUT;11/12/2023;13:30:00;167612,16;167645,13;167420,94;167546,22;8335917255,00;248828
WINFUT;11/12/2023;13:20:00;167598,97;167671,51;167539,63;167612,16;4651758535,00;138772
WINFUT;11/12/2023;13:10:00;167645,13;167777,01;167552,82;167598,97;9669193165,00;288369
WINFUT;11/12/2023;13:00:00;167645,13;167730,85;167533,03;167651,73;6987090016,00;208408
WINFUT;11/12/2023;12:50:00;167585,79;167737,45;167559,41;167645,13;7707467449,00;229857
WINFUT;11/12/2023;12:40:00;167467,09;167638,54;167407,75;167579,19;8031485437,00;239689
WINFUT;11/12/2023;12:30:00;167196,74;167519,85;167183,55;167467,09;1,14287693E10;341379
WINFUT;11/12/2023;12:20:00;167493,47;167526,44;167137,40;167196,74;1,007652443E10;301114
WINFUT;11/12/2023;12:10:00;167605,57;167711,07;167420,94;167500,06;1,000761592E10;298633
WINFUT;11/12/2023;12:00:00;167480,28;167658,32;167328,62;167605,57;1,160500561E10;346490
WINFUT;11/12/2023;11:50:00;167697,88;167737,45;167407,75;167473,69;1,269876479E10;378951
WINFUT;11/12/2023;11:40:00;167500,06;167770,42;167368,18;167697,88;1,561949018E10;466097
WINFUT;11/12/2023;11:30:00;167539,63;167724,26;167295,65;167500,06;2,181473262E10;651279
WINFUT;11/12/2023;11:20:00;167717,67;167796,79;167440,72;167539,63;1,331652337E10;397213
WINFUT;11/12/2023;11:10:00;167585,79;167770,42;167566,00;167724,26;1,011860326E10;301762
WINFUT;11/12/2023;11:00:00;167651,73;167750,64;167539,63;167579,19;1,155370385E10;344618
WINFUT;11/12/2023;10:50:00;167453,91;167671,51;167381,37;167651,73;1,44665374E10;431798
WINFUT;11/12/2023;10:40:00;167130,80;167493,47;167025,30;167447,31;1,635944069E10;489194
WINFUT;11/12/2023;10:30:00;167124,21;167414,34;166979,14;167124,21;1,916102813E10;573022
WINFUT;11/12/2023;10:20:00;167242,90;167262,68;167064,86;167124,21;1,065220325E10;318614
WINFUT;11/12/2023;10:10:00;167018,70;167249,49;166926,39;167236,31;1,597767291E10;478121
WINFUT;11/12/2023;10:00:00;167117,61;167176,96;166913,20;167012,11;1,361628794E10;407540
WINFUT;11/12/2023;09:50:00;167071,46;167130,80;166972,55;167117,61;6241471600,00;186818
WINFUT;11/12/2023;09:40:00;167031,89;167130,80;167025,30;167064,86;4810967261,00;143970
WINFUT;11/12/2023;09:30:00;167078,05;167143,99;167018,70;167031,89;6328918958,00;189410
WINFUT;11/12/2023;09:20:00;167236,31;167242,90;167071,46;167078,05;6671682496,00;199589
WINFUT;11/12/2023;09:10:00;167256,09;167282,46;167176,96;167236,31;4632570759,00;138509
WINFUT;11/12/2023;09:00:00;167651,73;167882,51;167203,34;167262,68;1,143247756E10;341404
WINFUT;08/12/2023;18:20:00;167757,23;167803,39;167625,35;167803,39;1603971212,00;47820
WINFUT;08/12/2023;18:10:00;167856,14;167882,51;167737,45;167750,64;3292334033,00;98102
WINFUT;08/12/2023;18:00:00;167961,64;167981,42;167816,57;167856,14;3113365820,00;92720
WINFUT;08/12/2023;17:50:00;167955,05;168027,58;167869,33;167961,64;3726973888,00;110955
WINFUT;08/12/2023;17:40:00;168027,58;168034,18;167862,73;167955,05;4613292117,00;137358
WINFUT;08/12/2023;17:30:00;168060,55;168113,30;167941,86;168027,58;4835459939,00;143907
WINFUT;08/12/2023;17:20:00;167961,64;168139,68;167935,27;168067,15;5720533305,00;170204
WINFUT;08/12/2023;17:10:00;167889,11;168027,58;167889,11;167968,24;4245601761,00;126390
WINFUT;08/12/2023;17:00:00;167988,02;168020,99;167823,17;167895,70;6447284984,00;191989
WINFUT;08/12/2023;16:50:00;167658,32;168060,55;167598,97;167981,42;1,568070135E10;467104
WINFUT;08/12/2023;16:40:00;167104,43;167658,32;167104,43;167651,73;1,291817836E10;385914
WINFUT;08/12/2023;16:30:00;167157,18;167183,55;166998,92;167104,43;5392897794,00;161390
WINFUT;08/12/2023;16:20:00;167170,37;167196,74;167038,49;167157,18;5225798556,00;156357
WINFUT;08/12/2023;16:10:00;167242,90;167341,81;167078,05;167163,77;7889617639,00;235939
WINFUT;08/12/2023;16:00:00;167012,11;167269,28;166946,17;167249,49;7155782162,00;214136
WINFUT;08/12/2023;15:50:00;167097,83;167130,80;166998,92;167012,11;4716645066,00;141159
WINFUT;08/12/2023;15:40:00;167196,74;167196,74;166972,55;167097,83;6999684956,00;209484
WINFUT;08/12/2023;15:30:00;167190,15;167236,31;167071,46;167190,15;5684244654,00;170021
WINFUT;08/12/2023;15:20:00;167012,11;167256,09;166959,36;167190,15;6541854189,00;195745
WINFUT;08/12/2023;15:10:00;166946,17;167038,49;166906,61;167012,11;4515484278,00;135212
WINFUT;08/12/2023;15:00:00;166972,55;167084,64;166900,01;166946,17;6351053959,00;190162
WINFUT;08/12/2023;14:50:00;166867,04;167058,27;166827,48;166979,14;8662824005,00;259439
WINFUT;08/12/2023;14:40:00;166787,92;166946,17;166735,16;166867,04;6689933668,00;200485
WINFUT;08/12/2023;14:30:00;166794,51;166847,26;166689,01;166781,32;6008988039,00;180159
WINFUT;08/12/2023;14:20:00;166372,50;166807,70;166365,90;166787,92;1,016950964E10;305172
WINFUT;08/12/2023;14:10:00;166919,79;166919,79;166095,55;166372,50;2,110303348E10;633864
WINFUT;08/12/2023;14:00:00;167045,08;167117,61;166906,61;166919,79;6561028505,00;196430
WINFUT;08/12/2023;13:50:00;167229,71;167256,09;167031,89;167045,08;6185193262,00;185044
WINFUT;08/12/2023;13:40:00;167097,83;167262,68;166946,17;167223,12;8774015952,00;262551
WINFUT;08/12/2023;13:30:00;167084,64;167289,06;167031,89;167097,83;9931729823,00;297075
WINFUT;08/12/2023;13:20:00;167025,30;167091,24;166847,26;167084,64;9687629261,00;290125
WINFUT;08/12/2023;13:10:00;167401,15;167401,15;166913,20;167038,49;1,215543205E10;363645
WINFUT;08/12/2023;13:00:00;167579,19;167618,76;167302,25;167401,15;8309559526,00;248130
WINFUT;08/12/2023;12:50:00;167493,47;167651,73;167473,69;167585,79;5639291320,00;168258
WINFUT;08/12/2023;12:40:00;167638,54;167730,85;167473,69;167500,06;6495992519,00;193818
WINFUT;08/12/2023;12:30:00;167816,57;167836,36;167539,63;167638,54;8210769153,00;244835
WINFUT;08/12/2023;12:20:00;167856,14;167875,92;167724,26;167809,98;6717344455,00;200173
WINFUT;08/12/2023;12:10:00;167730,85;168014,39;167704,48;167856,14;1,266299896E10;377147
WINFUT;08/12/2023;12:00:00;167256,09;167948,45;167249,49;167724,26;2,406084793E10;717423
WINFUT;08/12/2023;11:50:00;167460,50;167486,88;167183,55;167249,49;1,156181359E10;345501
WINFUT;08/12/2023;11:40:00;166754,95;167473,69;166702,19;167460,50;2,368961117E10;708505
WINFUT;08/12/2023;11:30:00;166266,99;166807,70;166161,49;166748,35;2,431639454E10;730249
WINFUT;08/12/2023;11:20:00;165831,79;166286,77;165818,60;166266,99;1,275964536E10;384279
WINFUT;08/12/2023;11:10:00;166075,77;166108,74;165732,88;165831,79;1,872068599E10;564214
WINFUT;08/12/2023;11:00:00;166227,43;166365,90;166016,42;166075,77;1,971702466E10;593198
WINFUT;08/12/2023;10:50:00;166979,14;167051,67;166194,46;166234,02;1,850731732E10;555316
WINFUT;08/12/2023;10:40:00;166649,44;167091,24;166563,72;166979,14;2,139560723E10;641035
WINFUT;08/12/2023;10:30:00;166517,56;166702,19;165976,86;166642,85;3,149950898E10;946813
WINFUT;08/12/2023;10:20:00;166715,38;166946,17;166313,15;166557,13;1,453996955E10;435971
WINFUT;08/12/2023;10:10:00;166741,76;166932,98;166629,66;166708,79;1,351113005E10;405026
WINFUT;08/12/2023;10:00:00;166781,32;166946,17;166721,98;166741,76;1,163169598E10;348580
WINFUT;08/12/2023;09:50:00;166689,01;166827,48;166675,82;166781,32;6650233305,00;199390
WINFUT;08/12/2023;09:40:00;166847,26;166900,01;166669,22;166689,01;7042184196,00;211119
WINFUT;08/12/2023;09:30:00;166768,13;166880,23;166761,54;166847,26;6513313297,00;195207
WINFUT;08/12/2023;09:20:00;166543,94;166801,10;166524,16;166768,13;8301976916,00;249108
WINFUT;08/12/2023;09:10:00;166517,56;166636,25;166445,03;166537,34;7373939028,00;221388
WINFUT;08/12/2023;09:00:00;166715,38;166735,16;166306,56;166510,97;1,128687387E10;339049
WINFUT;07/12/2023;18:20:00;166524,16;166557,13;166365,90;166557,13;1184006998,00;35562
WINFUT;07/12/2023;18:10:00;166484,59;166570,31;166438,43;166517,56;2943096126,00;88381
WINFUT;07/12/2023;18:00:00;166319,74;166510,97;166299,96;166484,59;3756731851,00;112876
WINFUT;07/12/2023;17:50:00;166141,71;166352,71;166135,11;166313,15;5058243752,00;152116
WINFUT;07/12/2023;17:40:00;166181,27;166266,99;166108,74;166148,30;5348052501,00;160901
WINFUT;07/12/2023;17:30:00;166313,15;166326,34;166088,95;166181,27;7886607159,00;237275
WINFUT;07/12/2023;17:20:00;166458,22;166491,19;166286,77;166313,15;5759676151,00;173094
WINFUT;07/12/2023;17:10:00;166412,06;166537,34;166379,09;166458,22;5489529688,00;164885
WINFUT;07/12/2023;17:00:00;166260,40;166445,03;166253,80;166412,06;5184418772,00;155810
WINFUT;07/12/2023;16:50:00;166379,09;166379,09;166234,02;166260,40;5256859573,00;158062
WINFUT;07/12/2023;16:40:00;166570,31;166590,10;166280,18;166379,09;7883082113,00;236867
WINFUT;07/12/2023;16:30:00;166510,97;166629,66;166471,40;166576,91;7628465800,00;229004
WINFUT;07/12/2023;16:20:00;166504,37;166576,91;166319,74;166517,56;8873910847,00;266541
WINFUT;07/12/2023;16:10:00;166464,81;166524,16;166313,15;166504,37;8166099092,00;245341
WINFUT;07/12/2023;16:00:00;166260,40;166471,40;166240,62;166464,81;6434807228,00;193405
WINFUT;07/12/2023;15:50:00;166247,21;166431,84;166214,24;166266,99;8840496360,00;265753
WINFUT;07/12/2023;15:40:00;166438,43;166451,62;166214,24;166240,62;7752181702,00;233040
WINFUT;07/12/2023;15:30:00;166576,91;166590,10;166379,09;166431,84;8140236140,00;244501
WINFUT;07/12/2023;15:20:00;166425,25;166741,76;166385,68;166576,91;1,324950703E10;397683
WINFUT;07/12/2023;15:10:00;166405,46;166445,03;166299,96;166425,25;7191245135,00;216127
WINFUT;07/12/2023;15:00:00;166524,16;166530,75;166319,74;166398,87;8717726972,00;261943
WINFUT;07/12/2023;14:50:00;166392,28;166590,10;166326,34;166517,56;7982259030,00;239749
WINFUT;07/12/2023;14:40:00;166339,53;166510,97;166319,74;166398,87;1,015241465E10;305029
WINFUT;07/12/2023;14:30:00;166418,65;166451,62;166266,99;166332,93;6363593513,00;191266
WINFUT;07/12/2023;14:20:00;166504,37;166524,16;166372,50;166412,06;6312820812,00;189637
WINFUT;07/12/2023;14:10:00;166478,00;166557,13;166326,34;166497,78;8140191578,00;244535
WINFUT;07/12/2023;14:00:00;166510,97;166590,10;166405,46;166484,59;7911309214,00;237593
WINFUT;07/12/2023;13:50:00;166464,81;166550,53;166379,09;166517,56;7534450834,00;226291
WINFUT;07/12/2023;13:40:00;166253,80;166524,16;166253,80;166458,22;9951522817,00;299019
WINFUT;07/12/2023;13:30:00;166128,52;166286,77;166108,74;166253,80;1,021153571E10;307200
WINFUT;07/12/2023;13:20:00;165963,67;166148,30;165930,70;166135,11;9664887580,00;291013
WINFUT;07/12/2023;13:10:00;166240,62;166253,80;165844,98;165957,07;1,360433257E10;409714
WINFUT;07/12/2023;13:00:00;166346,12;166438,43;166207,65;166240,62;8487119669,00;255153
WINFUT;07/12/2023;12:50:00;166379,09;166478,00;166260,40;166339,53;7449214659,00;223882
WINFUT;07/12/2023;12:40:00;166352,71;166431,84;166207,65;166379,09;9264330538,00;278503
WINFUT;07/12/2023;12:30:00;166570,31;166583,50;166339,53;166352,71;8565721003,00;257343
WINFUT;07/12/2023;12:20:00;166721,98;166754,95;166438,43;166570,31;9617237372,00;288704
WINFUT;07/12/2023;12:10:00;166491,19;166735,16;166412,06;166728,57;1,290130245E10;387261
WINFUT;07/12/2023;12:00:00;166596,69;166886,82;166438,43;166497,78;1,562231065E10;468554
WINFUT;07/12/2023;11:50:00;166787,92;166946,17;166543,94;166603,28;1,741875853E10;522266
WINFUT;07/12/2023;11:40:00;166807,70;166900,01;166662,63;166787,92;1,731493421E10;519137
WINFUT;07/12/2023;11:30:00;167117,61;167269,28;166781,32;166807,70;2,182907964E10;653487
WINFUT;07/12/2023;11:20:00;167064,86;167137,40;166932,98;167111,02;8096090247,00;242352
WINFUT;07/12/2023;11:10:00;167051,67;167163,77;166985,73;167071,46;8053359983,00;241019
WINFUT;07/12/2023;11:00:00;167117,61;167170,37;167005,52;167051,67;1,012728668E10;303065
WINFUT;07/12/2023;10:50:00;167084,64;167183,55;167051,67;167124,21;9291767342,00;277990
WINFUT;07/12/2023;10:40:00;167051,67;167137,40;166932,98;167084,64;1,165346467E10;348838
WINFUT;07/12/2023;10:30:00;166721,98;167058,27;166504,37;167051,67;2,116214931E10;634290
WINFUT;07/12/2023;10:20:00;166682,41;166761,54;166609,88;166721,98;9775703287,00;293215
WINFUT;07/12/2023;10:10:00;166649,44;166735,16;166431,84;166682,41;1,803430658E10;541292
WINFUT;07/12/2023;10:00:00;166603,28;166682,41;166471,40;166656,04;1,064021705E10;319382
WINFUT;07/12/2023;09:50:00;166510,97;166609,88;166510,97;166596,69;4001848722,00;120123
WINFUT;07/12/2023;09:40:00;166510,97;166603,28;166484,59;166517,56;5013313273,00;150513
WINFUT;07/12/2023;09:30:00;166458,22;166570,31;166458,22;166517,56;6400702460,00;192193
WINFUT;07/12/2023;09:20:00;166418,65;166491,19;166352,71;166458,22;6315413972,00;189728
WINFUT;07/12/2023;09:10:00;166372,50;166451,62;166326,34;166412,06;5120380932,00;153856
WINFUT;07/12/2023;09:00:00;166082,36;166478,00;165943,89;166372,50;1,381527962E10;415467
WINFUT;06/12/2023;18:20:00;165897,73;165996,64;165818,60;165818,60;1807778745,00;54479
WINFUT;06/12/2023;18:10:00;166069,17;166075,77;165831,79;165897,73;5835782919,00;175835
WINFUT;06/12/2023;18:00:00;166154,89;166181,27;166049,39;166069,17;3716292607,00;111869
WINFUT;06/12/2023;17:50:00;166194,46;166234,02;166121,92;166154,89;5771370039,00;173658
WINFUT;06/12/2023;17:40:00;166154,89;166260,40;166102,14;166194,46;6984838611,00;210149
WINFUT;06/12/2023;17:30:00;166075,77;166168,08;166036,20;166154,89;5735194566,00;172633
WINFUT;06/12/2023;17:20:00;166332,93;166339,53;166023,01;166069,17;1,105237712E10;332605
WINFUT;06/12/2023;17:10:00;166293,37;166359,31;166253,80;166332,93;4900424854,00;147324
WINFUT;06/12/2023;17:00:00;166379,09;166438,43;166253,80;166299,96;6746378900,00;202775
WINFUT;06/12/2023;16:50:00;166517,56;166596,69;166359,31;166379,09;9382490791,00;281749
WINFUT;06/12/2023;16:40:00;166365,90;166530,75;166352,71;166517,56;7189080327,00;215968
WINFUT;06/12/2023;16:30:00;166253,80;166431,84;166253,80;166359,31;9410530879,00;282863
WINFUT;06/12/2023;16:20:00;166299,96;166346,12;166174,68;166253,80;1,116961003E10;335925
WINFUT;06/12/2023;16:10:00;166642,85;166642,85;166286,77;166293,37;1,290014794E10;387515
WINFUT;06/12/2023;16:00:00;166596,69;166715,38;166590,10;166649,44;5920032505,00;177616
WINFUT;06/12/2023;15:50:00;166603,28;166656,04;166563,72;166596,69;4159410107,00;124823
WINFUT;06/12/2023;15:40:00;166609,88;166662,63;166524,16;166596,69;6416710981,00;192575
WINFUT;06/12/2023;15:30:00;166583,50;166662,63;166484,59;166616,47;8349282233,00;250603
WINFUT;06/12/2023;15:20:00;166346,12;166623,07;166339,53;166576,91;8585179159,00;257856
WINFUT;06/12/2023;15:10:00;166339,53;166405,46;166273,59;166346,12;6217914501,00;186911
WINFUT;06/12/2023;15:00:00;166365,90;166484,59;166319,74;166339,53;8045374618,00;241740
WINFUT;06/12/2023;14:50:00;166392,28;166451,62;166260,40;166365,90;9486472924,00;285140
WINFUT;06/12/2023;14:40:00;166471,40;166524,16;166379,09;166392,28;6192447023,00;186016
WINFUT;06/12/2023;14:30:00;166431,84;166504,37;166365,90;166471,40;7461699813,00;224168
WINFUT;06/12/2023;14:20:00;166576,91;166590,10;166412,06;166425,25;7335710243,00;220301
WINFUT;06/12/2023;14:10:00;166517,56;166662,63;166491,19;166576,91;7265360074,00;218081
WINFUT;06/12/2023;14:00:00;166636,25;166636,25;166412,06;166517,56;1,103061341E10;331238
WINFUT;06/12/2023;13:50:00;166563,72;166689,01;166537,34;166629,66;7152927812,00;214648
WINFUT;06/12/2023;13:40:00;166596,69;166649,44;166517,56;166570,31;8148892164,00;244593
WINFUT;06/12/2023;13:30:00;166867,04;166906,61;166570,31;166596,69;1,468786182E10;440559
WINFUT;06/12/2023;13:20:00;166992,33;167031,89;166794,51;166867,04;1,019536393E10;305420
WINFUT;06/12/2023;13:10:00;166860,45;167018,70;166814,29;166992,33;7959650007,00;238414
WINFUT;06/12/2023;13:00:00;167064,86;167104,43;166807,70;166860,45;1,182685923E10;354220
WINFUT;06/12/2023;12:50:00;167295,65;167308,84;167031,89;167058,27;1,033663979E10;309235
WINFUT;06/12/2023;12:40:00;167420,94;167473,69;167236,31;167295,65;8169960714,00;244103
WINFUT;06/12/2023;12:30:00;167275,87;167506,66;167256,09;167420,94;1,016638056E10;303705
WINFUT;06/12/2023;12:20:00;167394,56;167467,09;167111,02;167282,46;1,326945362E10;396663
WINFUT;06/12/2023;12:10:00;167473,69;167519,85;167335,21;167401,15;9009885793,00;269058
WINFUT;06/12/2023;12:00:00;167414,34;167519,85;167295,65;167473,69;1,024505437E10;306018
WINFUT;06/12/2023;11:50:00;167420,94;167566,00;167335,21;167407,75;1,148047772E10;342837
WINFUT;06/12/2023;11:40:00;167434,12;167506,66;167328,62;167420,94;1,124073936E10;335716
WINFUT;06/12/2023;11:30:00;167862,73;167869,33;167374,78;167440,72;2,471781517E10;737398
WINFUT;06/12/2023;11:20:00;167902,30;168034,18;167849,54;167862,73;9720918266,00;289390
WINFUT;06/12/2023;11:10:00;167922,08;167955,05;167724,26;167908,89;1,117309118E10;332819
WINFUT;06/12/2023;11:00:00;167697,88;167948,45;167572,60;167922,08;1,563618676E10;466023
WINFUT;06/12/2023;10:50:00;167697,88;167842,95;167638,54;167697,88;1,087462416E10;324166
WINFUT;06/12/2023;10:40:00;167842,95;167915,48;167658,32;167691,29;1,202700574E10;358435
WINFUT;06/12/2023;10:30:00;168251,78;168344,09;167724,26;167849,54;2,198586216E10;654558
WINFUT;06/12/2023;10:20:00;168199,03;168324,31;168047,36;168258,37;1,38081313E10;410479
WINFUT;06/12/2023;10:10:00;168304,53;168647,42;168067,15;168199,03;2,367470744E10;703062
WINFUT;06/12/2023;10:00:00;168443,00;168449,60;168205,62;168311,12;1,383440842E10;410934
WINFUT;06/12/2023;09:50:00;168449,60;168561,69;168403,44;168443,00;6966482531,00;206745
WINFUT;06/12/2023;09:40:00;168482,57;168508,94;168423,22;168449,60;5207137762,00;154552
WINFUT;06/12/2023;09:30:00;168502,35;168574,88;168449,60;168475,97;7074428095,00;209905
WINFUT;06/12/2023;09:20:00;168449,60;168541,91;168416,63;168502,35;7046935158,00;209122
WINFUT;06/12/2023;09:10:00;168350,69;168482,57;168317,72;168443,00;6006994867,00;178335
WINFUT;06/12/2023;09:00:00;168139,68;168449,60;168119,90;168344,09;8972430592,00;266524
WINFUT;05/12/2023;18:20:00;167704,48;167704,48;167579,19;167618,76;1303559671,00;38880
WINFUT;05/12/2023;18:10:00;167658,32;167750,64;167645,13;167711,07;6762221238,00;201620
WINFUT;05/12/2023;18:00:00;167704,48;167796,79;167631,94;167651,73;2840084891,00;84670
WINFUT;05/12/2023;17:50:00;167895,70;167908,89;167684,70;167704,48;4997705421,00;148920
WINFUT;05/12/2023;17:40:00;167875,92;167941,86;167763,82;167895,70;5831497127,00;173716
WINFUT;05/12/2023;17:30:00;168001,21;168133,09;167862,73;167882,51;5435712500,00;161761
WINFUT;05/12/2023;17:20:00;168086,93;168106,71;167961,64;168001,21;5061286967,00;150608
WINFUT;05/12/2023;17:10:00;168264,96;168297,93;168073,74;168086,93;4963846665,00;147565
WINFUT;05/12/2023;17:00:00;168205,62;168324,31;168159,46;168271,56;4421213481,00;131387
WINFUT;05/12/2023;16:50:00;168106,71;168258,37;168053,96;168199,03;5704103851,00;169605
WINFUT;05/12/2023;16:40:00;168225,40;168264,96;168086,93;168113,30;4712045131,00;140095
WINFUT;05/12/2023;16:30:00;168291,34;168344,09;168205,62;168225,40;4818377624,00;143174
WINFUT;05/12/2023;16:20:00;168271,56;168304,53;168100,12;168291,34;6078819747,00;180703
WINFUT;05/12/2023;16:10:00;168264,96;168541,91;168218,81;168264,96;9998326868,00;296912
WINFUT;05/12/2023;16:00:00;168126,49;168304,53;168073,74;168271,56;7563419397,00;224862
WINFUT;05/12/2023;15:50:00;168311,12;168317,72;168106,71;168126,49;5534565975,00;164508
WINFUT;05/12/2023;15:40:00;168218,81;168370,47;168166,06;168317,72;6410994096,00;190482
WINFUT;05/12/2023;15:30:00;168251,78;168317,72;168146,27;168218,81;7139011609,00;212178
WINFUT;05/12/2023;15:20:00;168264,96;168443,00;168192,43;168251,78;1,021621696E10;303489
WINFUT;05/12/2023;15:10:00;167849,54;168278,15;167803,39;168264,96;1,186529634E10;352967
WINFUT;05/12/2023;15:00:00;167968,24;168053,96;167770,42;167856,14;1,239158312E10;368989
WINFUT;05/12/2023;14:50:00;167757,23;168027,58;167704,48;167968,24;9518675680,00;283522
WINFUT;05/12/2023;14:40:00;167763,82;167777,01;167381,37;167757,23;1,349661937E10;402630
WINFUT;05/12/2023;14:30:00;167968,24;168014,39;167730,85;167757,23;8357058507,00;248950
WINFUT;05/12/2023;14:20:00;167856,14;167988,02;167724,26;167974,83;7953462470,00;236921
WINFUT;05/12/2023;14:10:00;167988,02;168073,74;167763,82;167856,14;8476190340,00;252423
WINFUT;05/12/2023;14:00:00;167658,32;168100,12;167638,54;167988,02;1,147973377E10;341862
WINFUT;05/12/2023;13:50:00;167770,42;167941,86;167500,06;167658,32;1,298284531E10;387118
WINFUT;05/12/2023;13:40:00;167480,28;167790,20;167473,69;167763,82;7818403067,00;233198
WINFUT;05/12/2023;13:30:00;167447,31;167552,82;167315,43;167473,69;8024461731,00;239647
WINFUT;05/12/2023;13:20:00;167355,00;167480,28;167275,87;167447,31;7889969891,00;235668
WINFUT;05/12/2023;13:10:00;167750,64;167777,01;167341,81;167355,00;1,254137538E10;374194
WINFUT;05/12/2023;13:00:00;167750,64;167849,54;167671,51;167750,64;7867578495,00;234468
WINFUT;05/12/2023;12:50:00;167394,56;167783,60;167302,25;167744,04;9748538102,00;290903
WINFUT;05/12/2023;12:40:00;167236,31;167434,12;167196,74;167394,56;1,103336162E10;329714
WINFUT;05/12/2023;12:30:00;167935,27;167974,83;167229,71;167242,90;1,791894273E10;534736
WINFUT;05/12/2023;12:20:00;167724,26;167948,45;167704,48;167935,27;1,194975317E10;356006
WINFUT;05/12/2023;12:10:00;167915,48;168093,52;167625,35;167730,85;1,782549577E10;531066
WINFUT;05/12/2023;12:00:00;167809,98;168528,72;167777,01;167915,48;2,64696195E10;786982
WINFUT;05/12/2023;11:50:00;167493,47;167869,33;167401,15;167809,98;1,434126786E10;427716
WINFUT;05/12/2023;11:40:00;167730,85;167763,82;167256,09;167486,88;2,14675506E10;641037
WINFUT;05/12/2023;11:30:00;167638,54;167988,02;167566,00;167724,26;1,975412456E10;588757
WINFUT;05/12/2023;11:20:00;167994,61;168027,58;167612,16;167638,54;1,484640834E10;442437
WINFUT;05/12/2023;11:10:00;168093,52;168212,21;167955,05;168001,21;1,298798543E10;386334
WINFUT;05/12/2023;11:00:00;168350,69;168416,63;168067,15;168100,12;1,214333555E10;360856
WINFUT;05/12/2023;10:50:00;168410,03;168528,72;168317,72;168350,69;8594809420,00;255139
WINFUT;05/12/2023;10:40:00;168495,75;168548,51;168304,53;168410,03;1,292162044E10;383591
WINFUT;05/12/2023;10:30:00;168423,22;168621,04;168396,84;168502,35;1,385629728E10;411115
WINFUT;05/12/2023;10:20:00;168152,87;168469,38;167994,61;168429,81;1,822980638E10;541720
WINFUT;05/12/2023;10:10:00;167678,10;168370,47;167618,76;168159,46;2,701094524E10;803847
WINFUT;05/12/2023;10:00:00;167862,73;168040,77;167519,85;167678,10;1,975568359E10;588718
WINFUT;05/12/2023;09:50:00;167763,82;167875,92;167750,64;167869,33;6240927362,00;185951
WINFUT;05/12/2023;09:40:00;167618,76;167777,01;167552,82;167763,82;7486920165,00;223304
WINFUT;05/12/2023;09:30:00;167519,85;167737,45;167513,25;167612,16;8423024632,00;251219
WINFUT;05/12/2023;09:20:00;167737,45;167783,60;167427,53;167519,85;9915061355,00;295873
WINFUT;05/12/2023;09:10:00;167757,23;167816,57;167671,51;167737,45;5383109564,00;160465
WINFUT;05/12/2023;09:00:00;167618,76;167856,14;167256,09;167763,82;1,297312898E10;386978
WINFUT;04/12/2023;18:20:00;167783,60;167895,70;167770,42;167895,70;1352921885,00;40300
WINFUT;04/12/2023;18:10:00;167730,85;167823,17;167704,48;167777,01;2854940905,00;85089
WINFUT;04/12/2023;18:00:00;167796,79;167823,17;167704,48;167724,26;2597706479,00;77425
WINFUT;04/12/2023;17:50:00;167823,17;167922,08;167770,42;167796,79;4936032304,00;147032
WINFUT;04/12/2023;17:40:00;167757,23;167895,70;167744,04;167829,76;5209759331,00;155206
WINFUT;04/12/2023;17:30:00;167691,29;167803,39;167691,29;167757,23;5588574495,00;166569
WINFUT;04/12/2023;17:20:00;167671,51;167711,07;167592,38;167691,29;4528867483,00;135071
WINFUT;04/12/2023;17:10:00;167730,85;167730,85;167592,38;167671,51;4916579566,00;146627
WINFUT;04/12/2023;17:00:00;167816,57;167889,11;167717,67;167724,26;5572787861,00;166051
WINFUT;04/12/2023;16:50:00;167777,01;167869,33;167717,67;167816,57;6769061142,00;201698
WINFUT;04/12/2023;16:40:00;167579,19;167816,57;167539,63;167770,42;6887287872,00;205370
WINFUT;04/12/2023;16:30:00;167625,35;167678,10;167552,82;167585,79;4370753396,00;130389
WINFUT;04/12/2023;16:20:00;167671,51;167691,29;167579,19;167625,35;4778531037,00;142536
WINFUT;04/12/2023;16:10:00;167533,03;167750,64;167506,66;167678,10;8443803943,00;251826
WINFUT;04/12/2023;16:00:00;167651,73;167750,64;167500,06;167526,44;9092422849,00;271215
WINFUT;04/12/2023;15:50:00;167730,85;167816,57;167605,57;167651,73;8628308326,00;257264
WINFUT;04/12/2023;15:40:00;167803,39;167836,36;167717,67;167724,26;5418856780,00;161488
WINFUT;04/12/2023;15:30:00;167724,26;167908,89;167671,51;167803,39;8513618722,00;253664
WINFUT;04/12/2023;15:20:00;167744,04;167816,57;167671,51;167717,67;6973505213,00;207867
WINFUT;04/12/2023;15:10:00;167777,01;167908,89;167697,88;167750,64;9960087919,00;296795
WINFUT;04/12/2023;15:00:00;168133,09;168146,27;167750,64;167770,42;9505403986,00;283008
WINFUT;04/12/2023;14:50:00;167935,27;168139,68;167895,70;168139,68;6818846947,00;202928
WINFUT;04/12/2023;14:40:00;167790,20;167955,05;167730,85;167935,27;8522729997,00;253893
WINFUT;04/12/2023;14:30:00;168040,77;168080,33;167770,42;167796,79;1,312482003E10;390782
WINFUT;04/12/2023;14:20:00;168251,78;168258,37;168027,58;168040,77;7603364085,00;226122
WINFUT;04/12/2023;14:10:00;168179,24;168271,56;168133,09;168251,78;5502399978,00;163561
WINFUT;04/12/2023;14:00:00;168225,40;168245,18;167994,61;168185,84;9419108443,00;280139
WINFUT;04/12/2023;13:50:00;168014,39;168245,18;168014,39;168232,00;8047759555,00;239318
WINFUT;04/12/2023;13:40:00;167948,45;168034,18;167902,30;168007,80;5626391613,00;167476
WINFUT;04/12/2023;13:30:00;168192,43;168212,21;167895,70;167948,45;8140117887,00;242191
WINFUT;04/12/2023;13:20:00;168113,30;168205,62;168027,58;168192,43;8216333375,00;244366
WINFUT;04/12/2023;13:10:00;168034,18;168192,43;167994,61;168113,30;7720575853,00;229661
WINFUT;04/12/2023;13:00:00;167922,08;168047,36;167862,73;168040,77;6311966692,00;187907
WINFUT;04/12/2023;12:50:00;167902,30;168020,99;167842,95;167928,67;7144778241,00;212725
WINFUT;04/12/2023;12:40:00;167988,02;168034,18;167803,39;167902,30;9861965657,00;293679
WINFUT;04/12/2023;12:30:00;168232,00;168317,72;167895,70;167981,42;1,517784621E10;451484
WINFUT;04/12/2023;12:20:00;168370,47;168456,19;168205,62;168238,59;1,249765676E10;371239
WINFUT;04/12/2023;12:10:00;168528,72;168581,48;168337,50;168370,47;1,185586369E10;351932
WINFUT;04/12/2023;12:00:00;168528,72;168693,57;168363,87;168528,72;1,532591067E10;454705
WINFUT;04/12/2023;11:50:00;168911,17;168911,17;168456,19;168528,72;1,744112827E10;517085
WINFUT;04/12/2023;11:40:00;168832,05;169062,84;168818,86;168904,58;1,254125849E10;371142
WINFUT;04/12/2023;11:30:00;168700,17;168944,14;168640,82;168825,45;1,946689468E10;576658
WINFUT;04/12/2023;11:20:00;168555,10;168739,73;168482,57;168700,17;8465530712,00;251024
WINFUT;04/12/2023;11:10:00;168693,57;168693,57;168429,81;168555,10;1,033896239E10;306735
WINFUT;04/12/2023;11:00:00;168640,82;168752,92;168588,07;168693,57;9949237255,00;294941
WINFUT;04/12/2023;10:50:00;168502,35;168759,51;168475,97;168647,42;9658437964,00;286353
WINFUT;04/12/2023;10:40:00;168574,88;168614,45;168482,57;168502,35;6589988646,00;195486
WINFUT;04/12/2023;10:30:00;168449,60;168581,48;168357,28;168574,88;1,163497421E10;345353
WINFUT;04/12/2023;10:20:00;168614,45;168634,23;168370,47;168449,60;1,330918888E10;394915
WINFUT;04/12/2023;10:10:00;168581,48;168713,35;168271,56;168614,45;1,930633757E10;572874
WINFUT;04/12/2023;10:00:00;168482,57;168654,01;168403,44;168574,88;1,496567141E10;443987
WINFUT;04/12/2023;09:50:00;168482,57;168508,94;168377,06;168489,16;4330618899,00;128552
WINFUT;04/12/2023;09:40:00;168495,75;168502,35;168410,03;168475,97;3777877699,00;112132
WINFUT;04/12/2023;09:30:00;168456,19;168515,54;168423,22;168495,75;2896223944,00;85951
WINFUT;04/12/2023;09:20:00;168469,38;168495,75;168423,22;168456,19;2481788671,00;73659
WINFUT;04/12/2023;09:10:00;168449,60;168502,35;168350,69;168469,38;6751600854,00;200419
WINFUT;04/12/2023;09:00:00;168719,95;168818,86;168403,44;168449,60;1,128285651E10;334549
WINFUT;01/12/2023;18:20:00;169570,57;169656,29;169418,91;169418,91;1293499852,00;38150
WINFUT;01/12/2023;18:10:00;169537,60;169623,32;169458,47;169577,17;3459706428,00;102032
WINFUT;01/12/2023;18:00:00;169471,66;169583,76;169451,88;169537,60;2937718527,00;86642
WINFUT;01/12/2023;17:50:00;169451,88;169511,23;169412,32;169465,07;3104622219,00;91605
WINFUT;01/12/2023;17:40:00;169412,32;169511,23;169313,41;169451,88;5867046082,00;173157
WINFUT;01/12/2023;17:30:00;169590,35;169596,95;169399,13;169412,32;5204933965,00;153526
WINFUT;01/12/2023;17:20:00;169484,85;169662,89;169451,88;169590,35;6485481615,00;191228
WINFUT;01/12/2023;17:10:00;169372,75;169537,60;169346,38;169484,85;5316384757,00;156855
WINFUT;01/12/2023;17:00:00;169352,97;169392,53;169240,87;169366,16;5234653296,00;154585
WINFUT;01/12/2023;16:50:00;169418,91;169425,50;169306,81;169352,97;5071705338,00;149737
WINFUT;01/12/2023;16:40:00;169425,50;169471,66;169372,75;169425,50;4570293484,00;134874
WINFUT;01/12/2023;16:30:00;169451,88;169484,85;169366,16;169418,91;5017334129,00;148069
WINFUT;01/12/2023;16:20:00;169458,47;169616,73;169425,50;169458,47;7351885358,00;216840
WINFUT;01/12/2023;16:10:00;169227,68;169511,23;169221,09;169458,47;8370850312,00;247060
WINFUT;01/12/2023;16:00:00;169247,47;169339,78;169201,31;169227,68;5318227746,00;157092
WINFUT;01/12/2023;15:50:00;169320,00;169392,53;169201,31;169247,47;5918806937,00;174786
WINFUT;01/12/2023;15:40:00;169247,47;169366,16;169168,34;169320,00;5920040002,00;174875
WINFUT;01/12/2023;15:30:00;169194,71;169306,81;169161,75;169254,06;5286162975,00;156174
WINFUT;01/12/2023;15:20:00;169293,62;169306,81;169155,15;169194,71;5648548299,00;166907
WINFUT;01/12/2023;15:10:00;169372,75;169392,53;169174,93;169293,62;7289623329,00;215323
WINFUT;01/12/2023;15:00:00;169491,44;169583,76;169339,78;169366,16;7548153780,00;222721
WINFUT;01/12/2023;14:50:00;169445,29;169544,20;169405,72;169498,04;5942421950,00;175320
WINFUT;01/12/2023;14:40:00;169412,32;169478,26;169293,62;169451,88;6768002221,00;199774
WINFUT;01/12/2023;14:30:00;169372,75;169465,07;169300,22;169418,91;8072864519,00;238296
WINFUT;01/12/2023;14:20:00;169207,90;169432,10;169155,15;169379,35;7471713321,00;220677
WINFUT;01/12/2023;14:10:00;169300,22;169412,32;169161,75;169214,50;7705813803,00;227599
WINFUT;01/12/2023;14:00:00;169141,96;169425,50;169089,21;169300,22;1,096134517E10;323742
WINFUT;01/12/2023;13:50:00;169056,24;169174,93;168996,90;169148,56;7746271014,00;229049
WINFUT;01/12/2023;13:40:00;168878,20;169102,40;168838,64;169062,84;1,02831467E10;304300
WINFUT;01/12/2023;13:30:00;169148,56;169181,53;168667,20;168878,20;1,480347344E10;438297
WINFUT;01/12/2023;13:20:00;168937,55;169214,50;168825,45;169148,56;1,150628721E10;340337
WINFUT;01/12/2023;13:10:00;168508,94;169115,59;168429,81;168937,55;1,853071588E10;548808
WINFUT;01/12/2023;13:00:00;168311,12;168621,04;168067,15;168515,54;2,325363609E10;690715
WINFUT;01/12/2023;12:50:00;168416,63;168627,63;168291,34;168311,12;1,065165379E10;316142
WINFUT;01/12/2023;12:40:00;168139,68;168449,60;168086,93;168410,03;1,142088831E10;339288
WINFUT;01/12/2023;12:30:00;168053,96;168232,00;167988,02;168146,27;9353038846,00;278139
WINFUT;01/12/2023;12:20:00;168119,90;168192,43;167941,86;168053,96;1,032406141E10;307122
WINFUT;01/12/2023;12:10:00;168034,18;168166,06;167849,54;168119,90;1,375446969E10;409315
WINFUT;01/12/2023;12:00:00;167988,02;168357,28;167882,51;168040,77;2,319271051E10;689755
WINFUT;01/12/2023;11:50:00;168020,99;168047,36;167790,20;167981,42;1,04039241E10;309813
WINFUT;01/12/2023;11:40:00;167750,64;168113,30;167730,85;168020,99;1,459695425E10;434528
WINFUT;01/12/2023;11:30:00;167737,45;167875,92;167579,19;167750,64;1,686912858E10;502911
WINFUT;01/12/2023;11:20:00;167803,39;167955,05;167697,88;167744,04;1,181067613E10;351871
WINFUT;01/12/2023;11:10:00;167948,45;168020,99;167717,67;167803,39;1,283505039E10;382358
WINFUT;01/12/2023;11:00:00;167988,02;168100,12;167895,70;167941,86;1,0876051E10;323710
WINFUT;01/12/2023;10:50:00;168205,62;168278,15;167961,64;167981,42;1,393914315E10;414555
WINFUT;01/12/2023;10:40:00;168410,03;168416,63;168179,24;168205,62;1,433319075E10;425846
WINFUT;01/12/2023;10:30:00;168647,42;168654,01;168357,28;168416,63;1,464168063E10;434529
WINFUT;01/12/2023;10:20:00;168719,95;168752,92;168482,57;168654,01;1,2616427E10;374138
WINFUT;01/12/2023;10:10:00;168581,48;168746,32;168416,63;168719,95;1,526765662E10;452855
WINFUT;01/12/2023;10:00:00;168548,51;168700,17;168462,78;168581,48;1,271617237E10;377195
WINFUT;01/12/2023;09:50:00;168673,79;168673,79;168548,51;168548,51;7063414510,00;209449
WINFUT;01/12/2023;09:40:00;168700,17;168772,70;168660,60;168667,20;5543115052,00;164278
WINFUT;01/12/2023;09:30:00;168851,83;168878,20;168673,79;168700,17;7821056232,00;231715
WINFUT;01/12/2023;09:20:00;168924,36;168970,52;168851,83;168851,83;5003536593,00;148121
WINFUT;01/12/2023;09:10:00;168891,39;169036,46;168818,86;168924,36;7925331049,00;234569
WINFUT;01/12/2023;09:00:00;168924,36;169135,37;168865,02;168891,39;1,309639479E10;387472
WINFUT;30/11/2023;18:20:00;168733,14;168733,14;168561,69;168561,69;1515878049,00;44947
WINFUT;30/11/2023;18:10:00;168548,51;168759,51;168541,91;168726,54;4841380990,00;143537
WINFUT;30/11/2023;18:00:00;168634,23;168647,42;168522,13;168548,51;3969543260,00;117740
WINFUT;30/11/2023;17:50:00;168555,10;168667,20;168541,91;168634,23;5106893135,00;151452
WINFUT;30/11/2023;17:40:00;168423,22;168614,45;168403,44;168555,10;7102673773,00;210732
WINFUT;30/11/2023;17:30:00;168357,28;168443,00;168278,15;168429,81;4147824707,00;123188
WINFUT;30/11/2023;17:20:00;168324,31;168403,44;168271,56;168350,69;5487820224,00;163001
WINFUT;30/11/2023;17:10:00;168423,22;168443,00;168258,37;168317,72;5377566575,00;159729
WINFUT;30/11/2023;17:00:00;168423,22;168462,78;168324,31;168423,22;5625905233,00;167050
WINFUT;30/11/2023;16:50:00;168522,13;168522,13;168396,84;168423,22;5819746163,00;172736
WINFUT;30/11/2023;16:40:00;168588,07;168621,04;168482,57;168522,13;5025631674,00;149086
WINFUT;30/11/2023;16:30:00;168528,72;168667,20;168495,75;168588,07;5500790769,00;163125
WINFUT;30/11/2023;16:20:00;168627,63;168654,01;168502,35;168528,72;5696625904,00;168968
WINFUT;30/11/2023;16:10:00;168443,00;168693,57;168443,00;168627,63;8364674305,00;248056
WINFUT;30/11/2023;16:00:00;168245,18;168588,07;168166,06;168449,60;1,324477155E10;393262
WINFUT;30/11/2023;15:50:00;168073,74;168258,37;168027,58;168245,18;6921881800,00;205860
WINFUT;30/11/2023;15:40:00;168159,46;168245,18;168060,55;168080,33;6364092584,00;189236
WINFUT;30/11/2023;15:30:00;168199,03;168251,78;168113,30;168166,06;5634929476,00;167533
WINFUT;30/11/2023;15:20:00;168139,68;168330,90;168126,49;168205,62;8069291071,00;239808
WINFUT;30/11/2023;15:10:00;168199,03;168225,40;168053,96;168139,68;7800769509,00;231990
WINFUT;30/11/2023;15:00:00;168192,43;168370,47;168139,68;168192,43;1,011386489E10;300578
WINFUT;30/11/2023;14:50:00;168014,39;168232,00;167994,61;168199,03;1,096651197E10;326162
WINFUT;30/11/2023;14:40:00;167836,36;168060,55;167836,36;168007,80;8304140602,00;247188
WINFUT;30/11/2023;14:30:00;167704,48;167869,33;167671,51;167836,36;4936760082,00;147137
WINFUT;30/11/2023;14:20:00;167730,85;167796,79;167651,73;167704,48;5842466738,00;174173
WINFUT;30/11/2023;14:10:00;167823,17;167862,73;167717,67;167737,45;6327985093,00;188570
WINFUT;30/11/2023;14:00:00;167638,54;167842,95;167533,03;167823,17;6881602050,00;205168
WINFUT;30/11/2023;13:50:00;167671,51;167777,01;167566,00;167638,54;6967021429,00;207757
WINFUT;30/11/2023;13:40:00;167612,16;167744,04;167579,19;167671,51;5513550670,00;164419
WINFUT;30/11/2023;13:30:00;167645,13;167724,26;167480,28;167618,76;7708102029,00;229927
WINFUT;30/11/2023;13:20:00;167625,35;167664,91;167500,06;167645,13;7672869264,00;228926
WINFUT;30/11/2023;13:10:00;167684,70;167809,98;167618,76;167625,35;7839833707,00;233712
WINFUT;30/11/2023;13:00:00;167638,54;167777,01;167526,44;167678,10;8475303626,00;252768
WINFUT;30/11/2023;12:50:00;167289,06;167664,91;167275,87;167631,94;1,100712844E10;328550
WINFUT;30/11/2023;12:40:00;167209,93;167348,40;167150,58;167289,06;8191706212,00;244883
WINFUT;30/11/2023;12:30:00;167117,61;167414,34;167097,83;167203,34;1,121667916E10;335319
WINFUT;30/11/2023;12:20:00;167157,18;167249,49;166992,33;167117,61;1,217121911E10;364165
WINFUT;30/11/2023;12:10:00;167209,93;167460,50;167117,61;167163,77;1,008382322E10;301336
WINFUT;30/11/2023;12:00:00;167480,28;167486,88;167176,96;167203,34;1,386296216E10;414334
WINFUT;30/11/2023;11:50:00;167302,25;167539,63;167196,74;167480,28;1,226054396E10;366212
WINFUT;30/11/2023;11:40:00;167533,03;167625,35;167157,18;167302,25;1,632107242E10;487678
WINFUT;30/11/2023;11:30:00;167941,86;167948,45;167335,21;167526,44;2,651663857E10;791118
WINFUT;30/11/2023;11:20:00;167922,08;168001,21;167869,33;167948,45;6256577271,00;186277
WINFUT;30/11/2023;11:10:00;167856,14;168007,80;167809,98;167928,67;7799545428,00;232225
WINFUT;30/11/2023;11:00:00;168185,84;168199,03;167777,01;167849,54;1,676422981E10;499119
WINFUT;30/11/2023;10:50:00;168159,46;168232,00;168034,18;168179,24;9823015880,00;292117
WINFUT;30/11/2023;10:40:00;168086,93;168232,00;167915,48;168159,46;1,41148127E10;419846
WINFUT;30/11/2023;10:30:00;168278,15;168482,57;167915,48;168086,93;2,228271146E10;662443
WINFUT;30/11/2023;10:20:00;168199,03;168344,09;168133,09;168284,75;1,199598304E10;356496
WINFUT;30/11/2023;10:10:00;167717,67;168212,21;167671,51;168192,43;1,741226593E10;518160
WINFUT;30/11/2023;10:00:00;167902,30;167928,67;167691,29;167724,26;1,277102741E10;380531
WINFUT;30/11/2023;09:50:00;167711,07;167928,67;167691,29;167895,70;8762846856,00;261056
WINFUT;30/11/2023;09:40:00;167678,10;167744,04;167645,13;167711,07;4967845792,00;148124
WINFUT;30/11/2023;09:30:00;167519,85;167684,70;167473,69;167671,51;7010390136,00;209142
WINFUT;30/11/2023;09:20:00;167453,91;167605,57;167387,97;167519,85;7674880234,00;229082
WINFUT;30/11/2023;09:10:00;167414,34;167519,85;167315,43;167453,91;8172806487,00;244076
WINFUT;30/11/2023;09:00:00;167486,88;167579,19;167256,09;167414,34;1,229249169E10;367061
WINFUT;29/11/2023;18:20:00;166873,64;167084,64;166853,85;167084,64;1610772706,00;48229
WINFUT;29/11/2023;18:10:00;167018,70;167051,67;166834,07;166867,04;2766811635,00;82869
WINFUT;29/11/2023;18:00:00;166847,26;167078,05;166814,29;167018,70;3424954924,00;102570
WINFUT;29/11/2023;17:50:00;167097,83;167104,43;166781,32;166847,26;6522173279,00;195395
WINFUT;29/11/2023;17:40:00;166939,58;167117,61;166939,58;167097,83;4671538915,00;139826
WINFUT;29/11/2023;17:30:00;166900,01;167051,67;166893,42;166946,17;5157794997,00;154431
WINFUT;29/11/2023;17:20:00;167012,11;167064,86;166867,04;166900,01;7402367174,00;221679
WINFUT;29/11/2023;17:10:00;167341,81;167361,59;166979,14;167018,70;8754790059,00;261866
WINFUT;29/11/2023;17:00:00;167427,53;167440,72;167262,68;167335,21;5176874532,00;154674
WINFUT;29/11/2023;16:50:00;167295,65;167453,91;167282,46;167427,53;4982874899,00;148850
WINFUT;29/11/2023;16:40:00;167328,62;167394,56;167262,68;167295,65;6205500144,00;185432
WINFUT;29/11/2023;16:30:00;167612,16;167625,35;167315,43;167328,62;9619358310,00;287228
WINFUT;29/11/2023;16:20:00;167763,82;167803,39;167572,60;167612,16;7417464273,00;221188
WINFUT;29/11/2023;16:10:00;167790,20;167915,48;167724,26;167763,82;7201995605,00;214573
WINFUT;29/11/2023;16:00:00;167777,01;167823,17;167645,13;167790,20;7856899914,00;234204
WINFUT;29/11/2023;15:50:00;167744,04;167875,92;167730,85;167783,60;6487550319,00;193304
WINFUT;29/11/2023;15:40:00;167737,45;167842,95;167678,10;167737,45;7578598958,00;225870
WINFUT;29/11/2023;15:30:00;167770,42;167823,17;167572,60;167730,85;9239184885,00;275502
WINFUT;29/11/2023;15:20:00;167579,19;167790,20;167546,22;167770,42;7056283794,00;210420
WINFUT;29/11/2023;15:10:00;167572,60;167664,91;167480,28;167579,19;7097888676,00;211795
WINFUT;29/11/2023;15:00:00;167796,79;167829,76;167519,85;167572,60;1,045291072E10;311668
WINFUT;29/11/2023;14:50:00;167842,95;167895,70;167757,23;167790,20;4926129108,00;146763
WINFUT;29/11/2023;14:40:00;167717,67;167922,08;167612,16;167842,95;1,097621055E10;327114
WINFUT;29/11/2023;14:30:00;167618,76;167737,45;167513,25;167717,67;8396149567,00;250441
WINFUT;29/11/2023;14:20:00;167552,82;167651,73;167539,63;167618,76;5360033431,00;159898
WINFUT;29/11/2023;14:10:00;167585,79;167618,76;167453,91;167552,82;7085575228,00;211462
WINFUT;29/11/2023;14:00:00;167618,76;167711,07;167519,85;167579,19;6522294074,00;194574
WINFUT;29/11/2023;13:50:00;167592,38;167704,48;167493,47;167618,76;8357360251,00;249316
WINFUT;29/11/2023;13:40:00;167242,90;167638,54;167223,12;167598,97;1,008711285E10;301213
WINFUT;29/11/2023;13:30:00;167249,49;167328,62;167071,46;167249,49;1,285256827E10;384331
WINFUT;29/11/2023;13:20:00;167447,31;167467,09;167229,71;167242,90;8186898807,00;244597
WINFUT;29/11/2023;13:10:00;167585,79;167612,16;167335,21;167453,91;1,216887848E10;363263
WINFUT;29/11/2023;13:00:00;167968,24;167981,42;167559,41;167579,19;1,127975919E10;336114
WINFUT;29/11/2023;12:50:00;167605,57;167994,61;167598,97;167974,83;1,355401815E10;403721
WINFUT;29/11/2023;12:40:00;167572,60;167645,13;167500,06;167598,97;6198157935,00;184932
WINFUT;29/11/2023;12:30:00;167500,06;167579,19;167348,40;167572,60;9177853521,00;274009
WINFUT;29/11/2023;12:20:00;167486,88;167598,97;167229,71;167493,47;1,554463972E10;464302
WINFUT;29/11/2023;12:10:00;167434,12;167684,70;167289,06;167486,88;1,390405643E10;415086
WINFUT;29/11/2023;12:00:00;167645,13;167777,01;167407,75;167427,53;1,419854089E10;423551
WINFUT;29/11/2023;11:50:00;167381,37;167691,29;167282,46;167651,73;1,383588842E10;413103
WINFUT;29/11/2023;11:40:00;167559,41;167664,91;167335,21;167374,78;1,642838625E10;490497
WINFUT;29/11/2023;11:30:00;167605,57;167809,98;167480,28;167559,41;1,778481488E10;530387
WINFUT;29/11/2023;11:20:00;167671,51;167829,76;167566,00;167605,57;8845275479,00;263692
WINFUT;29/11/2023;11:10:00;167724,26;167777,01;167625,35;167664,91;8860904771,00;264186
WINFUT;29/11/2023;11:00:00;167486,88;167809,98;167414,34;167724,26;1,384821473E10;413111
WINFUT;29/11/2023;10:50:00;167618,76;167651,73;167453,91;167480,28;1,14941292E10;343013
WINFUT;29/11/2023;10:40:00;167618,76;167737,45;167552,82;167625,35;1,201462113E10;358311
WINFUT;29/11/2023;10:30:00;168179,24;168258,37;167539,63;167612,16;2,58851289E10;770963
WINFUT;29/11/2023;10:20:00;168251,78;168383,66;168152,87;168166,06;9956083291,00;295846
WINFUT;29/11/2023;10:10:00;168574,88;168640,82;168205,62;168245,18;1,713578407E10;508714
WINFUT;29/11/2023;10:00:00;168304,53;168654,01;168278,15;168581,48;1,767624641E10;524625
WINFUT;29/11/2023;09:50:00;168278,15;168357,28;168258,37;168297,93;4028312606,00;119666
WINFUT;29/11/2023;09:40:00;168344,09;168370,47;168238,59;168278,15;4732520963,00;140600
WINFUT;29/11/2023;09:30:00;168238,59;168410,03;168218,81;168337,50;7275063405,00;216095
WINFUT;29/11/2023;09:20:00;168278,15;168383,66;168225,40;168238,59;7264215190,00;215812
WINFUT;29/11/2023;09:10:00;168080,33;168297,93;168060,55;168278,15;8072752334,00;239976
WINFUT;29/11/2023;09:00:00;168014,39;168317,72;167770,42;168086,93;1,327373749E10;394785
WINFUT;28/11/2023;18:20:00;167757,23;167757,23;167618,76;167750,64;1390431202,00;41457
WINFUT;28/11/2023;18:10:00;167691,29;167816,57;167664,91;167763,82;2569340686,00;76581
WINFUT;28/11/2023;18:00:00;167598,97;167770,42;167566,00;167697,88;4118625731,00;122803
WINFUT;28/11/2023;17:50:00;167664,91;167704,48;167572,60;167598,97;3945981540,00;117692
WINFUT;28/11/2023;17:40:00;167717,67;167724,26;167638,54;167664,91;3866525035,00;115296
WINFUT;28/11/2023;17:30:00;167744,04;167809,98;167658,32;167724,26;4292864948,00;127966
WINFUT;28/11/2023;17:20:00;167783,60;167796,79;167664,91;167750,64;4892124549,00;145825
WINFUT;28/11/2023;17:10:00;167823,17;167862,73;167724,26;167783,60;4041721359,00;120445
WINFUT;28/11/2023;17:00:00;167763,82;167882,51;167750,64;167823,17;5869584101,00;174880
WINFUT;28/11/2023;16:50:00;167803,39;167809,98;167704,48;167763,82;4668894665,00;139155
WINFUT;28/11/2023;16:40:00;167651,73;167829,76;167651,73;167809,98;7568091673,00;225561
WINFUT;28/11/2023;16:30:00;167467,09;167724,26;167447,31;167651,73;9783272433,00;291867
WINFUT;28/11/2023;16:20:00;167473,69;167539,63;167315,43;167467,09;9972111753,00;297836
WINFUT;28/11/2023;16:10:00;167592,38;167691,29;167447,31;167467,09;7356056857,00;219475
WINFUT;28/11/2023;16:00:00;167612,16;167645,13;167572,60;167592,38;3904339648,00;116476
WINFUT;28/11/2023;15:50:00;167658,32;167717,67;167572,60;167612,16;4800868300,00;143188
WINFUT;28/11/2023;15:40:00;167684,70;167724,26;167559,41;167658,32;8761169743,00;261315
WINFUT;28/11/2023;15:30:00;167816,57;167856,14;167658,32;167678,10;6502976181,00;193829
WINFUT;28/11/2023;15:20:00;167842,95;167955,05;167790,20;167816,57;6446968649,00;192036
WINFUT;28/11/2023;15:10:00;167941,86;167988,02;167790,20;167849,54;6043938487,00;179995
WINFUT;28/11/2023;15:00:00;167988,02;168007,80;167717,67;167941,86;1,28659575E10;383242
WINFUT;28/11/2023;14:50:00;167869,33;168007,80;167816,57;167988,02;7463144176,00;222218
WINFUT;28/11/2023;14:40:00;167935,27;167981,42;167842,95;167869,33;4769503675,00;142032
WINFUT;28/11/2023;14:30:00;168001,21;168014,39;167895,70;167941,86;5823381289,00;173370
WINFUT;28/11/2023;14:20:00;168001,21;168027,58;167915,48;168001,21;6773898275,00;201638
WINFUT;28/11/2023;14:10:00;168053,96;168179,24;167988,02;168001,21;8956874894,00;266462
WINFUT;28/11/2023;14:00:00;168086,93;168179,24;168047,36;168053,96;7273479155,00;216313
WINFUT;28/11/2023;13:50:00;167882,51;168139,68;167842,95;168086,93;1,033822735E10;307628
WINFUT;28/11/2023;13:40:00;167948,45;167988,02;167862,73;167875,92;5511655606,00;164109
WINFUT;28/11/2023;13:30:00;167757,23;167981,42;167750,64;167955,05;7348737708,00;218867
WINFUT;28/11/2023;13:20:00;167829,76;167895,70;167744,04;167750,64;5397545224,00;160805
WINFUT;28/11/2023;13:10:00;167908,89;167928,67;167809,98;167836,36;5817308762,00;173277
WINFUT;28/11/2023;13:00:00;167922,08;167988,02;167829,76;167908,89;7341903659,00;218628
WINFUT;28/11/2023;12:50:00;167803,39;167961,64;167730,85;167922,08;8479402482,00;252582
WINFUT;28/11/2023;12:40:00;167691,29;167882,51;167684,70;167809,98;1,30923317E10;390162
WINFUT;28/11/2023;12:30:00;167559,41;167717,67;167519,85;167691,29;1,082899516E10;323036
WINFUT;28/11/2023;12:20:00;167480,28;167572,60;167401,15;167559,41;5744222065,00;171495
WINFUT;28/11/2023;12:10:00;167447,31;167605,57;167381,37;167480,28;8857955723,00;264422
WINFUT;28/11/2023;12:00:00;167328,62;167618,76;167269,28;167447,31;1,679668035E10;501553
WINFUT;28/11/2023;11:50:00;167117,61;167427,53;167111,02;167335,21;1,278829347E10;382271
WINFUT;28/11/2023;11:40:00;166827,48;167256,09;166708,79;167117,61;2,152430513E10;644465
WINFUT;28/11/2023;11:30:00;166445,03;166840,67;166273,59;166820,89;1,999868644E10;600469
WINFUT;28/11/2023;11:20:00;166293,37;166451,62;166115,33;166445,03;1,368211719E10;411460
WINFUT;28/11/2023;11:10:00;166464,81;166510,97;166201,05;166293,37;1,050362679E10;315783
WINFUT;28/11/2023;11:00:00;166510,97;166576,91;166240,62;166471,40;1,986710994E10;596984
WINFUT;28/11/2023;10:50:00;166754,95;166886,82;166484,59;166504,37;1,611041183E10;483236
WINFUT;28/11/2023;10:40:00;166741,76;166820,89;166530,75;166761,54;1,966693501E10;589971
WINFUT;28/11/2023;10:30:00;166926,39;167117,61;166721,98;166741,76;1,533623785E10;459255
WINFUT;28/11/2023;10:20:00;166834,07;166979,14;166761,54;166926,39;1,395086681E10;418002
WINFUT;28/11/2023;10:10:00;166471,40;166860,45;166293,37;166840,67;2,15001858E10;645298
WINFUT;28/11/2023;10:00:00;166293,37;166583,50;166181,27;166471,40;1,502033185E10;451424
WINFUT;28/11/2023;09:50:00;166352,71;166372,50;166220,83;166293,37;7805598804,00;234710
WINFUT;28/11/2023;09:40:00;166458,22;166458,22;166319,74;166359,31;7560511144,00;227191
WINFUT;28/11/2023;09:30:00;166504,37;166721,98;166418,65;166451,62;1,21511599E10;364679
WINFUT;28/11/2023;09:20:00;166563,72;166583,50;166385,68;166504,37;6881574635,00;206693
WINFUT;28/11/2023;09:10:00;166530,75;166649,44;166497,78;166557,13;5406965877,00;162309
WINFUT;28/11/2023;09:00:00;166319,74;166741,76;166161,49;166537,34;1,638171624E10;492068
WINFUT;27/11/2023;18:20:00;166721,98;166801,10;166682,41;166801,10;1155754603,00;34658
WINFUT;27/11/2023;18:10:00;166708,79;166754,95;166662,63;166721,98;2824451767,00;84717
WINFUT;27/11/2023;18:00:00;166675,82;166741,76;166636,25;166708,79;3320106030,00;99589
WINFUT;27/11/2023;17:50:00;166524,16;166702,19;166517,56;166675,82;4590980000,00;137776
WINFUT;27/11/2023;17:40:00;166557,13;166570,31;166445,03;166517,56;4003203374,00;120213
WINFUT;27/11/2023;17:30:00;166583,50;166642,85;166497,78;166557,13;4939907119,00;148290
WINFUT;27/11/2023;17:20:00;166550,53;166669,22;166510,97;166576,91;5900028278,00;177084
WINFUT;27/11/2023;17:10:00;166372,50;166563,72;166352,71;166557,13;4987989687,00;149821
WINFUT;27/11/2023;17:00:00;166517,56;166524,16;166332,93;166379,09;5990855781,00;180009
WINFUT;27/11/2023;16:50:00;166418,65;166524,16;166365,90;166510,97;5706921972,00;171461
WINFUT;27/11/2023;16:40:00;166570,31;166689,01;166392,28;166425,25;8769187638,00;263291
WINFUT;27/11/2023;16:30:00;166629,66;166702,19;166570,31;166570,31;4534244884,00;136049
WINFUT;27/11/2023;16:20:00;166689,01;166735,16;166570,31;166623,07;5568492235,00;167069
WINFUT;27/11/2023;16:10:00;166563,72;166754,95;166557,13;166689,01;6587061846,00;197608
WINFUT;27/11/2023;16:00:00;166563,72;166603,28;166458,22;166563,72;6735349056,00;202224
WINFUT;27/11/2023;15:50:00;166623,07;166702,19;166537,34;166563,72;6177631018,00;185385
WINFUT;27/11/2023;15:40:00;166702,19;166754,95;166609,88;166629,66;5406830495,00;162201
WINFUT;27/11/2023;15:30:00;166590,10;166787,92;166583,50;166702,19;9010422111,00;270274
WINFUT;27/11/2023;15:20:00;166603,28;166695,60;166491,19;166590,10;7139981439,00;214312
WINFUT;27/11/2023;15:10:00;166517,56;166669,22;166510,97;166603,28;6818419212,00;204655
WINFUT;27/11/2023;15:00:00;166187,86;166609,88;166095,55;166510,97;1,445598229E10;434396
WINFUT;27/11/2023;14:50:00;165937,29;166273,59;165930,70;166187,86;9694075261,00;291749
WINFUT;27/11/2023;14:40:00;165937,29;166016,42;165864,76;165943,89;4752785865,00;143201
WINFUT;27/11/2023;14:30:00;165858,17;166049,39;165746,07;165937,29;8663743702,00;261082
WINFUT;27/11/2023;14:20:00;165858,17;165871,35;165785,63;165851,57;3699833399,00;111554
WINFUT;27/11/2023;14:10:00;165884,54;165930,70;165732,88;165851,57;7271659926,00;219257
WINFUT;27/11/2023;14:00:00;165838,38;165924,11;165779,04;165884,54;4412920512,00;133040
WINFUT;27/11/2023;13:50:00;165844,98;165937,29;165765,85;165844,98;5913736049,00;178286
WINFUT;27/11/2023;13:40:00;165607,59;165877,95;165594,41;165844,98;6036039430,00;182087
WINFUT;27/11/2023;13:30:00;165699,91;165719,69;165561,44;165601,00;5364484106,00;161948
WINFUT;27/11/2023;13:20:00;165594,41;165739,47;165554,84;165699,91;5210195431,00;157263
WINFUT;27/11/2023;13:10:00;165686,72;165686,72;165488,90;165594,41;6725800983,00;203099
WINFUT;27/11/2023;13:00:00;165785,63;165792,23;165554,84;165686,72;9703613761,00;292871
WINFUT;27/11/2023;12:50:00;165877,95;165884,54;165719,69;165785,63;5545449303,00;167238
WINFUT;27/11/2023;12:40:00;165726,29;165924,11;165719,69;165871,35;6735634180,00;203054
WINFUT;27/11/2023;12:30:00;165752,66;165798,82;165647,16;165732,88;6538834552,00;197271
WINFUT;27/11/2023;12:20:00;165864,76;165950,48;165673,53;165752,66;1,101539767E10;332191
WINFUT;27/11/2023;12:10:00;166352,71;166418,65;165851,57;165858,17;1,701647892E10;512338
WINFUT;27/11/2023;12:00:00;166385,68;166478,00;166154,89;166352,71;1,349632709E10;405750
WINFUT;27/11/2023;11:50:00;166234,02;166478,00;166141,71;166385,68;1,386011456E10;416672
WINFUT;27/11/2023;11:40:00;166332,93;166431,84;166121,92;166234,02;1,700981038E10;511514
WINFUT;27/11/2023;11:30:00;166319,74;166464,81;166135,11;166332,93;2,022289564E10;607967
WINFUT;27/11/2023;11:20:00;166135,11;166445,03;166108,74;166319,74;1,297517125E10;390052
WINFUT;27/11/2023;11:10:00;166095,55;166220,83;166029,61;166135,11;1,180808253E10;355407
WINFUT;27/11/2023;11:00:00;166332,93;166491,19;166075,77;166088,95;1,398829617E10;420584
WINFUT;27/11/2023;10:50:00;166590,10;166609,88;166280,18;166339,53;1,240434674E10;372626
WINFUT;27/11/2023;10:40:00;166412,06;166741,76;166319,74;166596,69;1,790420388E10;537394
WINFUT;27/11/2023;10:30:00;166405,46;166642,85;166240,62;166412,06;2,230223369E10;670104
WINFUT;27/11/2023;10:20:00;166596,69;166847,26;166372,50;166398,87;1,912069447E10;573817
WINFUT;27/11/2023;10:10:00;166623,07;166807,70;166484,59;166590,10;1,980555512E10;594266
WINFUT;27/11/2023;10:00:00;166853,85;167018,70;166616,47;166629,66;1,547520361E10;463756
WINFUT;27/11/2023;09:50:00;166820,89;166965,95;166787,92;166847,26;7556308444,00;226389
WINFUT;27/11/2023;09:40:00;166827,48;166886,82;166748,35;166814,29;6540794155,00;196051
WINFUT;27/11/2023;09:30:00;166702,19;166847,26;166695,60;166820,89;6615977827,00;198349
WINFUT;27/11/2023;09:20:00;166794,51;166847,26;166636,25;166702,19;8859308278,00;265664
WINFUT;27/11/2023;09:10:00;166715,38;166853,85;166695,60;166801,10;7479850307,00;224246
WINFUT;27/11/2023;09:00:00;166293,37;166754,95;166247,21;166715,38;1,067219784E10;320330
WINFUT;24/11/2023;18:20:00;166418,65;166616,47;166392,28;166616,47;1452382056,00;43605
WINFUT;24/11/2023;18:10:00;166478,00;166504,37;166339,53;166438,43;2258142644,00;67842
WINFUT;24/11/2023;18:00:00;166471,40;166478,00;166346,12;166478,00;2640702823,00;79341
WINFUT;24/11/2023;17:50:00;166359,31;166491,19;166359,31;166471,40;3072598397,00;92313
WINFUT;24/11/2023;17:40:00;166431,84;166438,43;166313,15;166352,71;2631378127,00;79086
WINFUT;24/11/2023;17:30:00;166497,78;166524,16;166379,09;166431,84;3116410717,00;93621
WINFUT;24/11/2023;17:20:00;166543,94;166563,72;166438,43;166491,19;3664057227,00;110044
WINFUT;24/11/2023;17:10:00;166530,75;166616,47;166517,56;166550,53;2629770706,00;78942
WINFUT;24/11/2023;17:00:00;166563,72;166649,44;166471,40;166537,34;4662777933,00;139974
WINFUT;24/11/2023;16:50:00;166418,65;166563,72;166398,87;166563,72;4043597915,00;121451
WINFUT;24/11/2023;16:40:00;166326,34;166438,43;166326,34;166418,65;3333049598,00;100163
WINFUT;24/11/2023;16:30:00;166451,62;166471,40;166299,96;166326,34;4575103882,00;137510
WINFUT;24/11/2023;16:20:00;166365,90;166510,97;166326,34;166458,22;5252412376,00;157787
WINFUT;24/11/2023;16:10:00;166293,37;166379,09;166286,77;166359,31;4176648474,00;125548
WINFUT;24/11/2023;16:00:00;166346,12;166398,87;166220,83;166293,37;5351737931,00;160899
WINFUT;24/11/2023;15:50:00;166458,22;166464,81;166339,53;166352,71;3676163756,00;110467
WINFUT;24/11/2023;15:40:00;166445,03;166524,16;166379,09;166464,81;5063562998,00;152095
WINFUT;24/11/2023;15:30:00;166530,75;166583,50;166352,71;166451,62;6051139641,00;181764
WINFUT;24/11/2023;15:20:00;166695,60;166721,98;166510,97;166530,75;6094993798,00;182895
WINFUT;24/11/2023;15:10:00;166576,91;166715,38;166576,91;166695,60;3793186484,00;113796
WINFUT;24/11/2023;15:00:00;166596,69;166669,22;166543,94;166576,91;5124377766,00;153785
WINFUT;24/11/2023;14:50:00;166365,90;166603,28;166352,71;166596,69;6840267932,00;205452
WINFUT;24/11/2023;14:40:00;166524,16;166543,94;166299,96;166365,90;6661147058,00;200149
WINFUT;24/11/2023;14:30:00;166603,28;166609,88;166451,62;166517,56;7526683133,00;225981
WINFUT;24/11/2023;14:20:00;166695,60;166735,16;166570,31;166603,28;7100840096,00;213051
WINFUT;24/11/2023;14:10:00;166471,40;166708,79;166451,62;166695,60;7519042600,00;225673
WINFUT;24/11/2023;14:00:00;166504,37;166623,07;166280,18;166471,40;1,260754885E10;378723
WINFUT;24/11/2023;13:50:00;166873,64;166886,82;166464,81;166504,37;1,099866605E10;329936
WINFUT;24/11/2023;13:40:00;166998,92;167045,08;166847,26;166880,23;5309706987,00;159023
WINFUT;24/11/2023;13:30:00;167018,70;167078,05;166972,55;166992,33;4435558403,00;132774
WINFUT;24/11/2023;13:20:00;166972,55;167058,27;166946,17;167025,30;6095745921,00;182506
WINFUT;24/11/2023;13:10:00;166886,82;166985,73;166794,51;166972,55;7941563464,00;237943
WINFUT;24/11/2023;13:00:00;167143,99;167157,18;166880,23;166886,82;8351558853,00;250061
WINFUT;24/11/2023;12:50:00;167124,21;167203,34;167031,89;167143,99;7089700388,00;212128
WINFUT;24/11/2023;12:40:00;167249,49;167275,87;167064,86;167130,80;7315876430,00;218845
WINFUT;24/11/2023;12:30:00;167275,87;167374,78;167223,12;167249,49;8256482527,00;246760
WINFUT;24/11/2023;12:20:00;167025,30;167302,25;167018,70;167269,28;8470120584,00;253314
WINFUT;24/11/2023;12:10:00;167223,12;167262,68;167018,70;167031,89;9035527215,00;270308
WINFUT;24/11/2023;12:00:00;167117,61;167322,03;167038,49;167223,12;1,30105068E10;389037
WINFUT;24/11/2023;11:50:00;167045,08;167150,58;166926,39;167124,21;1,0423187E10;311966
WINFUT;24/11/2023;11:40:00;166939,58;167183,55;166926,39;167038,49;1,467841874E10;439298
WINFUT;24/11/2023;11:30:00;166675,82;166979,14;166629,66;166939,58;1,468577292E10;440209
WINFUT;24/11/2023;11:20:00;166827,48;166834,07;166642,85;166669,22;9895886611,00;296774
WINFUT;24/11/2023;11:10:00;166590,10;166886,82;166583,50;166827,48;1,16915192E10;350513
WINFUT;24/11/2023;11:00:00;166662,63;166761,54;166524,16;166590,10;1,04854546E10;314601
WINFUT;24/11/2023;10:50:00;166689,01;166728,57;166583,50;166656,04;7962318778,00;238894
WINFUT;24/11/2023;10:40:00;166814,29;166893,42;166583,50;166689,01;1,236819158E10;370850
WINFUT;24/11/2023;10:30:00;166768,13;166820,89;166689,01;166820,89;7460169096,00;223677
WINFUT;24/11/2023;10:20:00;166913,20;166913,20;166669,22;166774,73;1,192412508E10;357483
WINFUT;24/11/2023;10:10:00;167058,27;167084,64;166768,13;166913,20;1,490271359E10;446377
WINFUT;24/11/2023;10:00:00;167295,65;167407,75;167018,70;167064,86;1,797212654E10;537438
WINFUT;24/11/2023;09:50:00;167262,68;167308,84;167223,12;167295,65;4105047713,00;122708
WINFUT;24/11/2023;09:40:00;167335,21;167368,18;167203,34;167262,68;7782847794,00;232629
WINFUT;24/11/2023;09:30:00;167348,40;167440,72;167289,06;167328,62;5146161294,00;153736
WINFUT;24/11/2023;09:20:00;167315,43;167460,50;167295,65;167348,40;5505779248,00;164461
WINFUT;24/11/2023;09:10:00;167467,09;167506,66;167256,09;167308,84;7627178415,00;227866
WINFUT;24/11/2023;09:00:00;167948,45;167961,64;167381,37;167467,09;1,340477478E10;400021
WINFUT;23/11/2023;18:20:00;168060,55;168139,68;168020,99;168139,68;1196772866,00;35599
WINFUT;23/11/2023;18:10:00;167968,24;168086,93;167922,08;168060,55;2196913441,00;65383
WINFUT;23/11/2023;18:00:00;167988,02;168020,99;167935,27;167974,83;1596060970,00;47511
WINFUT;23/11/2023;17:50:00;167875,92;168040,77;167869,33;167981,42;2716162741,00;80857
WINFUT;23/11/2023;17:40:00;167869,33;167948,45;167823,17;167882,51;2525097404,00;75206
WINFUT;23/11/2023;17:30:00;167889,11;167948,45;167829,76;167875,92;3219969906,00;95897
WINFUT;23/11/2023;17:20:00;167809,98;167902,30;167770,42;167889,11;3173627771,00;94531
WINFUT;23/11/2023;17:10:00;167790,20;167849,54;167783,60;167803,39;2484899220,00;74035
WINFUT;23/11/2023;17:00:00;167796,79;167809,98;167697,88;167796,79;4245221914,00;126531
WINFUT;23/11/2023;16:50:00;167981,42;167981,42;167770,42;167796,79;4899780060,00;145937
WINFUT;23/11/2023;16:40:00;167948,45;168060,55;167941,86;167981,42;4554652573,00;135557
WINFUT;23/11/2023;16:30:00;167948,45;167948,45;167908,89;167948,45;1529592935,00;45542
WINFUT;23/11/2023;16:20:00;167875,92;167948,45;167862,73;167941,86;2557391835,00;76150
WINFUT;23/11/2023;16:10:00;167889,11;167902,30;167823,17;167875,92;2541213370,00;75694
WINFUT;23/11/2023;16:00:00;167823,17;167948,45;167803,39;167882,51;3944515654,00;117473
WINFUT;23/11/2023;15:50:00;167856,14;167862,73;167770,42;167823,17;2676887120,00;79757
WINFUT;23/11/2023;15:40:00;167770,42;167875,92;167730,85;167862,73;4497164698,00;133996
WINFUT;23/11/2023;15:30:00;167711,07;167796,79;167645,13;167770,42;5129594904,00;152917
WINFUT;23/11/2023;15:20:00;167829,76;167869,33;167691,29;167717,67;4768487600,00;142107
WINFUT;23/11/2023;15:10:00;167968,24;167988,02;167816,57;167836,36;3608144960,00;107447
WINFUT;23/11/2023;15:00:00;167895,70;168007,80;167889,11;167968,24;3707014218,00;110356
WINFUT;23/11/2023;14:50:00;167882,51;167928,67;167849,54;167895,70;2622706259,00;78109
WINFUT;23/11/2023;14:40:00;167908,89;167941,86;167862,73;167889,11;3818320793,00;113704
WINFUT;23/11/2023;14:30:00;167823,17;167928,67;167750,64;167915,48;4466128850,00;133049
WINFUT;23/11/2023;14:20:00;167790,20;167823,17;167717,67;167816,57;3562996127,00;106187
WINFUT;23/11/2023;14:10:00;167842,95;167895,70;167757,23;167790,20;3684037718,00;109769
WINFUT;23/11/2023;14:00:00;167889,11;167935,27;167809,98;167842,95;3801033522,00;113216
WINFUT;23/11/2023;13:50:00;167882,51;168014,39;167869,33;167882,51;5299115647,00;157770
WINFUT;23/11/2023;13:40:00;167889,11;167922,08;167836,36;167875,92;2178857493,00;64894
WINFUT;23/11/2023;13:30:00;167862,73;167922,08;167790,20;167889,11;3951006405,00;117694
WINFUT;23/11/2023;13:20:00;167842,95;167948,45;167829,76;167856,14;4426154299,00;131810
WINFUT;23/11/2023;13:10:00;167816,57;167862,73;167790,20;167842,95;2833242293,00;84408
WINFUT;23/11/2023;13:00:00;167961,64;167968,24;167790,20;167816,57;5014044847,00;149338
WINFUT;23/11/2023;12:50:00;167988,02;168034,18;167928,67;167968,24;2735679693,00;81429
WINFUT;23/11/2023;12:40:00;168040,77;168086,93;167941,86;167988,02;4074818989,00;121267
WINFUT;23/11/2023;12:30:00;168126,49;168152,87;167981,42;168040,77;4681487867,00;139281
WINFUT;23/11/2023;12:20:00;168146,27;168205,62;168093,52;168126,49;3939041489,00;117133
WINFUT;23/11/2023;12:10:00;168113,30;168192,43;167994,61;168152,87;6446753638,00;191741
WINFUT;23/11/2023;12:00:00;168060,55;168133,09;168034,18;168119,90;5270985973,00;156791
WINFUT;23/11/2023;11:50:00;168034,18;168119,90;168001,21;168053,96;4587559923,00;136486
WINFUT;23/11/2023;11:40:00;168034,18;168093,52;167961,64;168034,18;7036581479,00;209381
WINFUT;23/11/2023;11:30:00;167968,24;168040,77;167902,30;168027,58;9919368401,00;295286
WINFUT;23/11/2023;11:20:00;167790,20;167974,83;167631,94;167961,64;1,106320924E10;329711
WINFUT;23/11/2023;11:10:00;167434,12;167816,57;167368,18;167790,20;1,394356974E10;415904
WINFUT;23/11/2023;11:00:00;167440,72;167645,13;167401,15;167440,72;1,166390347E10;348073
WINFUT;23/11/2023;10:50:00;167381,37;167486,88;167190,15;167440,72;1,064439371E10;318075
WINFUT;23/11/2023;10:40:00;167480,28;167552,82;167315,43;167381,37;9356648025,00;279373
WINFUT;23/11/2023;10:30:00;167566,00;167605,57;167302,25;167480,28;1,331392444E10;397546
WINFUT;23/11/2023;10:20:00;167335,21;167572,60;167190,15;167559,41;1,548603304E10;462627
WINFUT;23/11/2023;10:10:00;167031,89;167414,34;166787,92;167341,81;2,081673657E10;622923
WINFUT;23/11/2023;10:00:00;167163,77;167302,25;166992,33;167031,89;1,387657825E10;415054
WINFUT;23/11/2023;09:50:00;167045,08;167190,15;167045,08;167157,18;4745400864,00;141982
WINFUT;23/11/2023;09:40:00;167196,74;167216,52;167038,49;167045,08;5325542263,00;159317
WINFUT;23/11/2023;09:30:00;167176,96;167282,46;167137,40;167196,74;4850936026,00;145048
WINFUT;23/11/2023;09:20:00;167025,30;167242,90;166998,92;167183,55;5744504227,00;171822
WINFUT;23/11/2023;09:10:00;166979,14;167196,74;166946,17;167031,89;7825911882,00;234211
WINFUT;23/11/2023;09:00:00;166959,36;167203,34;166682,41;166979,14;1,262500582E10;378106
WINFUT;22/11/2023;18:20:00;167289,06;167335,21;167236,31;167295,65;1387086936,00;41457
WINFUT;22/11/2023;18:10:00;167183,55;167295,65;167157,18;167275,87;2502573399,00;74833
WINFUT;22/11/2023;18:00:00;167196,74;167209,93;167104,43;167183,55;3053121287,00;91323
WINFUT;22/11/2023;17:50:00;166906,61;167223,12;166906,61;167190,15;6660288047,00;199290
WINFUT;22/11/2023;17:40:00;167018,70;167031,89;166867,04;166913,20;4170188160,00;124912
WINFUT;22/11/2023;17:30:00;166965,95;167051,67;166946,17;167018,70;2890848692,00;86546
WINFUT;22/11/2023;17:20:00;167025,30;167051,67;166906,61;166965,95;5214744438,00;156156
WINFUT;22/11/2023;17:10:00;166965,95;167117,61;166913,20;167025,30;5575849091,00;166915
WINFUT;22/11/2023;17:00:00;166886,82;167051,67;166873,64;166972,55;6315763595,00;189117
WINFUT;22/11/2023;16:50:00;166590,10;166939,58;166517,56;166880,23;9915433479,00;297277
WINFUT;22/11/2023;16:40:00;166715,38;166814,29;166491,19;166590,10;1,047784267E10;314358
WINFUT;22/11/2023;16:30:00;167117,61;167137,40;166689,01;166708,79;9876432553,00;295889
WINFUT;22/11/2023;16:20:00;167084,64;167157,18;166919,79;167117,61;8460313242,00;253259
WINFUT;22/11/2023;16:10:00;167328,62;167381,37;167038,49;167071,46;8918698039,00;266770
WINFUT;22/11/2023;16:00:00;167414,34;167434,12;167190,15;167328,62;8811987582,00;263350
WINFUT;22/11/2023;15:50:00;167440,72;167546,22;167381,37;167414,34;4854902946,00;144946
WINFUT;22/11/2023;15:40:00;167480,28;167618,76;167368,18;167440,72;7856514883,00;234577
WINFUT;22/11/2023;15:30:00;167500,06;167598,97;167447,31;167480,28;6397886962,00;190963
WINFUT;22/11/2023;15:20:00;167394,56;167533,03;167322,03;167500,06;6319289479,00;188686
WINFUT;22/11/2023;15:10:00;167341,81;167579,19;167308,84;167387,97;1,21222984E10;361959
WINFUT;22/11/2023;15:00:00;167064,86;167374,78;167038,49;167341,81;1,169326912E10;349633
WINFUT;22/11/2023;14:50:00;166735,16;167176,96;166735,16;167058,27;1,447076461E10;433386
WINFUT;22/11/2023;14:40:00;167467,09;167480,28;166735,16;166735,16;2,894654949E10;866184
WINFUT;22/11/2023;14:30:00;167836,36;167902,30;167460,50;167467,09;1,426071058E10;425213
WINFUT;22/11/2023;14:20:00;167935,27;168073,74;167829,76;167842,95;8322095208,00;247728
WINFUT;22/11/2023;14:10:00;168027,58;168034,18;167842,95;167941,86;7284242611,00;216876
WINFUT;22/11/2023;14:00:00;167994,61;168053,96;167882,51;168020,99;5500267340,00;163734
WINFUT;22/11/2023;13:50:00;167902,30;168014,39;167895,70;167994,61;4632825928,00;137924
WINFUT;22/11/2023;13:40:00;167783,60;167994,61;167757,23;167902,30;7743294523,00;230591
WINFUT;22/11/2023;13:30:00;167809,98;167915,48;167777,01;167783,60;6675773967,00;198863
WINFUT;22/11/2023;13:20:00;167625,35;167862,73;167585,79;167809,98;8744056634,00;260626
WINFUT;22/11/2023;13:10:00;167638,54;167671,51;167533,03;167631,94;7072939061,00;211004
WINFUT;22/11/2023;13:00:00;167539,63;167651,73;167407,75;167645,13;1,135791609E10;339005
WINFUT;22/11/2023;12:50:00;167671,51;167724,26;167526,44;167539,63;9794137382,00;292169
WINFUT;22/11/2023;12:40:00;167638,54;167809,98;167618,76;167671,51;6704107286,00;199857
WINFUT;22/11/2023;12:30:00;167750,64;167869,33;167598,97;167631,94;9404534109,00;280308
WINFUT;22/11/2023;12:20:00;167691,29;167796,79;167612,16;167757,23;1,01832605E10;303602
WINFUT;22/11/2023;12:10:00;167724,26;167823,17;167559,41;167691,29;1,307925306E10;390012
WINFUT;22/11/2023;12:00:00;167981,42;167981,42;167697,88;167724,26;1,47888693E10;440680
WINFUT;22/11/2023;11:50:00;167915,48;168040,77;167744,04;167974,83;1,513094015E10;450651
WINFUT;22/11/2023;11:40:00;168377,06;168403,44;167823,17;167922,08;1,775593348E10;528185
WINFUT;22/11/2023;11:30:00;168396,84;168449,60;168040,77;168370,47;2,213418399E10;657795
WINFUT;22/11/2023;11:20:00;168291,34;168403,44;168264,96;168390,25;1,082889291E10;321648
WINFUT;22/11/2023;11:10:00;168232,00;168317,72;168133,09;168291,34;1,019343595E10;302946
WINFUT;22/11/2023;11:00:00;168205,62;168324,31;168119,90;168238,59;1,198775524E10;356300
WINFUT;22/11/2023;10:50:00;168086,93;168264,96;168034,18;168205,62;1,13885839E10;338639
WINFUT;22/11/2023;10:40:00;168106,71;168238,59;167941,86;168080,33;1,459590774E10;434082
WINFUT;22/11/2023;10:30:00;168001,21;168139,68;167823,17;168113,30;1,713643789E10;509922
WINFUT;22/11/2023;10:20:00;167691,29;168034,18;167618,76;168001,21;2,156876967E10;642524
WINFUT;22/11/2023;10:10:00;167427,53;167790,20;167203,34;167691,29;2,336069458E10;697457
WINFUT;22/11/2023;10:00:00;167638,54;167678,10;167315,43;167427,53;1,925969977E10;574995
WINFUT;22/11/2023;09:50:00;167598,97;167744,04;167546,22;167638,54;7406230635,00;220925
WINFUT;22/11/2023;09:40:00;167546,22;167631,94;167526,44;167598,97;7979458156,00;238078
WINFUT;22/11/2023;09:30:00;167335,21;167566,00;167275,87;167546,22;9733219858,00;290664
WINFUT;22/11/2023;09:20:00;167513,25;167559,41;167328,62;167335,21;6562263437,00;195933
WINFUT;22/11/2023;09:10:00;167355,00;167585,79;167328,62;167506,66;8455420211,00;252434
WINFUT;22/11/2023;09:00:00;166985,73;167434,12;166985,73;167348,40;1,035738499E10;309540
WINFUT;21/11/2023;18:20:00;166801,10;166919,79;166781,32;166860,45;1537888485,00;46085
WINFUT;21/11/2023;18:10:00;166807,70;166900,01;166768,13;166801,10;2410447848,00;72244
WINFUT;21/11/2023;18:00:00;166952,76;166959,36;166761,54;166807,70;4372276454,00;131043
WINFUT;21/11/2023;17:50:00;166992,33;167012,11;166906,61;166946,17;3429326980,00;102708
WINFUT;21/11/2023;17:40:00;166768,13;167018,70;166754,95;166985,73;7501196195,00;224703
WINFUT;21/11/2023;17:30:00;166794,51;166820,89;166708,79;166774,73;3472418913,00;104110
WINFUT;21/11/2023;17:20:00;166636,25;166820,89;166623,07;166794,51;6564192737,00;196874
WINFUT;21/11/2023;17:10:00;166603,28;166656,04;166576,91;166629,66;3375340410,00;101296
WINFUT;21/11/2023;17:00:00;166609,88;166669,22;166557,13;166603,28;4425119804,00;132796
WINFUT;21/11/2023;16:50:00;166616,47;166649,44;166464,81;166616,47;6341501522,00;190373
WINFUT;21/11/2023;16:40:00;166557,13;166675,82;166524,16;166616,47;5234160311,00;157083
WINFUT;21/11/2023;16:30:00;166563,72;166576,91;166458,22;166550,53;4493750350,00;134935
WINFUT;21/11/2023;16:20:00;166491,19;166590,10;166438,43;166563,72;5145588833,00;154506
WINFUT;21/11/2023;16:10:00;166260,40;166583,50;166247,21;166497,78;9153906885,00;274982
WINFUT;21/11/2023;16:00:00;166266,99;166451,62;166069,17;166260,40;1,014877436E10;305130
WINFUT;21/11/2023;15:50:00;166313,15;166379,09;166220,83;166266,99;5944312823,00;178724
WINFUT;21/11/2023;15:40:00;166187,86;166438,43;166115,33;166306,56;8919755399,00;268167
WINFUT;21/11/2023;15:30:00;166319,74;166346,12;165996,64;166187,86;1,327481199E10;399519
WINFUT;21/11/2023;15:20:00;166524,16;166537,34;166247,21;166319,74;1,109915835E10;333590
WINFUT;21/11/2023;15:10:00;166636,25;166682,41;166458,22;166530,75;8550670345,00;256724
WINFUT;21/11/2023;15:00:00;166939,58;166965,95;166537,34;166629,66;1,118640705E10;335502
WINFUT;21/11/2023;14:50:00;167058,27;167091,24;166840,67;166932,98;7344812668,00;219991
WINFUT;21/11/2023;14:40:00;166761,54;167058,27;166721,98;167058,27;7873339376,00;235859
WINFUT;21/11/2023;14:30:00;166913,20;167117,61;166702,19;166761,54;1,250174632E10;374487
WINFUT;21/11/2023;14:20:00;166656,04;166932,98;166649,44;166919,79;9991676188,00;299528
WINFUT;21/11/2023;14:10:00;166642,85;166721,98;166570,31;166656,04;6109875924,00;183330
WINFUT;21/11/2023;14:00:00;166616,47;166761,54;166570,31;166642,85;5613044117,00;168408
WINFUT;21/11/2023;13:50:00;166609,88;166636,25;166510,97;166609,88;4632874845,00;139056
WINFUT;21/11/2023;13:40:00;166537,34;166616,47;166392,28;166609,88;9883266158,00;296768
WINFUT;21/11/2023;13:30:00;166576,91;166649,44;166530,75;166543,94;4065525266,00;122023
WINFUT;21/11/2023;13:20:00;166557,13;166656,04;166537,34;166570,31;4604343393,00;138189
WINFUT;21/11/2023;13:10:00;166642,85;166689,01;166530,75;166557,13;6317113759,00;189578
WINFUT;21/11/2023;13:00:00;166596,69;166669,22;166491,19;166642,85;7418496861,00;222656
WINFUT;21/11/2023;12:50:00;166451,62;166623,07;166346,12;166596,69;9634009758,00;289324
WINFUT;21/11/2023;12:40:00;166240,62;166478,00;166201,05;166451,62;9856647503,00;296259
WINFUT;21/11/2023;12:30:00;166253,80;166306,56;166141,71;166234,02;1,031823785E10;310396
WINFUT;21/11/2023;12:20:00;166563,72;166570,31;166194,46;166253,80;1,284011948E10;385877
WINFUT;21/11/2023;12:10:00;166754,95;166768,13;166313,15;166563,72;1,470122659E10;441496
WINFUT;21/11/2023;12:00:00;166827,48;166919,79;166517,56;166754,95;1,492636326E10;447656
WINFUT;21/11/2023;11:50:00;166926,39;167091,24;166754,95;166820,89;1,118847133E10;335133
WINFUT;21/11/2023;11:40:00;167031,89;167209,93;166853,85;166932,98;1,575008079E10;471528
WINFUT;21/11/2023;11:30:00;166939,58;167236,31;166867,04;167038,49;1,891005626E10;566095
WINFUT;21/11/2023;11:20:00;167150,58;167203,34;166919,79;166939,58;1,308677329E10;391694
WINFUT;21/11/2023;11:10:00;167018,70;167183,55;166867,04;167157,18;1,78997361E10;535762
WINFUT;21/11/2023;11:00:00;166814,29;167031,89;166669,22;167025,30;1,47970497E10;443520
WINFUT;21/11/2023;10:50:00;166787,92;166959,36;166682,41;166814,29;1,221978539E10;366231
WINFUT;21/11/2023;10:40:00;166979,14;166979,14;166735,16;166794,51;1,095229817E10;328241
WINFUT;21/11/2023;10:30:00;166801,10;167117,61;166735,16;166979,14;2,006693663E10;601018
WINFUT;21/11/2023;10:20:00;166728,57;166946,17;166675,82;166801,10;1,681179294E10;503899
WINFUT;21/11/2023;10:10:00;166458,22;166741,76;166379,09;166728,57;1,669814067E10;501359
WINFUT;21/11/2023;10:00:00;166847,26;166853,85;166405,46;166451,62;1,633528166E10;490106
WINFUT;21/11/2023;09:50:00;166781,32;166847,26;166748,35;166840,67;3671011681,00;110042
WINFUT;21/11/2023;09:40:00;166820,89;166847,26;166754,95;166781,32;4330572657,00;129812
WINFUT;21/11/2023;09:30:00;167031,89;167064,86;166708,79;166820,89;1,202406779E10;360302
WINFUT;21/11/2023;09:20:00;167045,08;167111,02;166965,95;167031,89;6770594243,00;202664
WINFUT;21/11/2023;09:10:00;167104,43;167157,18;167038,49;167051,67;5910744809,00;176864
WINFUT;21/11/2023;09:00:00;167209,93;167473,69;167012,11;167104,43;1,169724744E10;349712
WINFUT;20/11/2023;18:20:00;167572,60;167638,54;167519,85;167618,76;1363866824,00;40691
WINFUT;20/11/2023;18:10:00;167361,59;167612,16;167341,81;167572,60;3729403724,00;111343
WINFUT;20/11/2023;18:00:00;167420,94;167434,12;167308,84;167368,18;2907647160,00;86865
WINFUT;20/11/2023;17:50:00;167361,59;167434,12;167289,06;167420,94;4887546311,00;146033
WINFUT;20/11/2023;17:40:00;167467,09;167473,69;167348,40;167368,18;3686738108,00;110120
WINFUT;20/11/2023;17:30:00;167506,66;167506,66;167374,78;167473,69;4294496778,00;128239
WINFUT;20/11/2023;17:20:00;167460,50;167579,19;167434,12;167506,66;4452780944,00;132910
WINFUT;20/11/2023;17:10:00;167361,59;167513,25;167335,21;167460,50;4962283578,00;148191
WINFUT;20/11/2023;17:00:00;167328,62;167401,15;167249,49;167361,59;5859181639,00;175084
WINFUT;20/11/2023;16:50:00;167460,50;167513,25;167315,43;167322,03;5471732793,00;163415
WINFUT;20/11/2023;16:40:00;167262,68;167579,19;167262,68;167460,50;1,124127319E10;335673
WINFUT;20/11/2023;16:30:00;167335,21;167374,78;166985,73;167262,68;1,74225138E10;521135
WINFUT;20/11/2023;16:20:00;167440,72;167506,66;167302,25;167335,21;7248935152,00;216506
WINFUT;20/11/2023;16:10:00;167341,81;167473,69;167249,49;167440,72;7695589075,00;229911
WINFUT;20/11/2023;16:00:00;167519,85;167539,63;167295,65;167341,81;7698473587,00;229965
WINFUT;20/11/2023;15:50:00;167519,85;167579,19;167420,94;167519,85;5876502172,00;175416
WINFUT;20/11/2023;15:40:00;167500,06;167559,41;167460,50;167513,25;4606366372,00;137494
WINFUT;20/11/2023;15:30:00;167559,41;167625,35;167486,88;167506,66;5684170048,00;169620
WINFUT;20/11/2023;15:20:00;167467,09;167598,97;167453,91;167552,82;7806635202,00;232989
WINFUT;20/11/2023;15:10:00;167295,65;167486,88;167289,06;167460,50;8109115752,00;242188
WINFUT;20/11/2023;15:00:00;167104,43;167486,88;167097,83;167302,25;1,581391757E10;472548
WINFUT;20/11/2023;14:50:00;166952,76;167170,37;166919,79;167104,43;7213999472,00;215908
WINFUT;20/11/2023;14:40:00;167051,67;167084,64;166906,61;166959,36;5788215511,00;173337
WINFUT;20/11/2023;14:30:00;167012,11;167130,80;166965,95;167058,27;6084280599,00;182102
WINFUT;20/11/2023;14:20:00;166952,76;167051,67;166932,98;167012,11;6306840492,00;188830
WINFUT;20/11/2023;14:10:00;166794,51;166959,36;166781,32;166952,76;5092874443,00;152584
WINFUT;20/11/2023;14:00:00;166715,38;166873,64;166689,01;166794,51;5082256185,00;152360
WINFUT;20/11/2023;13:50:00;166840,67;166946,17;166708,79;166715,38;5963877017,00;178740
WINFUT;20/11/2023;13:40:00;166768,13;166886,82;166761,54;166840,67;4464226134,00;133797
WINFUT;20/11/2023;13:30:00;166834,07;166926,39;166735,16;166761,54;5873347278,00;176020
WINFUT;20/11/2023;13:20:00;166814,29;166867,04;166761,54;166827,48;4460793444,00;133704
WINFUT;20/11/2023;13:10:00;166669,22;166847,26;166623,07;166820,89;6255217668,00;187566
WINFUT;20/11/2023;13:00:00;166807,70;166867,04;166649,44;166662,63;6550341729,00;196415
WINFUT;20/11/2023;12:50:00;166814,29;166860,45;166728,57;166801,10;4082149427,00;122372
WINFUT;20/11/2023;12:40:00;166761,54;166860,45;166695,60;166814,29;6578172033,00;197205
WINFUT;20/11/2023;12:30:00;166972,55;166979,14;166721,98;166768,13;7531839579,00;225722
WINFUT;20/11/2023;12:20:00;167051,67;167130,80;166886,82;166965,95;8853630490,00;265056
WINFUT;20/11/2023;12:10:00;166860,45;167064,86;166847,26;167051,67;8272070656,00;247688
WINFUT;20/11/2023;12:00:00;166847,26;167005,52;166695,60;166860,45;1,206955678E10;361652
WINFUT;20/11/2023;11:50:00;166735,16;166893,42;166517,56;166847,26;1,395892349E10;418713
WINFUT;20/11/2023;11:40:00;166445,03;166959,36;166392,28;166735,16;2,20547724E10;661345
WINFUT;20/11/2023;11:30:00;166260,40;166510,97;166181,27;166451,62;1,688858392E10;507645
WINFUT;20/11/2023;11:20:00;166365,90;166405,46;166247,21;166266,99;7875890092,00;236763
WINFUT;20/11/2023;11:10:00;166418,65;166530,75;166293,37;166359,31;9143967122,00;274713
WINFUT;20/11/2023;11:00:00;166425,25;166669,22;166293,37;166418,65;1,348096384E10;404940
WINFUT;20/11/2023;10:50:00;166431,84;166471,40;166253,80;166425,25;8650611172,00;259991
WINFUT;20/11/2023;10:40:00;166148,30;166451,62;166148,30;166425,25;1,15027505E10;345778
WINFUT;20/11/2023;10:30:00;166286,77;166293,37;165963,67;166148,30;1,579089719E10;475252
WINFUT;20/11/2023;10:20:00;166563,72;166636,25;166253,80;166286,77;1,189944781E10;357379
WINFUT;20/11/2023;10:10:00;166583,50;166689,01;166445,03;166570,31;1,141337002E10;342567
WINFUT;20/11/2023;10:00:00;166517,56;166669,22;166438,43;166590,10;1,207261261E10;362413
WINFUT;20/11/2023;09:50:00;166332,93;166583,50;166286,77;166517,56;1,053424373E10;316428
WINFUT;20/11/2023;09:40:00;166128,52;166332,93;166102,14;166332,93;5600561205,00;168496
WINFUT;20/11/2023;09:30:00;166346,12;166352,71;166088,95;166128,52;8551493949,00;257272
WINFUT;20/11/2023;09:20:00;166359,31;166431,84;166247,21;166346,12;6638724345,00;199552
WINFUT;20/11/2023;09:10:00;166102,14;166385,68;166055,98;166359,31;6367005342,00;191469
WINFUT;20/11/2023;09:00:00;166385,68;166418,65;166029,61;166108,74;7403981605,00;222780
WINFUT;17/11/2023;18:20:00;165976,86;166095,55;165937,29;166029,61;1350632592,00;40680
WINFUT;17/11/2023;18:10:00;165937,29;165990,04;165812,01;165976,86;2367371972,00;71350
WINFUT;17/11/2023;18:00:00;165864,76;165937,29;165812,01;165930,70;2180829425,00;65743
WINFUT;17/11/2023;17:50:00;165831,79;166016,42;165792,23;165871,35;5815994197,00;175285
WINFUT;17/11/2023;17:40:00;165990,04;166016,42;165785,63;165838,38;6176489534,00;186154
WINFUT;17/11/2023;17:30:00;166240,62;166293,37;165930,70;165990,04;9122056790,00;274634
WINFUT;17/11/2023;17:20:00;166174,68;166326,34;166161,49;166240,62;4821141179,00;144993
WINFUT;17/11/2023;17:10:00;166253,80;166273,59;166154,89;166181,27;3854527972,00;115963
WINFUT;17/11/2023;17:00:00;166108,74;166266,99;166009,83;166260,40;7027025143,00;211466
WINFUT;17/11/2023;16:50:00;166016,42;166187,86;165976,86;166115,33;5608430041,00;168847
WINFUT;17/11/2023;16:40:00;165976,86;166174,68;165924,11;166023,01;8822528637,00;265661
WINFUT;17/11/2023;16:30:00;166326,34;166339,53;165937,29;165970,26;1,100612054E10;331303
WINFUT;17/11/2023;16:20:00;166405,46;166405,46;166260,40;166332,93;5977995516,00;179706
WINFUT;17/11/2023;16:10:00;166451,62;166491,19;166359,31;166405,46;5137955345,00;154367
WINFUT;17/11/2023;16:00:00;166339,53;166458,22;166293,37;166451,62;6461434694,00;194182
WINFUT;17/11/2023;15:50:00;166458,22;166458,22;166313,15;166339,53;5817486249,00;174842
WINFUT;17/11/2023;15:40:00;166537,34;166629,66;166418,65;166451,62;7480692052,00;224599
WINFUT;17/11/2023;15:30:00;166524,16;166563,72;166438,43;166537,34;5225691321,00;156927
WINFUT;17/11/2023;15:20:00;166662,63;166715,38;166491,19;166530,75;7430700242,00;223052
WINFUT;17/11/2023;15:10:00;166603,28;166748,35;166570,31;166662,63;6221446563,00;186653
WINFUT;17/11/2023;15:00:00;166537,34;166689,01;166530,75;166596,69;6996379460,00;209937
WINFUT;17/11/2023;14:50:00;166570,31;166603,28;166491,19;166537,34;3874280961,00;116316
WINFUT;17/11/2023;14:40:00;166557,13;166603,28;166464,81;166563,72;5062093225,00;151977
WINFUT;17/11/2023;14:30:00;166464,81;166629,66;166464,81;166563,72;7707491979,00;231380
WINFUT;17/11/2023;14:20:00;166537,34;166557,13;166405,46;166464,81;7158242512,00;215002
WINFUT;17/11/2023;14:10:00;166234,02;166649,44;166234,02;166530,75;1,233520658E10;370515
WINFUT;17/11/2023;14:00:00;166121,92;166293,37;166115,33;166234,02;7049676492,00;212075
WINFUT;17/11/2023;13:50:00;166036,20;166161,49;165996,64;166121,92;6466954331,00;194679
WINFUT;17/11/2023;13:40:00;165970,26;166042,80;165858,17;166042,80;6425797362,00;193619
WINFUT;17/11/2023;13:30:00;166069,17;166075,77;165858,17;165970,26;6308187354,00;190053
WINFUT;17/11/2023;13:20:00;166049,39;166148,30;166003,23;166075,77;5002865718,00;150621
WINFUT;17/11/2023;13:10:00;166036,20;166141,71;165976,86;166049,39;6994466998,00;210610
WINFUT;17/11/2023;13:00:00;166102,14;166154,89;165871,35;166036,20;9646741538,00;290579
WINFUT;17/11/2023;12:50:00;166121,92;166220,83;166055,98;166102,14;5449531771,00;164004
WINFUT;17/11/2023;12:40:00;166115,33;166207,65;166042,80;166121,92;6165222229,00;185564
WINFUT;17/11/2023;12:30:00;166234,02;166280,18;166042,80;166115,33;9202475085,00;276929
WINFUT;17/11/2023;12:20:00;166280,18;166484,59;166181,27;166234,02;1,253755376E10;376880
WINFUT;17/11/2023;12:10:00;166108,74;166359,31;166029,61;166286,77;1,17376966E10;353140
WINFUT;17/11/2023;12:00:00;165996,64;166194,46;165937,29;166115,33;1,331930314E10;400993
WINFUT;17/11/2023;11:50:00;166009,83;166036,20;165779,04;165990,04;1,112351893E10;335209
WINFUT;17/11/2023;11:40:00;165924,11;166115,33;165792,23;166003,23;1,660938233E10;500426
WINFUT;17/11/2023;11:30:00;165581,22;165943,89;165554,84;165924,11;1,782646417E10;537728
WINFUT;17/11/2023;11:20:00;165877,95;165957,07;165548,25;165581,22;1,019211569E10;307434
WINFUT;17/11/2023;11:10:00;165851,57;165943,89;165765,85;165877,95;7655755552,00;230788
WINFUT;17/11/2023;11:00:00;165818,60;165996,64;165732,88;165844,98;1,417442042E10;427310
WINFUT;17/11/2023;10:50:00;165772,44;165838,38;165620,78;165818,60;1,108699437E10;334482
WINFUT;17/11/2023;10:40:00;165798,82;165937,29;165666,94;165779,04;1,231359737E10;371322
WINFUT;17/11/2023;10:30:00;165759,26;166069,17;165627,38;165792,23;1,981702079E10;597394
WINFUT;17/11/2023;10:20:00;166049,39;166069,17;165620,78;165752,66;1,58701735E10;478387
WINFUT;17/11/2023;10:10:00;166187,86;166299,96;165963,67;166049,39;1,317063365E10;396408
WINFUT;17/11/2023;10:00:00;166108,74;166365,90;166102,14;166181,27;1,445818038E10;434888
WINFUT;17/11/2023;09:50:00;165983,45;166135,11;165983,45;166115,33;9515629037,00;286512
WINFUT;17/11/2023;09:40:00;165884,54;166009,83;165851,57;165983,45;1,09255953E10;329196
WINFUT;17/11/2023;09:30:00;165713,10;165897,73;165601,00;165884,54;1,117820862E10;337174
WINFUT;17/11/2023;09:20:00;165508,68;165746,07;165462,53;165713,10;8412279189,00;253982
WINFUT;17/11/2023;09:10:00;165627,38;165660,35;165469,12;165508,68;9382947856,00;283358
WINFUT;17/11/2023;09:00:00;165950,48;166042,80;165601,00;165627,38;1,205565408E10;363592
WINFUT;16/11/2023;18:20:00;165844,98;165943,89;165759,26;165943,89;1648556876,00;49698
WINFUT;16/11/2023;18:10:00;165699,91;165904,32;165693,32;165844,98;4639155058,00;139893
WINFUT;16/11/2023;18:00:00;165864,76;165871,35;165673,53;165699,91;3110253860,00;93818
WINFUT;16/11/2023;17:50:00;165772,44;165877,95;165719,69;165858,17;5252621353,00;158397
WINFUT;16/11/2023;17:40:00;165673,53;165877,95;165660,35;165772,44;7770431857,00;234334
WINFUT;16/11/2023;17:30:00;165653,75;165752,66;165581,22;165680,13;6736890415,00;203346
WINFUT;16/11/2023;17:20:00;165713,10;165746,07;165647,16;165653,75;4419294591,00;133358
WINFUT;16/11/2023;17:10:00;165706,50;165759,26;165693,32;165713,10;4013570672,00;121091
WINFUT;16/11/2023;17:00:00;165752,66;165759,26;165627,38;165713,10;4982774239,00;150354
WINFUT;16/11/2023;16:50:00;165772,44;165772,44;165594,41;165746,07;8042595548,00;242719
WINFUT;16/11/2023;16:40:00;165772,44;165877,95;165739,47;165779,04;6691114316,00;201776
WINFUT;16/11/2023;16:30:00;165607,59;165825,20;165581,22;165765,85;7686770490,00;231926
WINFUT;16/11/2023;16:20:00;165693,32;165719,69;165535,06;165607,59;6325667927,00;190962
WINFUT;16/11/2023;16:10:00;165601,00;165713,10;165554,84;165693,32;7541759256,00;227676
WINFUT;16/11/2023;16:00:00;165442,75;165647,16;165409,78;165601,00;9213886749,00;278305
WINFUT;16/11/2023;15:50:00;165225,14;165502,09;165218,55;165449,34;8042937468,00;243138
WINFUT;16/11/2023;15:40:00;165436,15;165502,09;165185,58;165231,74;9483335547,00;286777
WINFUT;16/11/2023;15:30:00;165429,56;165581,22;165383,40;165436,15;1,016347923E10;307080
WINFUT;16/11/2023;15:20:00;165251,52;165488,90;165165,80;165422,96;9665156236,00;292272
WINFUT;16/11/2023;15:10:00;165099,86;165357,02;165014,14;165264,71;1,146986916E10;347127
WINFUT;16/11/2023;15:00:00;165113,05;165304,27;165060,29;165099,86;1,016955985E10;307807
WINFUT;16/11/2023;14:50:00;165165,80;165238,33;164981,17;165106,45;8737292221,00;264591
WINFUT;16/11/2023;14:40:00;165053,70;165304,27;165020,73;165165,80;1,159711349E10;351022
WINFUT;16/11/2023;14:30:00;165033,92;165093,26;164902,04;165053,70;8622542474,00;261281
WINFUT;16/11/2023;14:20:00;165047,11;165139,42;164948,20;165033,92;8031356583,00;243298
WINFUT;16/11/2023;14:10:00;164756,97;165093,26;164717,41;165047,11;1,216620171E10;368815
WINFUT;16/11/2023;14:00:00;164526,18;164776,75;164499,81;164763,57;9784423466,00;297144
WINFUT;16/11/2023;13:50:00;164394,30;164532,78;164308,58;164519,59;7332533310,00;222994
WINFUT;16/11/2023;13:40:00;164407,49;164499,81;164222,86;164400,90;9568951476,00;291084
WINFUT;16/11/2023;13:30:00;164387,71;164592,12;164203,08;164414,09;1,437108291E10;437057
WINFUT;16/11/2023;13:20:00;164743,78;164743,78;164341,55;164387,71;1,170615062E10;355832
WINFUT;16/11/2023;13:10:00;164875,66;164941,60;164684,44;164743,78;8548867553,00;259346
WINFUT;16/11/2023;13:00:00;164935,01;164994,36;164756,97;164875,66;8549639331,00;259270
WINFUT;16/11/2023;12:50:00;164737,19;164941,60;164644,87;164935,01;8198100681,00;248775
WINFUT;16/11/2023;12:40:00;164941,60;164974,57;164625,09;164737,19;1,035231749E10;314157
WINFUT;16/11/2023;12:30:00;164730,60;164967,98;164631,69;164948,20;1,256992188E10;381341
WINFUT;16/11/2023;12:20:00;164486,62;164756,97;164473,43;164730,60;9307066582,00;282690
WINFUT;16/11/2023;12:10:00;164677,84;164730,60;164414,09;164480,03;1,159296487E10;352214
WINFUT;16/11/2023;12:00:00;164552,56;164862,48;164466,84;164677,84;1,484872251E10;450890
WINFUT;16/11/2023;11:50:00;164915,23;164935,01;164519,59;164559,15;1,37052103E10;415993
WINFUT;16/11/2023;11:40:00;164981,17;165159,20;164862,48;164921,82;1,592117869E10;482393
WINFUT;16/11/2023;11:30:00;164598,72;165020,73;164585,53;164981,17;1,905467018E10;578173
WINFUT;16/11/2023;11:20:00;164625,09;164803,13;164519,59;164592,12;1,269897912E10;385597
WINFUT;16/11/2023;11:10:00;164862,48;165086,67;164572,34;164618,50;1,652309329E10;501146
WINFUT;16/11/2023;11:00:00;165007,54;165066,89;164789,94;164862,48;1,601993731E10;485669
WINFUT;16/11/2023;10:50:00;164855,88;165040,51;164730,60;165007,54;1,478399214E10;448297
WINFUT;16/11/2023;10:40:00;164539,37;164921,82;164513,00;164855,88;1,617335855E10;490905
WINFUT;16/11/2023;10:30:00;164565,75;164948,20;164466,84;164539,37;2,03086413E10;616625
WINFUT;16/11/2023;10:20:00;164090,98;164697,63;164064,61;164572,34;2,202079668E10;669983
WINFUT;16/11/2023;10:10:00;164031,64;164150,33;163847,00;164090,98;1,415630281E10;431619
WINFUT;16/11/2023;10:00:00;163748,09;164209,67;163734,91;164025,04;1,492219203E10;455067
WINFUT;16/11/2023;09:50:00;163939,32;163965,70;163741,50;163748,09;6505876819,00;198518
WINFUT;16/11/2023;09:40:00;163787,66;163978,88;163708,53;163939,32;7675974085,00;234233
WINFUT;16/11/2023;09:30:00;163748,09;163847,00;163741,50;163781,06;3949953734,00;120570
WINFUT;16/11/2023;09:20:00;163814,03;163853,60;163695,34;163754,69;6386131433,00;194960
WINFUT;16/11/2023;09:10:00;164137,14;164143,73;163781,06;163814,03;1,174906308E10;358394
WINFUT;16/11/2023;09:00:00;164156,92;164480,03;164117,36;164143,73;1,38308463E10;420945
WINFUT;14/11/2023;18:20:00;164216,27;164453,65;164189,89;164341,55;1756664639,00;53464
WINFUT;14/11/2023;18:10:00;164005,26;164295,39;163992,07;164216,27;4930300603,00;150206
WINFUT;14/11/2023;18:00:00;164090,98;164123,95;163959,10;164005,26;3082549311,00;93955
WINFUT;14/11/2023;17:50:00;164071,20;164117,36;163972,29;164084,39;6388354092,00;194727
WINFUT;14/11/2023;17:40:00;164097,57;164110,76;164025,04;164077,79;3682622079,00;112226
WINFUT;14/11/2023;17:30:00;164011,85;164137,14;163998,67;164097,57;5827519493,00;177589
WINFUT;14/11/2023;17:20:00;164058,01;164084,39;163939,32;164005,26;4416597635,00;134655
WINFUT;14/11/2023;17:10:00;163998,67;164143,73;163972,29;164058,01;6927210509,00;211126
WINFUT;14/11/2023;17:00:00;163919,54;164038,23;163879,97;163998,67;5384158716,00;164198
WINFUT;14/11/2023;16:50:00;163906,35;163952,51;163853,60;163919,54;3805080181,00;116078
WINFUT;14/11/2023;16:40:00;163847,00;163932,73;163820,63;163906,35;3915400930,00;119453
WINFUT;14/11/2023;16:30:00;163912,94;163985,48;163820,63;163847,00;5469888749,00;166852
WINFUT;14/11/2023;16:20:00;163860,19;163959,10;163827,22;163912,94;4504386186,00;137418
WINFUT;14/11/2023;16:10:00;163754,69;163932,73;163728,31;163866,79;7113997011,00;217098
WINFUT;14/11/2023;16:00:00;163926,13;163932,73;163675,56;163748,09;8254874468,00;251983
WINFUT;14/11/2023;15:50:00;163912,94;164011,85;163879,97;163926,13;7568233250,00;230809
WINFUT;14/11/2023;15:40:00;163833,82;163939,32;163800,85;163912,94;5216602047,00;159176
WINFUT;14/11/2023;15:30:00;163853,60;163939,32;163781,06;163833,82;5406062301,00;164961
WINFUT;14/11/2023;15:20:00;163807,44;163939,32;163781,06;163860,19;5885794209,00;179591
WINFUT;14/11/2023;15:10:00;163840,41;163873,38;163761,28;163814,03;6707837222,00;204733
WINFUT;14/11/2023;15:00:00;163701,94;163978,88;163701,94;163847,00;9611093275,00;293277
WINFUT;14/11/2023;14:50:00;163550,28;163754,69;163537,09;163708,53;8904046144,00;272062
WINFUT;14/11/2023;14:40:00;163484,34;163556,87;163405,21;163550,28;5959958103,00;182284
WINFUT;14/11/2023;14:30:00;163411,80;163609,62;163405,21;163484,34;6887968935,00;210634
WINFUT;14/11/2023;14:20:00;163490,93;163563,46;163398,61;163405,21;6477579125,00;198097
WINFUT;14/11/2023;14:10:00;163583,25;163629,40;163405,21;163490,93;8239789151,00;251984
WINFUT;14/11/2023;14:00:00;163629,40;163721,72;163563,46;163583,25;6801376677,00;207828
WINFUT;14/11/2023;13:50:00;163794,25;163840,41;163603,03;163622,81;7021060772,00;214398
WINFUT;14/11/2023;13:40:00;163787,66;163899,76;163767,88;163800,85;7581324380,00;231370
WINFUT;14/11/2023;13:30:00;164031,64;164044,82;163774,47;163781,06;8281775390,00;252666
WINFUT;14/11/2023;13:20:00;163978,88;164044,82;163919,54;164031,64;4355275423,00;132792
WINFUT;14/11/2023;13:10:00;163847,00;164018,45;163761,28;163978,88;9140057059,00;278801
WINFUT;14/11/2023;13:00:00;163682,15;163866,79;163629,40;163853,60;7274566628,00;222126
WINFUT;14/11/2023;12:50:00;163576,65;163728,31;163530,49;163675,56;5557154399,00;169808
WINFUT;14/11/2023;12:40:00;163537,09;163688,75;163431,58;163576,65;7372447268,00;225349
WINFUT;14/11/2023;12:30:00;163860,19;163873,38;163490,93;163537,09;1,04312298E10;318696
WINFUT;14/11/2023;12:20:00;163589,84;163912,94;163556,87;163853,60;8917671662,00;272314
WINFUT;14/11/2023;12:10:00;163517,31;163794,25;163484,34;163596,43;1,213482798E10;370745
WINFUT;14/11/2023;12:00:00;163847,00;163919,54;163378,83;163510,71;1,353618362E10;413679
WINFUT;14/11/2023;11:50:00;163800,85;163972,29;163682,15;163853,60;1,395780599E10;426023
WINFUT;14/11/2023;11:40:00;163609,62;164077,79;163457,96;163800,85;1,975182846E10;602838
WINFUT;14/11/2023;11:30:00;163306,30;163636,00;163213,98;163603,03;1,709013588E10;522768
WINFUT;14/11/2023;11:20:00;162956,82;163359,05;162950,22;163306,30;1,231947475E10;377483
WINFUT;14/11/2023;11:10:00;162976,60;163002,98;162673,28;162956,82;1,14099331E10;350307
WINFUT;14/11/2023;11:00:00;162824,94;162989,79;162706,25;162976,60;1,09708027E10;336824
WINFUT;14/11/2023;10:50:00;162871,10;163082,10;162660,09;162831,53;1,363629118E10;418612
WINFUT;14/11/2023;10:40:00;163398,61;163550,28;162541,40;162877,69;2,06981502E10;634977
WINFUT;14/11/2023;10:30:00;161090,72;164572,34;160958,84;163398,61;3,627628258E10;1114927
WINFUT;14/11/2023;10:20:00;160945,66;161268,76;160919,28;161090,72;1,306556031E10;405587
WINFUT;14/11/2023;10:10:00;160945,66;161097,32;160846,75;160945,66;1,499797939E10;465830
WINFUT;14/11/2023;10:00:00;160794,00;160978,63;160747,84;160945,66;1,526637431E10;474501
WINFUT;14/11/2023;09:50:00;160517,05;160820,37;160517,05;160800,59;8045058602,00;250387
WINFUT;14/11/2023;09:40:00;160563,21;160589,58;160503,86;160517,05;3923028773,00;122181
WINFUT;14/11/2023;09:30:00;160352,20;160582,99;160345,61;160563,21;7677274428,00;239186
WINFUT;14/11/2023;09:20:00;160451,11;160457,70;160339,01;160352,20;4199640887,00;130916
WINFUT;14/11/2023;09:10:00;160398,36;160510,45;160358,79;160444,51;5957552032,00;185674
WINFUT;14/11/2023;09:00:00;160332,42;160807,18;160299,45;160398,36;1,590418437E10;495341
WINFUT;13/11/2023;18:20:00;160259,88;160444,51;160253,29;160385,17;1053746942,00;32860
WINFUT;13/11/2023;18:10:00;160246,70;160312,64;160213,73;160259,88;2008199569,00;62657
WINFUT;13/11/2023;18:00:00;160259,88;160371,98;160180,76;160253,29;3117849525,00;97273
WINFUT;13/11/2023;17:50:00;160253,29;160325,82;160233,51;160259,88;2712745496,00;84628
WINFUT;13/11/2023;17:40:00;160213,73;160385,17;160207,13;160253,29;5383114984,00;167910
WINFUT;13/11/2023;17:30:00;160193,94;160273,07;160187,35;160207,13;3288645106,00;102619
WINFUT;13/11/2023;17:20:00;160220,32;160266,48;160154,38;160200,54;2962034170,00;92440
WINFUT;13/11/2023;17:10:00;160246,70;160279,67;160180,76;160226,91;2934010088,00;91555
WINFUT;13/11/2023;17:00:00;160220,32;160299,45;160141,19;160246,70;4588282264,00;143180
WINFUT;13/11/2023;16:50:00;160226,91;160319,23;160141,19;160220,32;5164240852,00;161156
WINFUT;13/11/2023;16:40:00;160286,26;160345,61;160128,00;160226,91;6472946238,00;201988
WINFUT;13/11/2023;16:30:00;160088,44;160319,23;160088,44;160292,85;8055145698,00;251355
WINFUT;13/11/2023;16:20:00;160035,69;160167,57;159910,40;160088,44;6673339982,00;208480
WINFUT;13/11/2023;16:10:00;160075,25;160167,57;159982,94;160035,69;5755351035,00;179764
WINFUT;13/11/2023;16:00:00;160055,47;160180,76;159982,94;160075,25;6878396596,00;214842
WINFUT;13/11/2023;15:50:00;160279,67;160312,64;160029,09;160048,88;5881038686,00;183596
WINFUT;13/11/2023;15:40:00;160240,10;160385,17;160147,79;160279,67;8507590599,00;265385
WINFUT;13/11/2023;15:30:00;159956,56;160266,48;159870,84;160240,10;7957521260,00;248628
WINFUT;13/11/2023;15:20:00;160048,88;160147,79;159949,97;159963,15;6244745151,00;195102
WINFUT;13/11/2023;15:10:00;159857,65;160128,00;159785,12;160048,88;7606789552,00;237702
WINFUT;13/11/2023;15:00:00;159917,00;160042,28;159725,77;159851,06;8544726410,00;267206
WINFUT;13/11/2023;14:50:00;159785,12;160042,28;159785,12;159917,00;7946713010,00;248453
WINFUT;13/11/2023;14:40:00;160022,50;160022,50;159765,34;159785,12;8720503992,00;272717
WINFUT;13/11/2023;14:30:00;160068,66;160075,25;159910,40;160015,91;7965541157,00;248935
WINFUT;13/11/2023;14:20:00;159936,78;160167,57;159930,18;160062,06;8173742012,00;255311
WINFUT;13/11/2023;14:10:00;159989,53;160048,88;159725,77;159936,78;1,291218689E10;403736
WINFUT;13/11/2023;14:00:00;160147,79;160187,35;159976,34;159989,53;6868261724,00;214539
WINFUT;13/11/2023;13:50:00;160273,07;160299,45;160108,22;160147,79;7421117584,00;231613
WINFUT;13/11/2023;13:40:00;160121,41;160325,82;160088,44;160266,48;8221437231,00;256555
WINFUT;13/11/2023;13:30:00;160147,79;160154,38;159949,97;160121,41;8444838962,00;263824
WINFUT;13/11/2023;13:20:00;160312,64;160319,23;160055,47;160147,79;7911805679,00;247014
WINFUT;13/11/2023;13:10:00;160253,29;160398,36;160200,54;160312,64;9748839846,00;304072
WINFUT;13/11/2023;13:00:00;160154,38;160306,04;160022,50;160259,88;9304963062,00;290489
WINFUT;13/11/2023;12:50:00;160055,47;160246,70;160035,69;160160,97;8837472641,00;275918
WINFUT;13/11/2023;12:40:00;159752,15;160121,41;159719,18;160048,88;1,051869262E10;328766
WINFUT;13/11/2023;12:30:00;159897,22;159936,78;159732,37;159752,15;8274166728,00;258831
WINFUT;13/11/2023;12:20:00;159851,06;159989,53;159752,15;159897,22;9433866727,00;295056
WINFUT;13/11/2023;12:10:00;159719,18;159884,03;159653,24;159857,65;9886454844,00;309433
WINFUT;13/11/2023;12:00:00;159494,98;159725,77;159396,07;159719,18;1,268059869E10;397331
WINFUT;13/11/2023;11:50:00;159705,99;159824,68;159442,23;159488,39;1,484811453E10;465184
WINFUT;13/11/2023;11:40:00;159811,49;159956,56;159679,61;159705,99;1,308547917E10;409361
WINFUT;13/11/2023;11:30:00;159936,78;159982,94;159508,17;159811,49;2,148850032E10;672739
WINFUT;13/11/2023;11:20:00;159897,22;160062,06;159798,31;159936,78;1,219778094E10;381352
WINFUT;13/11/2023;11:10:00;160029,09;160154,38;159884,03;159890,62;1,061793442E10;331733
WINFUT;13/11/2023;11:00:00;159989,53;160088,44;159884,03;160029,09;1,02042342E10;318888
WINFUT;13/11/2023;10:50:00;159943,37;160002,72;159791,71;159996,12;1,224681304E10;382945
WINFUT;13/11/2023;10:40:00;159785,12;159963,15;159653,24;159943,37;1,323403649E10;414100
WINFUT;13/11/2023;10:30:00;159884,03;160240,10;159758,74;159791,71;2,142481784E10;669596
WINFUT;13/11/2023;10:20:00;160035,69;160220,32;159837,87;159884,03;1,525796416E10;476713
WINFUT;13/11/2023;10:10:00;160128,00;160259,88;159870,84;160042,28;1,816392872E10;567387
WINFUT;13/11/2023;10:00:00;160055,47;160187,35;159930,18;160128,00;1,458478394E10;455553
WINFUT;13/11/2023;09:50:00;160009,31;160095,03;159917,00;160055,47;9300016394,00;290608
WINFUT;13/11/2023;09:40:00;160022,50;160055,47;159982,94;160009,31;3233870433,00;101048
WINFUT;13/11/2023;09:30:00;160022,50;160068,66;159982,94;160022,50;4671765529,00;145964
WINFUT;13/11/2023;09:20:00;160180,76;160187,35;160002,72;160022,50;7688944040,00;240185
WINFUT;13/11/2023;09:10:00;160167,57;160226,91;160088,44;160180,76;6865466545,00;214335
WINFUT;13/11/2023;09:00:00;160306,04;160391,76;160134,60;160167,57;8742328014,00;272760
WINFUT;10/11/2023;18:20:00;160655,52;160774,21;160582,99;160695,09;1420975160,00;44221
WINFUT;10/11/2023;18:10:00;160582,99;160721,46;160576,39;160662,12;2573508483,00;80102
WINFUT;10/11/2023;18:00:00;160642,33;160688,49;160517,05;160589,58;2678496541,00;83389
WINFUT;10/11/2023;17:50:00;160602,77;160655,52;160536,83;160635,74;3520186216,00;109598
WINFUT;10/11/2023;17:40:00;160668,71;160701,68;160556,61;160602,77;4413384323,00;137383
WINFUT;10/11/2023;17:30:00;160563,21;160734,65;160530,24;160675,30;6813117713,00;212072
WINFUT;10/11/2023;17:20:00;160470,89;160589,58;160431,33;160569,80;5423967087,00;168978
WINFUT;10/11/2023;17:10:00;160358,79;160484,08;160286,26;160470,89;4486589194,00;139882
WINFUT;10/11/2023;17:00:00;160332,42;160385,17;160226,91;160358,79;5701094343,00;177807
WINFUT;10/11/2023;16:50:00;160371,98;160464,30;160200,54;160332,42;9625098123,00;300199
WINFUT;10/11/2023;16:40:00;160451,11;160464,30;160253,29;160371,98;6299768691,00;196429
WINFUT;10/11/2023;16:30:00;160536,83;160629,15;160371,98;160451,11;6875533382,00;214194
WINFUT;10/11/2023;16:20:00;160609,36;160675,30;160484,08;160543,42;5152276086,00;160435
WINFUT;10/11/2023;16:10:00;160490,67;160681,90;160490,67;160615,96;6064015747,00;188798
WINFUT;10/11/2023;16:00:00;160556,61;160615,96;160424,73;160497,27;6261503750,00;195046
WINFUT;10/11/2023;15:50:00;160582,99;160668,71;160543,42;160550,02;6588066027,00;205101
WINFUT;10/11/2023;15:40:00;160517,05;160602,77;160424,73;160582,99;7595676492,00;236607
WINFUT;10/11/2023;15:30:00;160609,36;160675,30;160404,95;160517,05;8021841328,00;249874
WINFUT;10/11/2023;15:20:00;160444,51;160688,49;160411,54;160609,36;8511992165,00;265049
WINFUT;10/11/2023;15:10:00;160510,45;160536,83;160286,26;160451,11;1,089315215E10;339530
WINFUT;10/11/2023;15:00:00;160642,33;160734,65;160497,27;160517,05;6483738476,00;201834
WINFUT;10/11/2023;14:50:00;160794,00;160846,75;160602,77;160642,33;7986968819,00;248459
WINFUT;10/11/2023;14:40:00;160826,97;160906,09;160688,49;160794,00;1,083398646E10;336875
WINFUT;10/11/2023;14:30:00;160457,70;160873,12;160444,51;160833,56;1,259552087E10;391966
WINFUT;10/11/2023;14:20:00;160576,39;160609,36;160404,95;160457,70;6721668444,00;209425
WINFUT;10/11/2023;14:10:00;160642,33;160701,68;160556,61;160576,39;5800310152,00;180562
WINFUT;10/11/2023;14:00:00;160418,14;160701,68;160411,54;160635,74;8224684073,00;256102
WINFUT;10/11/2023;13:50:00;160543,42;160635,74;160391,76;160418,14;6666179402,00;207651
WINFUT;10/11/2023;13:40:00;160490,67;160681,90;160484,08;160550,02;9280829357,00;288934
WINFUT;10/11/2023;13:30:00;160424,73;160556,61;160352,20;160490,67;8182552078,00;254981
WINFUT;10/11/2023;13:20:00;160398,36;160444,51;160325,82;160424,73;4285478480,00;133599
WINFUT;10/11/2023;13:10:00;160292,85;160437,92;160246,70;160404,95;7019588562,00;218880
WINFUT;10/11/2023;13:00:00;160385,17;160464,30;160253,29;160299,45;1,07919158E10;336476
WINFUT;10/11/2023;12:50:00;160286,26;160411,54;160213,73;160385,17;7965505064,00;248435
WINFUT;10/11/2023;12:40:00;160114,82;160418,14;159996,12;160286,26;1,409060926E10;439786
WINFUT;10/11/2023;12:30:00;160029,09;160207,13;159943,37;160114,82;8835998116,00;276014
WINFUT;10/11/2023;12:20:00;160128,00;160200,54;159890,62;160029,09;9648655949,00;301434
WINFUT;10/11/2023;12:10:00;159956,56;160154,38;159844,46;160128,00;1,00838758E10;315049
WINFUT;10/11/2023;12:00:00;159989,53;160160,97;159705,99;159963,15;1,771802596E10;554009
WINFUT;10/11/2023;11:50:00;160141,19;160160,97;159936,78;159989,53;9567248458,00;298917
WINFUT;10/11/2023;11:40:00;160015,91;160207,13;159851,06;160141,19;1,635815325E10;510974
WINFUT;10/11/2023;11:30:00;160029,09;160081,85;159692,80;160009,31;1,783431426E10;557780
WINFUT;10/11/2023;11:20:00;159976,34;160068,66;159851,06;160029,09;1,142458559E10;357092
WINFUT;10/11/2023;11:10:00;159778,52;160035,69;159732,37;159976,34;1,354367631E10;423474
WINFUT;10/11/2023;11:00:00;159785,12;159884,03;159633,46;159778,52;1,070310644E10;334970
WINFUT;10/11/2023;10:50:00;159758,74;160015,91;159732,37;159785,12;1,575958321E10;492872
WINFUT;10/11/2023;10:40:00;159646,64;159791,71;159527,95;159765,34;1,344270711E10;420944
WINFUT;10/11/2023;10:30:00;159699,40;159884,03;159580,70;159646,64;1,593257248E10;498666
WINFUT;10/11/2023;10:20:00;159626,86;159745,55;159369,70;159705,99;1,736157655E10;544034
WINFUT;10/11/2023;10:10:00;159448,82;159725,77;159178,47;159633,46;2,347675333E10;736198
WINFUT;10/11/2023;10:00:00;159448,82;159462,01;159231,22;159448,82;1,238567629E10;388627
WINFUT;10/11/2023;09:50:00;159448,82;159508,17;159376,29;159448,82;5047681100,00;158297
WINFUT;10/11/2023;09:40:00;159435,64;159534,55;159396,07;159448,82;6484852930,00;203327
WINFUT;10/11/2023;09:30:00;159389,48;159613,67;159376,29;159435,64;1,137122115E10;356513
WINFUT;10/11/2023;09:20:00;159204,85;159402,67;159185,07;159396,07;8946724069,00;280811
WINFUT;10/11/2023;09:10:00;159099,34;159264,19;158914,71;159198,25;1,053495561E10;331029
WINFUT;10/11/2023;09:00:00;158974,06;159376,29;158664,14;159092,75;1,575670572E10;495352
WINFUT;09/11/2023;18:20:00;158406,98;158644,36;158406,98;158644,36;993087842,00;31324
WINFUT;09/11/2023;18:10:00;158380,60;158446,54;158321,26;158406,98;1969101084,00;62162
WINFUT;09/11/2023;18:00:00;158466,32;158466,32;158341,04;158367,41;2215432961,00;69934
WINFUT;09/11/2023;17:50:00;158552,04;158657,55;158387,20;158466,32;4879369260,00;153903
WINFUT;09/11/2023;17:40:00;158367,41;158565,23;158314,66;158545,45;4015736902,00;126737
WINFUT;09/11/2023;17:30:00;158466,32;158611,39;158327,85;158367,41;5711800921,00;180228
WINFUT;09/11/2023;17:20:00;158486,11;158578,42;158374,01;158459,73;6159556037,00;194342
WINFUT;09/11/2023;17:10:00;158321,26;158670,74;158314,66;158479,51;9299948022,00;293318
WINFUT;09/11/2023;17:00:00;157998,15;158545,45;157628,89;158314,66;1,723831562E10;545194
WINFUT;09/11/2023;16:50:00;158103,65;158110,25;157839,90;157998,15;8900718562,00;281728
WINFUT;09/11/2023;16:40:00;158235,53;158261,91;157820,11;158110,25;1,31179114E10;415192
WINFUT;09/11/2023;16:30:00;158472,92;158512,48;158017,93;158235,53;1,126010341E10;355797
WINFUT;09/11/2023;16:20:00;158103,65;158492,70;158083,87;158472,92;1,34960703E10;426297
WINFUT;09/11/2023;16:10:00;158703,71;158716,89;158050,90;158103,65;1,554091116E10;490559
WINFUT;09/11/2023;16:00:00;159072,97;159072,97;158585,01;158710,30;1,765365171E10;555946
WINFUT;09/11/2023;15:50:00;159072,97;159204,85;159020,22;159066,37;7614527239,00;239308
WINFUT;09/11/2023;15:40:00;159046,59;159138,91;158888,34;159066,37;8581728306,00;269854
WINFUT;09/11/2023;15:30:00;159204,85;159218,04;158947,68;159040,00;1,087670732E10;341870
WINFUT;09/11/2023;15:20:00;159218,04;159356,51;159066,37;159204,85;1,289139151E10;404813
WINFUT;09/11/2023;15:10:00;158334,44;159244,41;158202,56;159218,04;2,399188115E10;755412
WINFUT;09/11/2023;15:00:00;159343,32;159402,67;158163,00;158334,44;3,051446845E10;961819
WINFUT;09/11/2023;14:50:00;159323,54;159475,20;159277,38;159343,32;9771140824,00;306555
WINFUT;09/11/2023;14:40:00;159283,98;159376,29;159211,44;159323,54;8919210014,00;279964
WINFUT;09/11/2023;14:30:00;159455,42;159475,20;159257,60;159283,98;1,090999134E10;342286
WINFUT;09/11/2023;14:20:00;159626,86;159732,37;159429,04;159462,01;8782534450,00;275203
WINFUT;09/11/2023;14:10:00;159798,31;159831,28;159587,30;159626,86;7899831696,00;247344
WINFUT;09/11/2023;14:00:00;159752,15;159844,46;159679,61;159798,31;5969510190,00;186818
WINFUT;09/11/2023;13:50:00;159910,40;159923,59;159732,37;159745,55;6768508150,00;211762
WINFUT;09/11/2023;13:40:00;159804,90;159996,12;159758,74;159910,40;6541289784,00;204534
WINFUT;09/11/2023;13:30:00;159785,12;159897,22;159765,34;159811,49;4887073773,00;152886
WINFUT;09/11/2023;13:20:00;159943,37;159982,94;159758,74;159785,12;6671015170,00;208644
WINFUT;09/11/2023;13:10:00;159738,96;159963,15;159732,37;159943,37;7597909647,00;237644
WINFUT;09/11/2023;13:00:00;159686,21;159778,52;159534,55;159738,96;9104582153,00;285133
WINFUT;09/11/2023;12:50:00;159778,52;159976,34;159640,05;159686,21;9204552172,00;287988
WINFUT;09/11/2023;12:40:00;159877,43;159930,18;159686,21;159778,52;9339706547,00;292213
WINFUT;09/11/2023;12:30:00;159903,81;160022,50;159785,12;159870,84;1,085425789E10;339426
WINFUT;09/11/2023;12:20:00;159679,61;160022,50;159659,83;159897,22;1,119998073E10;350273
WINFUT;09/11/2023;12:10:00;159785,12;159837,87;159626,86;159679,61;9757236588,00;305422
WINFUT;09/11/2023;12:00:00;160121,41;160134,60;159626,86;159785,12;1,649138156E10;515852
WINFUT;09/11/2023;11:50:00;160009,31;160187,35;159903,81;160114,82;1,271984802E10;397313
WINFUT;09/11/2023;11:40:00;159758,74;160081,85;159705,99;160009,31;1,570125547E10;490801
WINFUT;09/11/2023;11:30:00;159673,02;159949,97;159626,86;159758,74;1,824317696E10;570841
WINFUT;09/11/2023;11:20:00;159547,73;159679,61;159442,23;159673,02;1,085266445E10;340075
WINFUT;09/11/2023;11:10:00;159244,41;159798,31;159224,63;159554,33;2,221546296E10;696019
WINFUT;09/11/2023;11:00:00;159053,19;159363,10;159033,40;159251,01;1,365362415E10;428839
WINFUT;09/11/2023;10:50:00;159290,57;159396,07;159026,81;159053,19;1,481832815E10;465370
WINFUT;09/11/2023;10:40:00;159185,07;159310,35;158941,09;159297,16;1,760150869E10;553046
WINFUT;09/11/2023;10:30:00;159013,62;159198,25;158828,99;159178,47;1,680293958E10;528325
WINFUT;09/11/2023;10:20:00;158974,06;159224,63;158921,31;159013,62;1,514129203E10;475933
WINFUT;09/11/2023;10:10:00;159283,98;159316,95;158861,96;158974,06;1,946144297E10;611784
WINFUT;09/11/2023;10:00:00;159396,07;159455,42;159185,07;159277,38;1,590617784E10;499190
WINFUT;09/11/2023;09:50:00;159297,16;159488,39;159297,16;159396,07;9265812752,00;290623
WINFUT;09/11/2023;09:40:00;159165,28;159323,54;159125,72;159297,16;7209943677,00;226374
WINFUT;09/11/2023;09:30:00;159105,94;159251,01;159066,37;159165,28;8139390839,00;255684
WINFUT;09/11/2023;09:20:00;158980,65;159165,28;158954,28;159105,94;8037745920,00;252646
WINFUT;09/11/2023;09:10:00;158987,25;159132,31;158894,93;158980,65;8519877919,00;267905
WINFUT;09/11/2023;09:00:00;158974,06;159099,34;158650,95;158993,84;1,148837539E10;361447
WINFUT;08/11/2023;18:20:00;158664,14;158730,08;158644,36;158723,49;972387798,40;30638
WINFUT;08/11/2023;18:10:00;158683,92;158723,49;158624,58;158664,14;2382868821,00;75088
WINFUT;08/11/2023;18:00:00;158690,52;158703,71;158585,01;158690,52;2433571594,00;76698
WINFUT;08/11/2023;17:50:00;158644,36;158769,65;158637,77;158690,52;3056791914,00;96305
WINFUT;08/11/2023;17:40:00;158631,17;158815,80;158617,98;158650,95;5524812893,00;174033
WINFUT;08/11/2023;17:30:00;158670,74;158730,08;158611,39;158624,58;4286479625,00;135075
WINFUT;08/11/2023;17:20:00;158789,43;158868,56;158650,95;158677,33;5228566042,00;164663
WINFUT;08/11/2023;17:10:00;158730,08;158848,77;158683,92;158789,43;4411093039,00;138913
WINFUT;08/11/2023;17:00:00;158644,36;158848,77;158644,36;158723,49;6276403544,00;197674
WINFUT;08/11/2023;16:50:00;158710,30;158888,34;158637,77;158644,36;8055094263,00;253659
WINFUT;08/11/2023;16:40:00;158604,80;158875,15;158604,80;158716,89;7879349581,00;248164
WINFUT;08/11/2023;16:30:00;158637,77;158710,30;158545,45;158611,39;4721216620,00;148823
WINFUT;08/11/2023;16:20:00;158624,58;158736,68;158552,04;158637,77;6692058722,00;210917
WINFUT;08/11/2023;16:10:00;158604,80;158670,74;158459,73;158617,98;7733704712,00;243873
WINFUT;08/11/2023;16:00:00;158571,83;158815,80;158499,29;158604,80;8052842644,00;253749
WINFUT;08/11/2023;15:50:00;158565,23;158657,55;158492,70;158571,83;6248696291,00;197012
WINFUT;08/11/2023;15:40:00;158670,74;158730,08;158472,92;158558,64;7563463283,00;238474
WINFUT;08/11/2023;15:30:00;158736,68;158789,43;158611,39;158670,74;9266803442,00;291971
WINFUT;08/11/2023;15:20:00;158189,38;158815,80;158149,81;158743,27;1,355143847E10;427471
WINFUT;08/11/2023;15:10:00;158558,64;158571,83;158123,44;158189,38;1,245344162E10;393278
WINFUT;08/11/2023;15:00:00;157951,99;158690,52;157892,65;158552,04;1,937371569E10;611830
WINFUT;08/11/2023;14:50:00;157991,56;158044,31;157886,05;157951,99;6521412314,00;206415
WINFUT;08/11/2023;14:40:00;158110,25;158136,62;157886,05;157998,15;9337048822,00;295429
WINFUT;08/11/2023;14:30:00;157998,15;158136,62;157813,52;158110,25;1,300309586E10;411644
WINFUT;08/11/2023;14:20:00;158163,00;158242,13;157971,78;157998,15;9596948918,00;303539
WINFUT;08/11/2023;14:10:00;158242,13;158374,01;158077,28;158163,00;9863519396,00;311694
WINFUT;08/11/2023;14:00:00;158400,38;158466,32;158070,68;158242,13;1,65159138E10;521810
WINFUT;08/11/2023;13:50:00;158644,36;158670,74;158288,29;158400,38;1,03292784E10;325948
WINFUT;08/11/2023;13:40:00;158558,64;158763,05;158446,54;158650,95;1,134029567E10;357484
WINFUT;08/11/2023;13:30:00;158690,52;158716,89;158486,11;158558,64;1,004157389E10;316554
WINFUT;08/11/2023;13:20:00;158868,56;158881,74;158598,20;158690,52;8641556765,00;272236
WINFUT;08/11/2023;13:10:00;158664,14;158960,87;158657,55;158875,15;8717902211,00;274421
WINFUT;08/11/2023;13:00:00;158617,98;158749,86;158558,64;158664,14;8899377813,00;280434
WINFUT;08/11/2023;12:50:00;158980,65;158980,65;158611,39;158617,98;8689008401,00;273556
WINFUT;08/11/2023;12:40:00;158723,49;158987,25;158710,30;158974,06;9988505739,00;314380
WINFUT;08/11/2023;12:30:00;158789,43;158934,50;158598,20;158723,49;1,23338068E10;388503
WINFUT;08/11/2023;12:20:00;159013,62;159040,00;158683,92;158789,43;1,319933564E10;415361
WINFUT;08/11/2023;12:10:00;159119,13;159178,47;158842,18;159013,62;1,127573156E10;354566
WINFUT;08/11/2023;12:00:00;159099,34;159152,10;158868,56;159112,53;1,501054281E10;471998
WINFUT;08/11/2023;11:50:00;159396,07;159442,23;159053,19;159092,75;1,284702894E10;403455
WINFUT;08/11/2023;11:40:00;159429,04;159468,61;159191,66;159396,07;1,281657053E10;402248
WINFUT;08/11/2023;11:30:00;159494,98;159501,58;159244,41;159435,64;1,885203268E10;591462
WINFUT;08/11/2023;11:20:00;159640,05;159745,55;159415,86;159494,98;1,436417434E10;450032
WINFUT;08/11/2023;11:10:00;159547,73;159890,62;159521,36;159640,05;1,654371439E10;517910
WINFUT;08/11/2023;11:00:00;159429,04;159646,64;159343,32;159547,73;1,545415535E10;484481
WINFUT;08/11/2023;10:50:00;159264,19;159514,76;159033,40;159429,04;1,796652753E10;563927
WINFUT;08/11/2023;10:40:00;159310,35;159349,92;159099,34;159264,19;1,454804184E10;456832
WINFUT;08/11/2023;10:30:00;159112,53;159343,32;159059,78;159310,35;1,9488058E10;612086
WINFUT;08/11/2023;10:20:00;158881,74;159132,31;158789,43;159119,13;1,760814033E10;553893
WINFUT;08/11/2023;10:10:00;159152,10;159204,85;158756,46;158881,74;1,855149813E10;583477
WINFUT;08/11/2023;10:00:00;159086,16;159277,38;158993,84;159152,10;1,637555361E10;514409
WINFUT;08/11/2023;09:50:00;158980,65;159185,07;158967,47;159092,75;9419822145,00;296042
WINFUT;08/11/2023;09:40:00;158901,53;159040,00;158815,80;158980,65;8907961492,00;280223
WINFUT;08/11/2023;09:30:00;158828,99;158960,87;158782,83;158908,12;7480261038,00;235413
WINFUT;08/11/2023;09:20:00;158736,68;158894,93;158736,68;158835,59;6885522658,00;216764
WINFUT;08/11/2023;09:10:00;158439,95;158776,24;158420,17;158736,68;9251104856,00;291608
WINFUT;08/11/2023;09:00:00;158532,26;159000,43;158387,20;158433,35;1,276584855E10;402402
WINFUT;07/11/2023;18:20:00;158842,18;158908,12;158789,43;158842,18;1329075196,00;41837
WINFUT;07/11/2023;18:10:00;159013,62;159013,62;158822,40;158835,59;3485439815,00;109661
WINFUT;07/11/2023;18:00:00;159072,97;159072,97;158967,47;159013,62;2703610283,00;85009
WINFUT;07/11/2023;17:50:00;159079,56;159125,72;158941,09;159066,37;6742219470,00;211980
WINFUT;07/11/2023;17:40:00;159145,50;159211,44;159072,97;159079,56;6241671704,00;196079
WINFUT;07/11/2023;17:30:00;159007,03;159185,07;158987,25;159145,50;6645329041,00;208853
WINFUT;07/11/2023;17:20:00;158967,47;159053,19;158894,93;159007,03;6035404445,00;189813
WINFUT;07/11/2023;17:10:00;158901,53;159007,03;158848,77;158967,47;7230989714,00;227498
WINFUT;07/11/2023;17:00:00;159040,00;159059,78;158848,77;158908,12;7807828248,00;245603
WINFUT;07/11/2023;16:50:00;159059,78;159105,94;158993,84;159040,00;6229375661,00;195833
WINFUT;07/11/2023;16:40:00;159053,19;159198,25;159033,40;159066,37;6745647343,00;211995
WINFUT;07/11/2023;16:30:00;159191,66;159231,22;159040,00;159059,78;8715401675,00;273832
WINFUT;07/11/2023;16:20:00;159224,63;159363,10;159145,50;159191,66;8915530348,00;279899
WINFUT;07/11/2023;16:10:00;159336,73;159409,26;159204,85;159231,22;7157444797,00;224660
WINFUT;07/11/2023;16:00:00;159290,57;159409,26;159224,63;159330,13;7222617861,00;226672
WINFUT;07/11/2023;15:50:00;159257,60;159376,29;159251,01;159297,16;7389137178,00;231896
WINFUT;07/11/2023;15:40:00;159218,04;159356,51;159158,69;159257,60;1,004016905E10;315208
WINFUT;07/11/2023;15:30:00;159145,50;159264,19;159072,97;159218,04;9391709241,00;295003
WINFUT;07/11/2023;15:20:00;159165,28;159218,04;159072,97;159145,50;7068764504,00;222073
WINFUT;07/11/2023;15:10:00;159092,75;159224,63;158993,84;159171,88;1,1151228E10;350448
WINFUT;07/11/2023;15:00:00;158690,52;159125,72;158657,55;159092,75;1,49510536E10;470399
WINFUT;07/11/2023;14:50:00;158571,83;158703,71;158512,48;158697,11;6638374224,00;209266
WINFUT;07/11/2023;14:40:00;158552,04;158644,36;158466,32;158571,83;7091646902,00;223633
WINFUT;07/11/2023;14:30:00;158631,17;158683,92;158519,08;158552,04;8545394549,00;269424
WINFUT;07/11/2023;14:20:00;158723,49;158796,02;158604,80;158637,77;7273802176,00;229179
WINFUT;07/11/2023;14:10:00;158657,55;158776,24;158631,17;158723,49;5593817516,00;176227
WINFUT;07/11/2023;14:00:00;158716,89;158749,86;158558,64;158657,55;8262728964,00;260401
WINFUT;07/11/2023;13:50:00;158644,36;158809,21;158552,04;158723,49;8306628737,00;261750
WINFUT;07/11/2023;13:40:00;158624,58;158881,74;158611,39;158637,77;1,239648777E10;390430
WINFUT;07/11/2023;13:30:00;158406,98;158650,95;158387,20;158617,98;7613541455,00;240111
WINFUT;07/11/2023;13:20:00;158598,20;158598,20;158406,98;158406,98;6328337096,00;199621
WINFUT;07/11/2023;13:10:00;158525,67;158743,27;158472,92;158598,20;9239738895,00;291249
WINFUT;07/11/2023;13:00:00;158631,17;158756,46;158505,89;158519,08;7872908661,00;248149
WINFUT;07/11/2023;12:50:00;158585,01;158710,30;158538,86;158637,77;6286218418,00;198124
WINFUT;07/11/2023;12:40:00;158545,45;158604,80;158446,54;158585,01;5756488086,00;181562
WINFUT;07/11/2023;12:30:00;158565,23;158644,36;158453,14;158545,45;5967596610,00;188185
WINFUT;07/11/2023;12:20:00;158585,01;158644,36;158413,57;158558,64;8128510517,00;256383
WINFUT;07/11/2023;12:10:00;158512,48;158657,55;158433,35;158578,42;1,018776077E10;321301
WINFUT;07/11/2023;12:00:00;158664,14;158723,49;158466,32;158505,89;1,360654423E10;428951
WINFUT;07/11/2023;11:50:00;158195,97;158703,71;158136,62;158664,14;1,763117403E10;556553
WINFUT;07/11/2023;11:40:00;158393,79;158420,17;158011,34;158195,97;2,000455296E10;632275
WINFUT;07/11/2023;11:30:00;158881,74;158888,34;158334,44;158393,79;1,864357028E10;588018
WINFUT;07/11/2023;11:20:00;158736,68;158908,12;158598,20;158888,34;1,453118827E10;457585
WINFUT;07/11/2023;11:10:00;158545,45;158868,56;158525,67;158736,68;1,557422106E10;490672
WINFUT;07/11/2023;11:00:00;158525,67;158697,11;158374,01;158538,86;1,406813411E10;443753
WINFUT;07/11/2023;10:50:00;158367,41;158604,80;158294,88;158525,67;1,606156769E10;506794
WINFUT;07/11/2023;10:40:00;158420,17;158433,35;158281,69;158367,41;1,125518729E10;355362
WINFUT;07/11/2023;10:30:00;157866,27;158492,70;157853,08;158426,76;2,151090968E10;679937
WINFUT;07/11/2023;10:20:00;157793,74;157919,02;157602,51;157866,27;1,336062095E10;423486
WINFUT;07/11/2023;10:10:00;157582,73;157892,65;157497,01;157793,74;1,903736355E10;603609
WINFUT;07/11/2023;10:00:00;157292,60;157589,33;157266,22;157582,73;1,900506423E10;603603
WINFUT;07/11/2023;09:50:00;157206,87;157318,97;157147,53;157286,00;5620054951,00;178696
WINFUT;07/11/2023;09:40:00;157286,00;157312,38;157167,31;157206,87;7340999917,00;233438
WINFUT;07/11/2023;09:30:00;157266,22;157431,07;157220,06;157286,00;7402330164,00;235275
WINFUT;07/11/2023;09:20:00;157431,07;157483,82;157239,84;157259,63;9339034260,00;296752
WINFUT;07/11/2023;09:10:00;157055,21;157464,04;157002,46;157431,07;9782881988,00;311073
WINFUT;07/11/2023;09:00:00;157398,10;157490,42;156929,93;157061,81;1,176654778E10;374450
WINFUT;06/11/2023;18:20:00;158044,31;158070,68;157912,43;158070,68;2255017274,00;71362
WINFUT;06/11/2023;18:10:00;157879,46;158057,50;157866,27;158037,72;2062984095,00;65298
WINFUT;06/11/2023;18:00:00;158031,12;158070,68;157859,68;157886,05;2263213456,00;71644
WINFUT;06/11/2023;17:50:00;157978,37;158090,47;157912,43;158024,53;3004581288,00;95091
WINFUT;06/11/2023;17:40:00;157919,02;158017,93;157912,43;157984,96;4014955379,00;127083
WINFUT;06/11/2023;17:30:00;157925,62;158011,34;157879,46;157925,62;4381872982,00;138716
WINFUT;06/11/2023;17:20:00;158024,53;158064,09;157872,87;157925,62;5753260199,00;182114
WINFUT;06/11/2023;17:10:00;158050,90;158097,06;157991,56;158031,12;3916533355,00;123908
WINFUT;06/11/2023;17:00:00;158077,28;158116,84;157978,37;158050,90;6436749358,00;203624
WINFUT;06/11/2023;16:50:00;157879,46;158083,87;157833,30;158070,68;7888526940,00;249681
WINFUT;06/11/2023;16:40:00;157787,14;158011,34;157773,96;157879,46;8061999095,00;255251
WINFUT;06/11/2023;16:30:00;157806,93;157958,59;157734,39;157787,14;9484872091,00;300448
WINFUT;06/11/2023;16:20:00;157681,64;157826,71;157661,86;157813,52;6914860524,00;219172
WINFUT;06/11/2023;16:10:00;157773,96;157773,96;157529,98;157688,23;8923006238,00;283023
WINFUT;06/11/2023;16:00:00;157747,58;157780,55;157642,08;157767,36;6039015658,00;191454
WINFUT;06/11/2023;15:50:00;157694,83;157773,96;157589,33;157747,58;7293646698,00;231268
WINFUT;06/11/2023;15:40:00;157754,17;157859,68;157668,45;157688,23;7539240379,00;238953
WINFUT;06/11/2023;15:30:00;157635,48;157820,11;157609,11;157754,17;8462041887,00;268272
WINFUT;06/11/2023;15:20:00;157497,01;157642,08;157444,26;157628,89;7842732479,00;248897
WINFUT;06/11/2023;15:10:00;157773,96;157853,08;157497,01;157497,01;9227525477,00;292677
WINFUT;06/11/2023;15:00:00;157899,24;157905,84;157661,86;157767,36;9035103789,00;286346
WINFUT;06/11/2023;14:50:00;157965,18;157978,37;157800,33;157899,24;6381121112,00;202091
WINFUT;06/11/2023;14:40:00;157938,81;158024,53;157813,52;157971,78;6647947001,00;210486
WINFUT;06/11/2023;14:30:00;157846,49;157971,78;157793,74;157938,81;7038376520,00;222892
WINFUT;06/11/2023;14:20:00;157813,52;157879,46;157721,20;157846,49;7676125078,00;243222
WINFUT;06/11/2023;14:10:00;158037,72;158037,72;157773,96;157813,52;8354047351,00;264531
WINFUT;06/11/2023;14:00:00;157892,65;158083,87;157806,93;158037,72;8966078691,00;283877
WINFUT;06/11/2023;13:50:00;157661,86;157938,81;157609,11;157892,65;8834877929,00;279941
WINFUT;06/11/2023;13:40:00;157773,96;157800,33;157622,29;157655,26;5112179179,00;162078
WINFUT;06/11/2023;13:30:00;157806,93;157853,08;157721,20;157767,36;5995658097,00;190003
WINFUT;06/11/2023;13:20:00;157932,21;157932,21;157760,77;157813,52;6706834565,00;212471
WINFUT;06/11/2023;13:10:00;158050,90;158050,90;157853,08;157932,21;7036262010,00;222742
WINFUT;06/11/2023;13:00:00;158268,50;158281,69;157984,96;158050,90;1,009892784E10;319409
WINFUT;06/11/2023;12:50:00;157978,37;158301,47;157945,40;158268,50;1,072155381E10;339005
WINFUT;06/11/2023;12:40:00;158228,94;158242,13;157951,99;157978,37;1,00003381E10;316332
WINFUT;06/11/2023;12:30:00;157866,27;158255,32;157754,17;158228,94;1,403848169E10;444308
WINFUT;06/11/2023;12:20:00;157576,14;157892,65;157549,76;157866,27;1,13446512E10;359588
WINFUT;06/11/2023;12:10:00;157497,01;157615,70;157318,97;157576,14;1,060726053E10;336824
WINFUT;06/11/2023;12:00:00;157747,58;157793,74;157424,48;157497,01;1,267790009E10;402178
WINFUT;06/11/2023;11:50:00;157721,20;157767,36;157549,76;157747,58;1,124069121E10;356509
WINFUT;06/11/2023;11:40:00;157872,87;158004,75;157536,57;157727,80;1,79281368E10;568048
WINFUT;06/11/2023;11:30:00;157833,30;157925,62;157582,73;157872,87;1,795326388E10;569016
WINFUT;06/11/2023;11:20:00;158083,87;158097,06;157760,77;157826,71;1,375774417E10;435513
WINFUT;06/11/2023;11:10:00;157846,49;158136,62;157760,77;158083,87;1,261826058E10;399405
WINFUT;06/11/2023;11:00:00;157912,43;158103,65;157754,17;157846,49;1,541018832E10;487936
WINFUT;06/11/2023;10:50:00;157872,87;157951,99;157708,02;157919,02;9930038566,00;314572
WINFUT;06/11/2023;10:40:00;157760,77;157938,81;157740,99;157879,46;1,00608343E10;318703
WINFUT;06/11/2023;10:30:00;157675,05;157978,37;157655,26;157754,17;1,401815921E10;444088
WINFUT;06/11/2023;10:20:00;157760,77;157872,87;157582,73;157675,05;1,159521103E10;367522
WINFUT;06/11/2023;10:10:00;158050,90;158130,03;157648,67;157754,17;1,691427803E10;535740
WINFUT;06/11/2023;10:00:00;158202,56;158420,17;157932,21;158050,90;1,853070297E10;585611
WINFUT;06/11/2023;09:50:00;158136,62;158235,53;158103,65;158202,56;6344985200,00;200560
WINFUT;06/11/2023;09:40:00;158123,44;158169,59;158064,09;158143,22;4662924770,00;147456
WINFUT;06/11/2023;09:30:00;158130,03;158136,62;157991,56;158123,44;7242503452,00;229094
WINFUT;06/11/2023;09:20:00;158083,87;158202,56;158037,72;158136,62;5726775437,00;181086
WINFUT;06/11/2023;09:10:00;157951,99;158189,38;157826,71;158083,87;1,034147578E10;327227
WINFUT;06/11/2023;09:00:00;157793,74;158420,17;157793,74;157951,99;1,413183649E10;446819
WINFUT;03/11/2023;17:50:00;157978,37;158031,12;157872,87;157971,78;1620345997,00;51293
WINFUT;03/11/2023;17:40:00;157872,87;158050,90;157846,49;157984,96;4204098639,00;133089
WINFUT;03/11/2023;17:30:00;157833,30;157905,84;157787,14;157872,87;2741360267,00;86834
WINFUT;03/11/2023;17:20:00;157919,02;157958,59;157833,30;157833,30;2827479754,00;89535
WINFUT;03/11/2023;17:10:00;157800,33;157925,62;157773,96;157919,02;3726642769,00;118031
WINFUT;03/11/2023;17:00:00;157806,93;158011,34;157760,77;157793,74;8121080448,00;257189
WINFUT;03/11/2023;16:50:00;157681,64;157859,68;157595,92;157813,52;7703526575,00;244218
WINFUT;03/11/2023;16:40:00;157747,58;157892,65;157668,45;157681,64;5782061711,00;183250
WINFUT;03/11/2023;16:30:00;157793,74;157820,11;157648,67;157740,99;6457034985,00;204670
WINFUT;03/11/2023;16:20:00;157925,62;157932,21;157708,02;157800,33;6480357686,00;205343
WINFUT;03/11/2023;16:10:00;157899,24;158011,34;157839,90;157919,02;5444936035,00;172391
WINFUT;03/11/2023;16:00:00;157912,43;157971,78;157846,49;157899,24;5024147586,00;159092
WINFUT;03/11/2023;15:50:00;157938,81;158011,34;157886,05;157912,43;5237563336,00;165811
WINFUT;03/11/2023;15:40:00;157978,37;158090,47;157833,30;157938,81;9744159895,00;308413
WINFUT;03/11/2023;15:30:00;157872,87;158011,34;157747,58;157978,37;7890297147,00;249881
WINFUT;03/11/2023;15:20:00;157793,74;157919,02;157642,08;157872,87;9612997963,00;304615
WINFUT;03/11/2023;15:10:00;157767,36;157846,49;157694,83;157800,33;6050780055,00;191750
WINFUT;03/11/2023;15:00:00;157622,29;157780,55;157595,92;157767,36;9139077256,00;289798
WINFUT;03/11/2023;14:50:00;157490,42;157648,67;157391,51;157622,29;6665774262,00;211588
WINFUT;03/11/2023;14:40:00;157450,85;157543,17;157384,91;157490,42;5681240091,00;180391
WINFUT;03/11/2023;14:30:00;157391,51;157589,33;157371,72;157450,85;7267885481,00;230762
WINFUT;03/11/2023;14:20:00;157444,26;157543,17;157286,00;157384,91;8609057378,00;273471
WINFUT;03/11/2023;14:10:00;157747,58;157800,33;157431,07;157437,66;8244387004,00;261508
WINFUT;03/11/2023;14:00:00;157569,54;157839,90;157523,39;157747,58;8493286302,00;269298
WINFUT;03/11/2023;13:50:00;157642,08;157853,08;157529,98;157569,54;9503975746,00;301396
WINFUT;03/11/2023;13:40:00;157602,51;157708,02;157556,36;157642,08;8078085604,00;256218
WINFUT;03/11/2023;13:30:00;157417,88;157675,05;157411,29;157609,11;8617161448,00;273462
WINFUT;03/11/2023;13:20:00;157615,70;157734,39;157411,29;157411,29;9486851955,00;300979
WINFUT;03/11/2023;13:10:00;157160,72;157668,45;157154,12;157615,70;1,29932111E10;412578
WINFUT;03/11/2023;13:00:00;157055,21;157187,09;157035,43;157160,72;6350662333,00;202093
WINFUT;03/11/2023;12:50:00;157312,38;157424,48;157035,43;157055,21;8804672502,00;279951
WINFUT;03/11/2023;12:40:00;157239,84;157371,72;157147,53;157312,38;5697006332,00;181134
WINFUT;03/11/2023;12:30:00;157147,53;157312,38;157134,34;157239,84;6747250761,00;214581
WINFUT;03/11/2023;12:20:00;157187,09;157259,63;157042,03;157147,53;7349189617,00;233807
WINFUT;03/11/2023;12:10:00;156850,80;157259,63;156758,48;157180,50;1,084566589E10;345338
WINFUT;03/11/2023;12:00:00;156956,30;157015,65;156817,83;156850,80;8152763674,00;259767
WINFUT;03/11/2023;11:50:00;156923,33;157022,24;156646,39;156956,30;1,120514297E10;357249
WINFUT;03/11/2023;11:40:00;156758,48;156929,93;156679,36;156929,93;9013432655,00;287407
WINFUT;03/11/2023;11:30:00;156448,57;156784,86;156402,41;156751,89;1,142297594E10;364605
WINFUT;03/11/2023;11:20:00;156870,58;156883,77;156290,31;156448,57;1,650896286E10;527155
WINFUT;03/11/2023;11:10:00;156850,80;157160,72;156837,61;156870,58;1,330120216E10;423695
WINFUT;03/11/2023;11:00:00;157318,97;157648,67;156837,61;156850,80;2,077429392E10;660458
WINFUT;03/11/2023;10:50:00;157424,48;157536,57;157180,50;157325,57;1,306178862E10;415043
WINFUT;03/11/2023;10:40:00;156771,67;157477,23;156718,92;157424,48;1,88678186E10;600303
WINFUT;03/11/2023;10:30:00;156257,34;156923,33;156165,03;156771,67;2,236463526E10;714258
WINFUT;03/11/2023;10:20:00;156184,81;156329,88;156039,74;156263,94;1,436368838E10;459850
WINFUT;03/11/2023;10:10:00;156646,39;156765,08;156178,22;156184,81;1,860672688E10;594550
WINFUT;03/11/2023;10:00:00;156837,61;156956,30;156534,29;156652,98;1,539417698E10;491033
WINFUT;03/11/2023;09:50:00;156488,13;156883,77;156415,60;156844,21;1,364547224E10;435471
WINFUT;03/11/2023;09:40:00;156441,97;156600,23;156263,94;156494,73;1,001937055E10;320199
WINFUT;03/11/2023;09:30:00;155907,86;156659,58;155868,30;156441,97;2,225054721E10;711255
WINFUT;03/11/2023;09:20:00;155624,32;156250,75;155499,04;155901,27;8921182527,00;286361
WINFUT;03/11/2023;09:10:00;155492,44;155749,61;155353,97;155624,32;9059663408,00;291176
WINFUT;03/11/2023;09:00:00;155307,81;155822,14;155241,87;155485,85;1,594858744E10;512667
WINFUT;01/11/2023;17:50:00;154068,14;154173,65;153962,64;154173,65;1629589300,00;52885
WINFUT;01/11/2023;17:40:00;154008,80;154167,05;153916,48;154061,55;4207121275,00;136558
WINFUT;01/11/2023;17:30:00;153810,98;154074,74;153758,23;154015,39;5707391597,00;185389
WINFUT;01/11/2023;17:20:00;153705,48;153929,67;153672,51;153817,57;4679820652,00;152133
WINFUT;01/11/2023;17:10:00;153646,13;153810,98;153606,57;153712,07;5683007584,00;184868
WINFUT;01/11/2023;17:00:00;153843,95;153962,64;153593,38;153639,54;7537675039,00;245112
WINFUT;01/11/2023;16:50:00;153718,66;153989,02;153659,32;153843,95;9091878913,00;295502
WINFUT;01/11/2023;16:40:00;153942,86;154002,20;153679,10;153718,66;8066364009,00;262152
WINFUT;01/11/2023;16:30:00;153712,07;154074,74;153626,35;153942,86;1,512889778E10;491455
WINFUT;01/11/2023;16:20:00;153520,84;153764,82;153494,47;153718,66;8510537690,00;276956
WINFUT;01/11/2023;16:10:00;153534,03;153764,82;153415,34;153520,84;1,193843148E10;388702
WINFUT;01/11/2023;16:00:00;153474,69;153751,63;153421,94;153534,03;1,44171159E10;469327
WINFUT;01/11/2023;15:50:00;153204,33;153567,00;153184,55;153481,28;1,397381004E10;455504
WINFUT;01/11/2023;15:40:00;153177,96;153276,87;152742,76;153204,33;2,036874457E10;665399
WINFUT;01/11/2023;15:30:00;153177,96;153646,13;153112,02;153177,96;2,011961222E10;655763
WINFUT;01/11/2023;15:20:00;153065,86;153257,09;152980,14;153177,96;8285436267,00;270553
WINFUT;01/11/2023;15:10:00;153356,00;153415,34;152802,10;153072,45;1,482719129E10;484311
WINFUT;01/11/2023;15:00:00;153481,28;153817,57;153257,09;153356,00;1,588612768E10;517559
WINFUT;01/11/2023;14:50:00;153112,02;153639,54;153085,64;153481,28;1,510264486E10;492327
WINFUT;01/11/2023;14:40:00;152868,04;153131,80;152795,51;153112,02;6962155308,00;227564
WINFUT;01/11/2023;14:30:00;152993,33;152999,92;152762,54;152874,64;7693406122,00;251645
WINFUT;01/11/2023;14:20:00;153013,11;153125,21;152894,42;152993,33;7933051919,00;259250
WINFUT;01/11/2023;14:10:00;152960,36;153164,77;152927,39;153019,70;8267786001,00;270076
WINFUT;01/11/2023;14:00:00;152960,36;153098,83;152881,23;152960,36;9072476647,00;296521
WINFUT;01/11/2023;13:50:00;152841,67;153059,27;152696,60;152966,95;8839782843,00;289154
WINFUT;01/11/2023;13:40:00;152670,22;152861,45;152525,15;152841,67;1,039187127E10;340358
WINFUT;01/11/2023;13:30:00;152742,76;152887,82;152643,85;152676,82;6795986367,00;222429
WINFUT;01/11/2023;13:20:00;152887,82;152907,61;152729,57;152749,35;5513156748,00;180394
WINFUT;01/11/2023;13:10:00;152835,07;152940,58;152769,13;152881,23;6085478521,00;199066
WINFUT;01/11/2023;13:00:00;152986,73;152993,33;152788,91;152828,48;6761130882,00;221144
WINFUT;01/11/2023;12:50:00;153072,45;153079,05;152828,48;152986,73;9957635036,00;325514
WINFUT;01/11/2023;12:40:00;153151,58;153276,87;153059,27;153065,86;6246375928,00;203910
WINFUT;01/11/2023;12:30:00;153125,21;153283,46;153059,27;153158,18;7543328020,00;246238
WINFUT;01/11/2023;12:20:00;152980,14;153243,90;152881,23;153118,61;1,000478391E10;326816
WINFUT;01/11/2023;12:10:00;153191,15;153197,74;152788,91;152980,14;1,199918947E10;392276
WINFUT;01/11/2023;12:00:00;153112,02;153243,90;152907,61;153197,74;1,055741912E10;344848
WINFUT;01/11/2023;11:50:00;153191,15;153316,43;153039,48;153112,02;1,104238502E10;360436
WINFUT;01/11/2023;11:40:00;153158,18;153421,94;153098,83;153191,15;1,586057367E10;517384
WINFUT;01/11/2023;11:30:00;153052,67;153171,36;152947,17;153164,77;8011740650,00;261729
WINFUT;01/11/2023;11:20:00;152901,01;153197,74;152874,64;153052,67;1,434751895E10;468686
WINFUT;01/11/2023;11:10:00;152854,85;153052,67;152742,76;152901,01;1,348360434E10;440894
WINFUT;01/11/2023;11:00:00;152505,37;152933,98;152492,19;152854,85;2,114633434E10;692141
WINFUT;01/11/2023;10:50:00;152696,60;152709,79;152419,65;152505,37;1,264953126E10;414582
WINFUT;01/11/2023;10:40:00;152393,28;152742,76;152149,30;152696,60;1,975141332E10;647867
WINFUT;01/11/2023;10:30:00;151911,92;152505,37;151905,32;152393,28;2,162285206E10;710351
WINFUT;01/11/2023;10:20:00;151964,67;152037,20;151813,01;151918,51;1,12962725E10;371761
WINFUT;01/11/2023;10:10:00;151938,29;152024,01;151720,69;151958,07;1,428951407E10;470393
WINFUT;01/11/2023;10:00:00;151832,79;151951,48;151569,03;151944,89;1,528014587E10;503468
WINFUT;01/11/2023;09:50:00;151799,82;151905,32;151727,28;151839,38;1,041572735E10;343040
WINFUT;01/11/2023;09:40:00;151621,78;151819,60;151555,84;151793,22;1,256910667E10;414337
WINFUT;01/11/2023;09:30:00;151298,68;151747,07;151298,68;151628,37;1,587556434E10;523807
WINFUT;01/11/2023;09:20:00;151259,11;151430,56;151153,61;151298,68;9937593534,00;328407
WINFUT;01/11/2023;09:10:00;150797,53;151292,08;150698,62;151259,11;1,279031356E10;423578
WINFUT;01/11/2023;09:00:00;151041,51;151173,39;150632,69;150797,53;1,30348159E10;432037
WINFUT;31/10/2023;17:50:00;151127,23;151397,59;151127,23;151226,14;1372659782,00;45383
WINFUT;31/10/2023;17:40:00;151120,64;151245,92;151074,48;151133,83;2927759859,00;96827
WINFUT;31/10/2023;17:30:00;150975,57;151272,30;150922,82;151120,64;5012962905,00;165870
WINFUT;31/10/2023;17:20:00;150949,20;151041,51;150843,69;150968,98;4344906856,00;143924
WINFUT;31/10/2023;17:10:00;151100,86;151120,64;150922,82;150955,79;4453392182,00;147435
WINFUT;31/10/2023;17:00:00;151292,08;151298,68;150988,76;151100,86;7631007792,00;252453
WINFUT;31/10/2023;16:50:00;150922,82;151311,86;150837,10;151298,68;1,306326664E10;432217
WINFUT;31/10/2023;16:40:00;150837,10;151008,54;150790,94;150922,82;7826276056,00;259299
WINFUT;31/10/2023;16:30:00;150810,72;150896,44;150645,87;150830,50;7335800750,00;243253
WINFUT;31/10/2023;16:20:00;150988,76;151001,95;150678,84;150804,13;8742410613,00;289864
WINFUT;31/10/2023;16:10:00;151021,73;151034,92;150863,47;150995,35;6132501724,00;203149
WINFUT;31/10/2023;16:00:00;150955,79;151067,89;150896,44;151015,14;7403225527,00;245173
WINFUT;31/10/2023;15:50:00;150922,82;151107,45;150837,10;150955,79;8167187092,00;270533
WINFUT;31/10/2023;15:40:00;150830,50;151001,95;150810,72;150922,82;8603428562,00;285057
WINFUT;31/10/2023;15:30:00;150507,40;150850,29;150474,43;150830,50;1,152417071E10;382331
WINFUT;31/10/2023;15:20:00;150619,50;150731,59;150500,81;150507,40;9224787141,00;306250
WINFUT;31/10/2023;15:10:00;150975,57;151028,32;150612,90;150626,09;1,01510296E10;336454
WINFUT;31/10/2023;15:00:00;151074,48;151127,23;150790,94;150975,57;1,177790104E10;390181
WINFUT;31/10/2023;14:50:00;151028,32;151325,05;151001,95;151081,08;1,007426018E10;333218
WINFUT;31/10/2023;14:40:00;150995,35;151081,08;150936,01;151028,32;6890563855,00;228142
WINFUT;31/10/2023;14:30:00;150804,13;151028,32;150771,16;150988,76;9522293445,00;315533
WINFUT;31/10/2023;14:20:00;150975,57;150988,76;150692,03;150804,13;9079021982,00;301014
WINFUT;31/10/2023;14:10:00;151081,08;151133,83;150843,69;150968,98;1,376756588E10;455903
WINFUT;31/10/2023;14:00:00;151127,23;151305,27;151081,08;151081,08;7904636879,00;261394
WINFUT;31/10/2023;13:50:00;151516,28;151549,25;151100,86;151127,23;1,042227964E10;344334
WINFUT;31/10/2023;13:40:00;151344,83;151542,65;151226,14;151522,87;7994862657,00;264092
WINFUT;31/10/2023;13:30:00;151226,14;151470,12;151153,61;151338,24;1,035565662E10;342195
WINFUT;31/10/2023;13:20:00;151226,14;151311,86;151147,01;151226,14;5418784613,00;179144
WINFUT;31/10/2023;13:10:00;151390,99;151496,50;151206,36;151226,14;8009006700,00;264591
WINFUT;31/10/2023;13:00:00;151608,59;151608,59;151285,49;151390,99;9812895912,00;324044
WINFUT;31/10/2023;12:50:00;151173,39;151634,97;151100,86;151602,00;1,086757232E10;359032
WINFUT;31/10/2023;12:40:00;151265,71;151272,30;151081,08;151179,98;9160824895,00;302977
WINFUT;31/10/2023;12:30:00;151377,80;151555,84;151232,74;151272,30;9156604849,00;302457
WINFUT;31/10/2023;12:20:00;151305,27;151575,62;151173,39;151377,80;1,177071021E10;388833
WINFUT;31/10/2023;12:10:00;151298,68;151542,65;151226,14;151311,86;1,262423345E10;417024
WINFUT;31/10/2023;12:00:00;151114,05;151390,99;151074,48;151298,68;1,364812499E10;451262
WINFUT;31/10/2023;11:50:00;150843,69;151371,21;150837,10;151107,45;1,577948794E10;522047
WINFUT;31/10/2023;11:40:00;150612,90;151160,20;150599,72;150850,29;1,508809796E10;499854
WINFUT;31/10/2023;11:30:00;150909,63;150995,35;150586,53;150619,50;1,371279394E10;454849
WINFUT;31/10/2023;11:20:00;151292,08;151344,83;150797,53;150909,63;1,685445209E10;558011
WINFUT;31/10/2023;11:10:00;150863,47;151562,44;150850,29;151298,68;2,33571428E10;771869
WINFUT;31/10/2023;11:00:00;150500,81;150903,04;150302,99;150856,88;1,812046171E10;601587
WINFUT;31/10/2023;10:50:00;150329,36;150665,65;150078,79;150500,81;1,99038066E10;661737
WINFUT;31/10/2023;10:40:00;150204,08;150487,62;150111,76;150322,77;1,898589143E10;631457
WINFUT;31/10/2023;10:30:00;149874,38;150237,05;149749,09;150204,08;2,163309926E10;721072
WINFUT;31/10/2023;10:20:00;149755,69;149999,66;149722,72;149874,38;1,410412314E10;470640
WINFUT;31/10/2023;10:10:00;149993,07;150072,20;149571,06;149755,69;2,284928766E10;762714
WINFUT;31/10/2023;10:00:00;150593,12;150612,90;149927,13;149993,07;1,75270677E10;582871
WINFUT;31/10/2023;09:50:00;150546,96;150731,59;150487,62;150599,72;7515991430,00;249479
WINFUT;31/10/2023;09:40:00;150434,87;150698,62;150395,30;150540,37;1,133327502E10;376399
WINFUT;31/10/2023;09:30:00;150850,29;150936,01;150395,30;150428,27;1,730925199E10;574243
WINFUT;31/10/2023;09:20:00;150949,20;151094,26;150830,50;150850,29;9378623697,00;310620
WINFUT;31/10/2023;09:10:00;150645,87;150982,17;150612,90;150955,79;8534210923,00;282909
WINFUT;31/10/2023;09:00:00;150672,25;150916,23;150375,52;150645,87;1,430797971E10;474803
WINFUT;30/10/2023;17:50:00;149966,69;150144,73;149940,32;150078,79;1226879914,00;40886
WINFUT;30/10/2023;17:40:00;150059,01;150105,17;149880,97;149973,29;3540627326,00;118014
WINFUT;30/10/2023;17:30:00;150006,26;150157,92;149999,66;150059,01;4095789206,00;136458
WINFUT;30/10/2023;17:20:00;150012,85;150098,57;149966,69;150006,26;3337051833,00;111204
WINFUT;30/10/2023;17:10:00;150190,89;150270,02;149920,54;150012,85;6271361958,00;208956
WINFUT;30/10/2023;17:00:00;150039,23;150243,64;149953,51;150190,89;6093795840,00;202983
WINFUT;30/10/2023;16:50:00;149920,54;150144,73;149920,54;150039,23;8103603215,00;270028
WINFUT;30/10/2023;16:40:00;150091,98;150144,73;149815,03;149913,94;1,078422985E10;359636
WINFUT;30/10/2023;16:30:00;150289,80;150329,36;150045,82;150098,57;9500508309,00;316334
WINFUT;30/10/2023;16:20:00;150283,20;150302,99;150118,36;150296,39;8522889784,00;283690
WINFUT;30/10/2023;16:10:00;150316,17;150395,30;150243,64;150276,61;5711470055,00;189977
WINFUT;30/10/2023;16:00:00;150263,42;150560,15;150263,42;150316,17;1,201045367E10;399256
WINFUT;30/10/2023;15:50:00;150428,27;150428,27;150204,08;150256,83;6010221140,00;199968
WINFUT;30/10/2023;15:40:00;150355,74;150434,87;150276,61;150428,27;5340029698,00;177568
WINFUT;30/10/2023;15:30:00;150059,01;150454,65;150052,42;150355,74;8263617753,00;274889
WINFUT;30/10/2023;15:20:00;150322,77;150329,36;150039,23;150052,42;9065044586,00;301819
WINFUT;30/10/2023;15:10:00;150421,68;150520,59;150118,36;150329,36;9617719929,00;319952
WINFUT;30/10/2023;15:00:00;150487,62;150612,90;150388,71;150428,27;7267527212,00;241421
WINFUT;30/10/2023;14:50:00;150454,65;150513,99;150342,55;150481,02;5953906596,00;197899
WINFUT;30/10/2023;14:40:00;150494,21;150553,56;150382,11;150461,24;5573747217,00;185205
WINFUT;30/10/2023;14:30:00;150335,96;150513,99;150283,20;150487,62;8181477008,00;271996
WINFUT;30/10/2023;14:20:00;150368,93;150428,27;150283,20;150335,96;4925814673,00;163816
WINFUT;30/10/2023;14:10:00;150375,52;150461,24;150302,99;150375,52;4640947254,00;154299
WINFUT;30/10/2023;14:00:00;150230,45;150461,24;150184,30;150375,52;7605460071,00;252957
WINFUT;30/10/2023;13:50:00;150283,20;150302,99;149874,38;150230,45;1,271581708E10;423657
WINFUT;30/10/2023;13:40:00;150566,75;150593,12;150230,45;150283,20;9796322280,00;325705
WINFUT;30/10/2023;13:30:00;150520,59;150771,16;150494,21;150566,75;6250517649,00;207479
WINFUT;30/10/2023;13:20:00;150520,59;150659,06;150467,84;150520,59;5579789236,00;185298
WINFUT;30/10/2023;13:10:00;150481,02;150751,38;150415,08;150513,99;8360684888,00;277594
WINFUT;30/10/2023;13:00:00;150731,59;150863,47;150382,11;150487,62;9857993859,00;327117
WINFUT;30/10/2023;12:50:00;150520,59;150751,38;150401,90;150731,59;8918839517,00;296200
WINFUT;30/10/2023;12:40:00;150566,75;150692,03;150045,82;150520,59;1,851786814E10;615631
WINFUT;30/10/2023;12:30:00;151298,68;151298,68;150520,59;150566,75;1,37677251E10;455936
WINFUT;30/10/2023;12:20:00;151305,27;151404,18;150903,04;151292,08;1,567262856E10;518428
WINFUT;30/10/2023;12:10:00;151799,82;151991,04;151245,92;151298,68;1,836219041E10;605466
WINFUT;30/10/2023;12:00:00;151661,34;151944,89;151595,40;151799,82;1,581696982E10;521117
WINFUT;30/10/2023;11:50:00;151147,01;151707,50;150942,60;151661,34;2,183647042E10;721899
WINFUT;30/10/2023;11:40:00;151483,31;151753,66;151028,32;151140,42;2,218378592E10;732606
WINFUT;30/10/2023;11:30:00;151430,56;151661,34;151331,65;151483,31;1,365416719E10;450631
WINFUT;30/10/2023;11:20:00;151687,72;151747,07;151285,49;151437,15;1,805979003E10;596091
WINFUT;30/10/2023;11:10:00;151944,89;152043,79;151654,75;151687,72;1,482512555E10;488193
WINFUT;30/10/2023;11:00:00;152129,52;152215,24;151753,66;151944,89;1,933212896E10;636084
WINFUT;30/10/2023;10:50:00;152235,02;152327,34;152056,98;152129,52;1,210815897E10;397802
WINFUT;30/10/2023;10:40:00;152070,17;152432,84;152010,83;152235,02;1,402183631E10;460487
WINFUT;30/10/2023;10:30:00;152300,96;152406,46;151977,86;152070,17;1,939845877E10;637174
WINFUT;30/10/2023;10:20:00;152142,70;152492,19;152050,39;152294,37;1,41581919E10;464820
WINFUT;30/10/2023;10:10:00;152083,36;152208,64;151892,13;152142,70;1,609522497E10;529276
WINFUT;30/10/2023;10:00:00;152314,15;152399,87;152056,98;152076,76;1,359986932E10;446771
WINFUT;30/10/2023;09:50:00;152314,15;152426,25;152241,61;152314,15;7833000666,00;257082
WINFUT;30/10/2023;09:40:00;152340,52;152439,43;152294,37;152307,55;6317803336,00;207328
WINFUT;30/10/2023;09:30:00;152459,22;152617,47;152307,55;152347,12;9144616394,00;299899
WINFUT;30/10/2023;09:20:00;152775,73;152782,32;152353,71;152465,81;1,039392942E10;340706
WINFUT;30/10/2023;09:10:00;152610,88;152861,45;152604,28;152782,32;1,069832688E10;350187
WINFUT;30/10/2023;09:00:00;152386,68;152683,41;152162,49;152610,88;1,221259078E10;400532
WINFUT;27/10/2023;17:50:00;151569,03;151634,97;151450,34;151608,59;1540646270,00;50823
WINFUT;27/10/2023;17:40:00;151410,77;151628,37;151371,21;151562,44;4206082336,00;138791
WINFUT;27/10/2023;17:30:00;151351,43;151423,96;151338,24;151410,77;2226617958,00;73540
WINFUT;27/10/2023;17:20:00;151331,65;151450,34;151318,46;151351,43;3437289215,00;113529
WINFUT;27/10/2023;17:10:00;151226,14;151351,43;151173,39;151325,05;5494900989,00;181639
WINFUT;27/10/2023;17:00:00;151338,24;151536,06;151212,95;151232,74;7330704199,00;242143
WINFUT;27/10/2023;16:50:00;151331,65;151463,53;151272,30;151338,24;8327579986,00;275074
WINFUT;27/10/2023;16:40:00;151133,83;151364,62;151054,70;151325,05;8562223601,00;283120
WINFUT;27/10/2023;16:30:00;151430,56;151496,50;151133,83;151140,42;9494829556,00;313763
WINFUT;27/10/2023;16:20:00;151285,49;151463,53;151212,95;151437,15;8605424525,00;284274
WINFUT;27/10/2023;16:10:00;151311,86;151351,43;151166,80;151292,08;9628506297,00;318241
WINFUT;27/10/2023;16:00:00;151008,54;151331,65;150949,20;151311,86;9802196428,00;324203
WINFUT;27/10/2023;15:50:00;151100,86;151212,95;150929,41;151001,95;1,170711829E10;387530
WINFUT;27/10/2023;15:40:00;151285,49;151305,27;151061,29;151100,86;1,106732428E10;366059
WINFUT;27/10/2023;15:30:00;150903,04;151325,05;150883,26;151292,08;1,366000288E10;451878
WINFUT;27/10/2023;15:20:00;151166,80;151186,58;150790,94;150903,04;1,660225945E10;549966
WINFUT;27/10/2023;15:10:00;151272,30;151390,99;151140,42;151173,39;1,021280268E10;337601
WINFUT;27/10/2023;15:00:00;151371,21;151443,74;151179,98;151272,30;1,212734083E10;400770
WINFUT;27/10/2023;14:50:00;151569,03;151740,47;151212,95;151377,80;1,62083616E10;535105
WINFUT;27/10/2023;14:40:00;151634,97;151760,25;151489,90;151569,03;1,012722701E10;333946
WINFUT;27/10/2023;14:30:00;151687,72;151733,88;151509,68;151634,97;1,212900564E10;399973
WINFUT;27/10/2023;14:20:00;151885,54;151918,51;151595,40;151687,72;1,500835458E10;494525
WINFUT;27/10/2023;14:10:00;151951,48;151997,64;151720,69;151885,54;1,630840392E10;537000
WINFUT;27/10/2023;14:00:00;152307,55;152465,81;151892,13;151951,48;2,112940566E10;694305
WINFUT;27/10/2023;13:50:00;152808,70;152841,67;152221,83;152314,15;1,996974649E10;654827
WINFUT;27/10/2023;13:40:00;152973,54;153039,48;152769,13;152815,29;9087109568,00;297157
WINFUT;27/10/2023;13:30:00;153092,24;153164,77;152920,79;152973,54;8956990443,00;292647
WINFUT;27/10/2023;13:20:00;153349,40;153369,18;152914,20;153098,83;1,084678845E10;354178
WINFUT;27/10/2023;13:10:00;153402,15;153421,94;153184,55;153349,40;7434116875,00;242478
WINFUT;27/10/2023;13:00:00;153534,03;153534,03;153303,24;153402,15;8284979830,00;270035
WINFUT;27/10/2023;12:50:00;153599,97;153632,94;153421,94;153534,03;6590209681,00;214666
WINFUT;27/10/2023;12:40:00;153593,38;153659,32;153487,87;153593,38;6982699942,00;227334
WINFUT;27/10/2023;12:30:00;153613,16;153712,07;153448,31;153599,97;1,056904321E10;344088
WINFUT;27/10/2023;12:20:00;153626,35;153797,79;153553,81;153619,75;9612843844,00;312739
WINFUT;27/10/2023;12:10:00;153388,97;153764,82;153303,24;153626,35;1,410008931E10;459108
WINFUT;27/10/2023;12:00:00;153237,30;153487,87;153217,52;153388,97;9607486602,00;313186
WINFUT;27/10/2023;11:50:00;153290,06;153514,25;153230,71;153243,90;1,133980951E10;369691
WINFUT;27/10/2023;11:40:00;153257,09;153356,00;153065,86;153290,06;1,476172809E10;481745
WINFUT;27/10/2023;11:30:00;153283,46;153481,28;153217,52;153250,49;1,241606782E10;404887
WINFUT;27/10/2023;11:20:00;153382,37;153606,57;153263,68;153290,06;1,314402195E10;428376
WINFUT;27/10/2023;11:10:00;153435,12;153712,07;153342,81;153375,78;1,770037518E10;576467
WINFUT;27/10/2023;11:00:00;153375,78;153507,66;153112,02;153435,12;1,897372505E10;618737
WINFUT;27/10/2023;10:50:00;153184,55;153448,31;153177,96;153375,78;1,185477667E10;386540
WINFUT;27/10/2023;10:40:00;153632,94;153652,72;153158,18;153191,15;1,922349253E10;626805
WINFUT;27/10/2023;10:30:00;153890,11;154114,30;153527,44;153632,94;2,425944517E10;788606
WINFUT;27/10/2023;10:20:00;153580,19;154068,14;153547,22;153890,11;1,934001216E10;628478
WINFUT;27/10/2023;10:10:00;153962,64;153982,42;153481,28;153580,19;1,717559929E10;558826
WINFUT;27/10/2023;10:00:00;153553,81;154054,96;153448,31;153969,23;2,15599436E10;701335
WINFUT;27/10/2023;09:50:00;153665,91;153738,45;153520,84;153547,22;1,163624924E10;378752
WINFUT;27/10/2023;09:40:00;153850,54;153857,14;153652,72;153659,32;8544698175,00;277881
WINFUT;27/10/2023;09:30:00;153672,51;154002,20;153599,97;153857,14;1,283537106E10;417094
WINFUT;27/10/2023;09:20:00;153718,66;153810,98;153659,32;153679,10;5574717223,00;181308
WINFUT;27/10/2023;09:10:00;153586,78;153778,01;153540,63;153718,66;6522770471,00;212241
WINFUT;27/10/2023;09:00:00;153857,14;154008,80;153520,84;153586,78;1,192493921E10;387882
WINFUT;26/10/2023;17:50:00;153830,76;153929,67;153778,01;153929,67;1544414159,00;50187
WINFUT;26/10/2023;17:40:00;153712,07;153896,70;153652,72;153824,17;5248345054,00;170664
WINFUT;26/10/2023;17:30:00;153613,16;153725,26;153534,03;153712,07;4283345479,00;139399
WINFUT;26/10/2023;17:20:00;153679,10;153685,69;153560,41;153619,75;3379408963,00;110000
WINFUT;26/10/2023;17:10:00;153665,91;153791,20;153606,57;153679,10;6410031561,00;208511
WINFUT;26/10/2023;17:00:00;153448,31;153679,10;153421,94;153659,32;1,001559601E10;326148
WINFUT;26/10/2023;16:50:00;153415,34;153593,38;153309,84;153454,90;9761464441,00;318049
WINFUT;26/10/2023;16:40:00;153402,15;153481,28;153270,27;153415,34;9086839961,00;296224
WINFUT;26/10/2023;16:30:00;153646,13;153705,48;153362,59;153402,15;1,105843653E10;360131
WINFUT;26/10/2023;16:20:00;153745,04;153817,57;153527,44;153646,13;1,15002829E10;374221
WINFUT;26/10/2023;16:10:00;153454,90;153975,83;153283,46;153745,04;1,902511243E10;619353
WINFUT;26/10/2023;16:00:00;153039,48;153580,19;153026,30;153448,31;1,910988621E10;623123
WINFUT;26/10/2023;15:50:00;152854,85;153072,45;152828,48;153039,48;1,039795805E10;339892
WINFUT;26/10/2023;15:40:00;152716,38;152901,01;152650,44;152854,85;1,092506599E10;357488
WINFUT;26/10/2023;15:30:00;152558,12;152835,07;152498,78;152716,38;1,512128019E10;495141
WINFUT;26/10/2023;15:20:00;152538,34;152577,91;152360,31;152564,72;9125949858,00;299262
WINFUT;26/10/2023;15:10:00;152426,25;152577,91;152399,87;152538,34;1,191151663E10;390574
WINFUT;26/10/2023;15:00:00;152056,98;152479,00;152050,39;152426,25;1,449331559E10;475850
WINFUT;26/10/2023;14:50:00;151885,54;152116,33;151878,95;152056,98;9496291752,00;312342
WINFUT;26/10/2023;14:40:00;151694,31;152096,55;151687,72;151878,95;1,309867038E10;431121
WINFUT;26/10/2023;14:30:00;151700,91;151872,35;151542,65;151700,91;1,302033678E10;429126
WINFUT;26/10/2023;14:20:00;151971,26;151997,64;151674,53;151700,91;1,035920177E10;341205
WINFUT;26/10/2023;14:10:00;152215,24;152241,61;151958,07;151971,26;9622242968,00;316337
WINFUT;26/10/2023;14:00:00;151766,85;152261,40;151707,50;152208,64;1,784119651E10;586797
WINFUT;26/10/2023;13:50:00;151536,06;151799,82;151529,47;151766,85;6856408378,00;225996
WINFUT;26/10/2023;13:40:00;151714,10;151793,22;151476,71;151529,47;9866943693,00;325393
WINFUT;26/10/2023;13:30:00;151793,22;151872,35;151687,72;151714,10;9477183194,00;312188
WINFUT;26/10/2023;13:20:00;151654,75;151819,60;151628,37;151793,22;6444754146,00;212419
WINFUT;26/10/2023;13:10:00;151760,25;151813,01;151634,97;151661,34;9826390678,00;323840
WINFUT;26/10/2023;13:00:00;151938,29;151951,48;151747,07;151760,25;8095119600,00;266549
WINFUT;26/10/2023;12:50:00;151971,26;152030,61;151872,35;151931,70;6368953033,00;209571
WINFUT;26/10/2023;12:40:00;151905,32;152043,79;151813,01;151977,86;9542997874,00;314083
WINFUT;26/10/2023;12:30:00;151898,73;151997,64;151892,13;151905,32;5274487893,00;173566
WINFUT;26/10/2023;12:20:00;152076,76;152096,55;151892,13;151898,73;7363600216,00;242243
WINFUT;26/10/2023;12:10:00;152155,89;152215,24;151931,70;152076,76;1,114270371E10;366380
WINFUT;26/10/2023;12:00:00;152281,18;152314,15;152037,20;152149,30;1,105270387E10;363205
WINFUT;26/10/2023;11:50:00;152261,40;152347,12;152215,24;152287,77;1,005980104E10;330289
WINFUT;26/10/2023;11:40:00;151951,48;152307,55;151898,73;152261,40;1,773987602E10;582939
WINFUT;26/10/2023;11:30:00;152024,01;152043,79;151773,44;151944,89;1,50281625E10;494694
WINFUT;26/10/2023;11:20:00;151615,19;152050,39;151463,53;152024,01;1,668619231E10;549780
WINFUT;26/10/2023;11:10:00;151456,93;151727,28;151430,56;151608,59;1,399857247E10;461737
WINFUT;26/10/2023;11:00:00;151674,53;151727,28;151397,59;151456,93;1,825327621E10;602172
WINFUT;26/10/2023;10:50:00;151529,47;151806,41;151516,28;151667,94;1,368990387E10;451316
WINFUT;26/10/2023;10:40:00;151463,53;151944,89;151463,53;151529,47;2,032040744E10;669665
WINFUT;26/10/2023;10:30:00;151338,24;151845,98;151285,49;151463,53;2,653668145E10;875115
WINFUT;26/10/2023;10:20:00;151219,55;151430,56;151015,14;151338,24;1,601981114E10;529714
WINFUT;26/10/2023;10:10:00;151120,64;151397,59;151074,48;151219,55;1,360954769E10;449956
WINFUT;26/10/2023;10:00:00;151285,49;151318,46;151107,45;151114,05;1,13138043E10;374094
WINFUT;26/10/2023;09:50:00;151087,67;151318,46;151067,89;151292,08;1,095341747E10;362192
WINFUT;26/10/2023;09:40:00;150909,63;151140,42;150810,72;151094,26;1,126147028E10;372922
WINFUT;26/10/2023;09:30:00;150593,12;151028,32;150421,68;150903,04;1,715917502E10;568945
WINFUT;26/10/2023;09:20:00;150434,87;150632,69;150388,71;150593,12;7185313674,00;238720
WINFUT;26/10/2023;09:10:00;150461,24;150527,18;150289,80;150434,87;6949363643,00;231025
WINFUT;26/10/2023;09:00:00;150105,17;150500,81;149920,54;150467,84;1,336999442E10;445147
WINFUT;25/10/2023;17:50:00;150850,29;150995,35;150751,38;150751,38;1208477015,00;40045
WINFUT;25/10/2023;17:40:00;150797,53;150896,44;150764,56;150850,29;2980343988,00;98792
WINFUT;25/10/2023;17:30:00;150922,82;150968,98;150777,75;150797,53;3081153040,00;102106
WINFUT;25/10/2023;17:20:00;150909,63;150962,38;150883,26;150916,23;2015270218,00;66767
WINFUT;25/10/2023;17:10:00;150903,04;150949,20;150837,10;150903,04;3942836368,00;130646
WINFUT;25/10/2023;17:00:00;150936,01;151061,29;150837,10;150896,44;6811199161,00;225627
WINFUT;25/10/2023;16:50:00;150725,00;150955,79;150718,41;150929,41;6767887120,00;224314
WINFUT;25/10/2023;16:40:00;150962,38;150968,98;150711,81;150718,41;8130966842,00;269589
WINFUT;25/10/2023;16:30:00;150968,98;151153,61;150922,82;150968,98;8846367717,00;292832
WINFUT;25/10/2023;16:20:00;150942,60;151067,89;150870,07;150968,98;9516435193,00;315193
WINFUT;25/10/2023;16:10:00;150804,13;150968,98;150790,94;150942,60;8734281766,00;289438
WINFUT;25/10/2023;16:00:00;150843,69;150883,26;150678,84;150810,72;7515217294,00;249217
WINFUT;25/10/2023;15:50:00;150711,81;150896,44;150599,72;150843,69;9993242269,00;331447
WINFUT;25/10/2023;15:40:00;150744,78;150823,91;150659,06;150711,81;6349267698,00;210608
WINFUT;25/10/2023;15:30:00;150711,81;150804,13;150639,28;150744,78;6842733594,00;227011
WINFUT;25/10/2023;15:20:00;150830,50;150837,10;150659,06;150711,81;8399978377,00;278602
WINFUT;25/10/2023;15:10:00;150632,69;150883,26;150579,93;150837,10;1,106969628E10;367209
WINFUT;25/10/2023;15:00:00;150922,82;150929,41;150579,93;150632,69;1,135975508E10;376760
WINFUT;25/10/2023;14:50:00;150645,87;150942,60;150639,28;150922,82;1,10857765E10;367600
WINFUT;25/10/2023;14:40:00;150777,75;150830,50;150639,28;150645,87;1,06087164E10;351882
WINFUT;25/10/2023;14:30:00;150936,01;150936,01;150771,16;150784,35;1,040383494E10;344839
WINFUT;25/10/2023;14:20:00;151015,14;151153,61;150909,63;150929,41;1,02379259E10;338915
WINFUT;25/10/2023;14:10:00;151001,95;151107,45;150876,66;151008,54;1,019947865E10;337730
WINFUT;25/10/2023;14:00:00;151061,29;151107,45;150804,13;151001,95;1,42893604E10;473362
WINFUT;25/10/2023;13:50:00;151232,74;151298,68;151028,32;151061,29;1,070129409E10;353971
WINFUT;25/10/2023;13:40:00;151430,56;151496,50;151212,95;151226,14;1,124534152E10;371443
WINFUT;25/10/2023;13:30:00;151536,06;151641,56;151423,96;151430,56;6956210980,00;229526
WINFUT;25/10/2023;13:20:00;151397,59;151588,81;151344,83;151536,06;7012633501,00;231482
WINFUT;25/10/2023;13:10:00;151681,13;151707,50;151371,21;151397,59;8264394150,00;272678
WINFUT;25/10/2023;13:00:00;151707,50;151753,66;151634,97;151681,13;5578212227,00;183865
WINFUT;25/10/2023;12:50:00;151845,98;151938,29;151694,31;151700,91;8455575156,00;278527
WINFUT;25/10/2023;12:40:00;151832,79;151997,64;151707,50;151839,38;1,100846248E10;362515
WINFUT;25/10/2023;12:30:00;151826,19;151944,89;151648,16;151826,19;9689561720,00;319120
WINFUT;25/10/2023;12:20:00;151766,85;151859,16;151562,44;151819,60;1,165385694E10;384087
WINFUT;25/10/2023;12:10:00;151753,66;151845,98;151674,53;151766,85;8412134718,00;277153
WINFUT;25/10/2023;12:00:00;151588,81;151984,45;151582,22;151753,66;1,824732625E10;600918
WINFUT;25/10/2023;11:50:00;151674,53;151747,07;151476,71;151595,40;1,13715822E10;374992
WINFUT;25/10/2023;11:40:00;151536,06;151766,85;151410,77;151681,13;1,283541598E10;423360
WINFUT;25/10/2023;11:30:00;151298,68;151602,00;151179,98;151529,47;1,849243009E10;610746
WINFUT;25/10/2023;11:20:00;151219,55;151325,05;151087,67;151298,68;9509182262,00;314433
WINFUT;25/10/2023;11:10:00;151351,43;151423,96;151048,11;151219,55;1,530101419E10;506037
WINFUT;25/10/2023;11:00:00;151780,04;151786,63;151199,77;151344,83;1,978018897E10;653144
WINFUT;25/10/2023;10:50:00;151338,24;151786,63;151305,27;151773,44;1,354149595E10;446847
WINFUT;25/10/2023;10:40:00;151476,71;151641,56;151305,27;151331,65;1,693463101E10;559085
WINFUT;25/10/2023;10:30:00;152043,79;152221,83;151371,21;151476,71;2,655214004E10;874639
WINFUT;25/10/2023;10:20:00;152492,19;152525,15;152017,42;152050,39;1,879847987E10;617468
WINFUT;25/10/2023;10:10:00;152518,56;152577,91;152294,37;152498,78;1,497792104E10;491280
WINFUT;25/10/2023;10:00:00;152274,58;152577,91;152241,61;152511,97;1,810068242E10;593765
WINFUT;25/10/2023;09:50:00;152287,77;152353,71;152228,43;152281,18;7282259732,00;239077
WINFUT;25/10/2023;09:40:00;152030,61;152294,37;151984,45;152281,18;9527967304,00;313056
WINFUT;25/10/2023;09:30:00;152063,58;152169,08;151977,86;152024,01;7235877380,00;237945
WINFUT;25/10/2023;09:20:00;152056,98;152122,92;151997,64;152070,17;5570082067,00;183154
WINFUT;25/10/2023;09:10:00;151984,45;152109,73;151839,38;152063,58;9054729177,00;297876
WINFUT;25/10/2023;09:00:00;152188,86;152188,86;151865,76;151977,86;1,094400863E10;359976
WINFUT;24/10/2023;17:50:00;152294,37;152327,34;152195,46;152254,80;1348233276,00;44274
WINFUT;24/10/2023;17:40:00;152281,18;152446,03;152267,99;152300,96;4236710585,00;139043
WINFUT;24/10/2023;17:30:00;152347,12;152353,71;152235,02;152281,18;2912897897,00;95630
WINFUT;24/10/2023;17:20:00;152267,99;152373,49;152215,24;152340,52;3538889346,00;116185
WINFUT;24/10/2023;17:10:00;152333,93;152419,65;152202,05;152267,99;6760382329,00;221901
WINFUT;24/10/2023;17:00:00;152333,93;152630,66;152195,46;152333,93;1,510519182E10;495561
WINFUT;24/10/2023;16:50:00;152624,06;152643,85;152314,15;152333,93;1,033411148E10;338843
WINFUT;24/10/2023;16:40:00;152544,94;152722,97;152511,97;152617,47;9246827750,00;302931
WINFUT;24/10/2023;16:30:00;152267,99;152755,94;152261,40;152551,53;1,779343031E10;583183
WINFUT;24/10/2023;16:20:00;151892,13;152347,12;151872,35;152261,40;1,732356646E10;569609
WINFUT;24/10/2023;16:10:00;151753,66;151918,51;151727,28;151892,13;9144158978,00;301141
WINFUT;24/10/2023;16:00:00;151687,72;151839,38;151641,56;151753,66;8636864300,00;284588
WINFUT;24/10/2023;15:50:00;151766,85;151786,63;151667,94;151694,31;5602726420,00;184640
WINFUT;24/10/2023;15:40:00;151760,25;151799,82;151681,13;151760,25;5907350752,00;194651
WINFUT;24/10/2023;15:30:00;151740,47;151898,73;151700,91;151760,25;1,097008002E10;361335
WINFUT;24/10/2023;15:20:00;151667,94;151747,07;151542,65;151740,47;6497168628,00;214221
WINFUT;24/10/2023;15:10:00;151549,25;151694,31;151536,06;151667,94;5497696796,00;181306
WINFUT;24/10/2023;15:00:00;151602,00;151714,10;151509,68;151555,84;8467012899,00;279259
WINFUT;24/10/2023;14:50:00;151654,75;151753,66;151470,12;151608,59;1,069438924E10;352690
WINFUT;24/10/2023;14:40:00;151529,47;151700,91;151483,31;151654,75;9893863660,00;326304
WINFUT;24/10/2023;14:30:00;151351,43;151529,47;151325,05;151522,87;9963474166,00;328985
WINFUT;24/10/2023;14:20:00;151028,32;151358,02;151028,32;151351,43;9759867198,00;322732
WINFUT;24/10/2023;14:10:00;151061,29;151081,08;150870,07;151028,32;8610654386,00;285179
WINFUT;24/10/2023;14:00:00;151048,11;151094,26;150916,23;151061,29;7902619919,00;261646
WINFUT;24/10/2023;13:50:00;150856,88;151067,89;150810,72;151048,11;9504172168,00;314875
WINFUT;24/10/2023;13:40:00;151153,61;151160,20;150830,50;150863,47;1,219853129E10;403904
WINFUT;24/10/2023;13:30:00;151292,08;151397,59;151100,86;151153,61;1,006497438E10;332727
WINFUT;24/10/2023;13:20:00;151562,44;151608,59;151186,58;151298,68;1,712879337E10;565676
WINFUT;24/10/2023;13:10:00;151575,62;151747,07;151555,84;151569,03;6561577237,00;216347
WINFUT;24/10/2023;13:00:00;151859,16;151918,51;151555,84;151569,03;8506734723,00;280330
WINFUT;24/10/2023;12:50:00;151700,91;151931,70;151687,72;151865,76;8781069118,00;289196
WINFUT;24/10/2023;12:40:00;151727,28;151944,89;151687,72;151694,31;9423894302,00;310347
WINFUT;24/10/2023;12:30:00;151878,95;151925,10;151562,44;151727,28;1,464820982E10;482678
WINFUT;24/10/2023;12:20:00;152202,05;152235,02;151806,41;151878,95;1,517503659E10;499323
WINFUT;24/10/2023;12:10:00;152228,43;152320,74;152089,95;152202,05;9903257969,00;325342
WINFUT;24/10/2023;12:00:00;152228,43;152294,37;152043,79;152228,43;1,23787226E10;406739
WINFUT;24/10/2023;11:50:00;152347,12;152419,65;152175,67;152221,83;8759464057,00;287621
WINFUT;24/10/2023;11:40:00;152432,84;152439,43;152162,49;152340,52;1,516812727E10;498015
WINFUT;24/10/2023;11:30:00;152775,73;152795,51;152327,34;152432,84;1,576596393E10;516903
WINFUT;24/10/2023;11:20:00;152505,37;152782,32;152380,09;152775,73;1,691317453E10;554154
WINFUT;24/10/2023;11:10:00;152551,53;152683,41;152366,90;152498,78;1,632411636E10;535068
WINFUT;24/10/2023;11:00:00;152617,47;152617,47;152096,55;152544,94;2,21486882E10;726882
WINFUT;24/10/2023;10:50:00;152188,86;152670,22;152017,42;152610,88;2,268996437E10;744549
WINFUT;24/10/2023;10:40:00;152169,08;152241,61;151859,16;152188,86;2,056295685E10;676190
WINFUT;24/10/2023;10:30:00;151786,63;152182,27;151687,72;152169,08;2,387244017E10;785369
WINFUT;24/10/2023;10:20:00;151991,04;152050,39;151766,85;151786,63;1,541315754E10;507279
WINFUT;24/10/2023;10:10:00;152373,49;152413,06;151977,86;151984,45;1,561389028E10;512949
WINFUT;24/10/2023;10:00:00;152340,52;152432,84;152188,86;152366,90;1,081907169E10;355195
WINFUT;24/10/2023;09:50:00;152287,77;152373,49;152202,05;152333,93;5987641591,00;196583
WINFUT;24/10/2023;09:40:00;152281,18;152340,52;152208,64;152287,77;5625535611,00;184726
WINFUT;24/10/2023;09:30:00;152300,96;152353,71;152109,73;152274,58;1,154893809E10;379284
WINFUT;24/10/2023;09:20:00;152202,05;152393,28;152169,08;152300,96;1,01786455E10;334174
WINFUT;24/10/2023;09:10:00;152221,83;152314,15;152043,79;152208,64;1,159649009E10;381018
WINFUT;24/10/2023;09:00:00;152182,27;152267,99;151700,91;152215,24;1,7549048E10;577265
WINFUT;23/10/2023;17:50:00;151278,89;151351,43;151100,86;151153,61;1507192681,00;49833
WINFUT;23/10/2023;17:40:00;151001,95;151364,62;150995,35;151278,89;3223422677,00;106652
WINFUT;23/10/2023;17:30:00;150936,01;151028,32;150896,44;151001,95;2847752628,00;94313
WINFUT;23/10/2023;17:20:00;150876,66;151193,17;150856,88;150929,41;7196553845,00;238302
WINFUT;23/10/2023;17:10:00;150968,98;150995,35;150843,69;150870,07;3448108719,00;114243
WINFUT;23/10/2023;17:00:00;150850,29;151028,32;150837,10;150968,98;5287537572,00;175132
WINFUT;23/10/2023;16:50:00;151028,32;151034,92;150790,94;150856,88;8557319498,00;283504
WINFUT;23/10/2023;16:40:00;150771,16;151034,92;150751,38;151028,32;9079267889,00;300804
WINFUT;23/10/2023;16:30:00;150856,88;150896,44;150744,78;150777,75;8239809741,00;273201
WINFUT;23/10/2023;16:20:00;151179,98;151219,55;150771,16;150856,88;1,430786781E10;473979
WINFUT;23/10/2023;16:10:00;151358,02;151371,21;151015,14;151179,98;1,34069571E10;443446
WINFUT;23/10/2023;16:00:00;151397,59;151496,50;151318,46;151358,02;7498893549,00;247621
WINFUT;23/10/2023;15:50:00;151338,24;151437,15;151278,89;151397,59;6452283739,00;213139
WINFUT;23/10/2023;15:40:00;151529,47;151595,40;151199,77;151344,83;1,38466195E10;457318
WINFUT;23/10/2023;15:30:00;151456,93;151542,65;151437,15;151529,47;4642000792,00;153209
WINFUT;23/10/2023;15:20:00;151305,27;151529,47;151206,36;151463,53;1,023150826E10;337917
WINFUT;23/10/2023;15:10:00;151621,78;151641,56;151239,33;151311,86;1,063502518E10;351106
WINFUT;23/10/2023;15:00:00;151489,90;151674,53;151371,21;151621,78;1,004146934E10;331373
WINFUT;23/10/2023;14:50:00;151674,53;151700,91;151371,21;151483,31;9965111850,00;328905
WINFUT;23/10/2023;14:40:00;151608,59;151707,50;151549,25;151667,94;8183380679,00;269832
WINFUT;23/10/2023;14:30:00;151733,88;151766,85;151569,03;151602,00;7451143405,00;245648
WINFUT;23/10/2023;14:20:00;151918,51;151984,45;151608,59;151733,88;1,113188102E10;366735
WINFUT;23/10/2023;14:10:00;152024,01;152103,14;151898,73;151918,51;8858498669,00;291408
WINFUT;23/10/2023;14:00:00;152109,73;152155,89;151885,54;152030,61;1,020126775E10;335493
WINFUT;23/10/2023;13:50:00;151747,07;152142,70;151714,10;152103,14;1,027035143E10;337912
WINFUT;23/10/2023;13:40:00;151720,69;151832,79;151628,37;151753,66;6146768972,00;202554
WINFUT;23/10/2023;13:30:00;151641,56;151780,04;151595,40;151720,69;7273593413,00;239767
WINFUT;23/10/2023;13:20:00;151516,28;151681,13;151437,15;151641,56;8467907697,00;279368
WINFUT;23/10/2023;13:10:00;151832,79;151839,38;151509,68;151509,68;8135798118,00;268249
WINFUT;23/10/2023;13:00:00;151878,95;151905,32;151733,88;151839,38;5999561282,00;197607
WINFUT;23/10/2023;12:50:00;151918,51;151991,04;151780,04;151885,54;7128664799,00;234685
WINFUT;23/10/2023;12:40:00;151951,48;152017,42;151845,98;151918,51;7487047561,00;246400
WINFUT;23/10/2023;12:30:00;151872,35;151997,64;151714,10;151958,07;1,162247519E10;382634
WINFUT;23/10/2023;12:20:00;151621,78;151872,35;151615,19;151872,35;9585133110,00;315811
WINFUT;23/10/2023;12:10:00;151641,56;151872,35;151595,40;151621,78;1,340538127E10;441784
WINFUT;23/10/2023;12:00:00;151344,83;151648,16;151311,86;151641,56;1,1789683E10;389063
WINFUT;23/10/2023;11:50:00;151173,39;151489,90;151160,20;151338,24;1,33227652E10;440256
WINFUT;23/10/2023;11:40:00;151114,05;151358,02;151048,11;151179,98;1,328595027E10;439273
WINFUT;23/10/2023;11:30:00;150955,79;151186,58;150790,94;151107,45;1,629662493E10;539754
WINFUT;23/10/2023;11:20:00;151021,73;151278,89;150936,01;150955,79;1,472334419E10;487102
WINFUT;23/10/2023;11:10:00;151028,32;151133,83;150883,26;151021,73;1,605442477E10;531519
WINFUT;23/10/2023;11:00:00;150968,98;151074,48;150797,53;151028,32;1,536365442E10;508944
WINFUT;23/10/2023;10:50:00;150777,75;151028,32;150474,43;150968,98;2,583385741E10;856734
WINFUT;23/10/2023;10:40:00;150408,49;150790,94;150059,01;150777,75;2,39003131E10;794660
WINFUT;23/10/2023;10:30:00;150329,36;150513,99;150164,51;150401,90;1,950283517E10;648679
WINFUT;23/10/2023;10:20:00;150626,09;150639,28;150157,92;150329,36;1,708608947E10;568186
WINFUT;23/10/2023;10:10:00;150454,65;150711,81;150085,39;150626,09;2,322122836E10;772065
WINFUT;23/10/2023;10:00:00;150329,36;150566,75;150263,42;150454,65;1,235387316E10;410562
WINFUT;23/10/2023;09:50:00;150487,62;150560,15;150316,17;150322,77;7363021929,00;244707
WINFUT;23/10/2023;09:40:00;150659,06;150705,22;150454,65;150487,62;8620248714,00;286269
WINFUT;23/10/2023;09:30:00;150533,78;150725,00;150507,40;150665,65;6440681824,00;213760
WINFUT;23/10/2023;09:20:00;150533,78;150725,00;150527,18;150540,37;6859627440,00;227701
WINFUT;23/10/2023;09:10:00;150553,56;150705,22;150513,99;150533,78;9322388801,00;309481
WINFUT;23/10/2023;09:00:00;150725,00;150757,97;150144,73;150553,56;1,567199972E10;520959
WINFUT;20/10/2023;17:50:00;151364,62;151417,37;151292,08;151358,02;1153473072,00;38104
WINFUT;20/10/2023;17:40:00;151173,39;151371,21;151034,92;151364,62;4111144917,00;136002
WINFUT;20/10/2023;17:30:00;151173,39;151232,74;151120,64;151179,98;3100216363,00;102542
WINFUT;20/10/2023;17:20:00;151252,52;151285,49;151153,61;151179,98;3203894995,00;105939
WINFUT;20/10/2023;17:10:00;151423,96;151437,15;151212,95;151252,52;4824258497,00;159425
WINFUT;20/10/2023;17:00:00;151423,96;151496,50;151358,02;151417,37;4434788385,00;146426
WINFUT;20/10/2023;16:50:00;151390,99;151476,71;151331,65;151430,56;6596000991,00;217841
WINFUT;20/10/2023;16:40:00;151503,09;151522,87;151325,05;151390,99;6748296861,00;222882
WINFUT;20/10/2023;16:30:00;151483,31;151536,06;151305,27;151509,68;8032265394,00;265221
WINFUT;20/10/2023;16:20:00;151569,03;151569,03;151384,40;151489,90;6508924295,00;214872
WINFUT;20/10/2023;16:10:00;151489,90;151608,59;151377,80;151562,44;7872423939,00;259847
WINFUT;20/10/2023;16:00:00;151542,65;151648,16;151483,31;151489,90;5979562997,00;197252
WINFUT;20/10/2023;15:50:00;151397,59;151615,19;151344,83;151536,06;8379527437,00;276581
WINFUT;20/10/2023;15:40:00;151621,78;151621,78;151371,21;151404,18;6782141611,00;223860
WINFUT;20/10/2023;15:30:00;151476,71;151700,91;151390,99;151621,78;1,111690275E10;366776
WINFUT;20/10/2023;15:20:00;151522,87;151667,94;151450,34;151476,71;7932977915,00;261686
WINFUT;20/10/2023;15:10:00;151938,29;151944,89;151516,28;151516,28;1,223523018E10;403225
WINFUT;20/10/2023;15:00:00;151938,29;152136,11;151865,76;151938,29;1,303182264E10;428650
WINFUT;20/10/2023;14:50:00;151700,91;151958,07;151681,13;151931,70;8206218647,00;270293
WINFUT;20/10/2023;14:40:00;151621,78;152056,98;151595,40;151707,50;1,347638787E10;443876
WINFUT;20/10/2023;14:30:00;151931,70;151951,48;151608,59;151615,19;9417806463,00;310245
WINFUT;20/10/2023;14:20:00;151766,85;151997,64;151700,91;151925,10;1,405067308E10;462646
WINFUT;20/10/2023;14:10:00;151265,71;151898,73;151265,71;151766,85;1,633114645E10;538693
WINFUT;20/10/2023;14:00:00;151298,68;151325,05;151153,61;151272,30;7864720908,00;260024
WINFUT;20/10/2023;13:50:00;151305,27;151377,80;151153,61;151292,08;1,121492592E10;370700
WINFUT;20/10/2023;13:40:00;151199,77;151318,46;151094,26;151305,27;8849454219,00;292613
WINFUT;20/10/2023;13:30:00;151067,89;151245,92;151061,29;151199,77;6796775740,00;224820
WINFUT;20/10/2023;13:20:00;150896,44;151133,83;150850,29;151061,29;9911352446,00;328136
WINFUT;20/10/2023;13:10:00;150955,79;150962,38;150725,00;150903,04;1,000019091E10;331476
WINFUT;20/10/2023;13:00:00;151199,77;151212,95;150936,01;150962,38;7294239221,00;241449
WINFUT;20/10/2023;12:50:00;151114,05;151252,52;151094,26;151193,17;1,012833345E10;334984
WINFUT;20/10/2023;12:40:00;150922,82;151153,61;150850,29;151107,45;8433412007,00;279225
WINFUT;20/10/2023;12:30:00;151094,26;151094,26;150876,66;150929,41;6975983662,00;231044
WINFUT;20/10/2023;12:20:00;150929,41;151114,05;150863,47;151094,26;8595621070,00;284644
WINFUT;20/10/2023;12:10:00;151107,45;151212,95;150883,26;150929,41;1,173727932E10;388515
WINFUT;20/10/2023;12:00:00;150876,66;151199,77;150843,69;151100,86;1,093564256E10;361980
WINFUT;20/10/2023;11:50:00;150995,35;151127,23;150837,10;150876,66;1,126164803E10;372977
WINFUT;20/10/2023;11:40:00;150718,41;151061,29;150685,44;151001,95;1,177688757E10;390265
WINFUT;20/10/2023;11:30:00;150652,47;150968,98;150593,12;150711,81;1,990769377E10;660176
WINFUT;20/10/2023;11:20:00;151219,55;151232,74;150645,87;150652,47;2,275939113E10;753777
WINFUT;20/10/2023;11:10:00;151971,26;152010,83;151206,36;151219,55;2,273715393E10;750023
WINFUT;20/10/2023;11:00:00;152122,92;152182,27;151878,95;151971,26;1,461411265E10;480606
WINFUT;20/10/2023;10:50:00;152538,34;152571,31;152109,73;152122,92;1,689763296E10;554713
WINFUT;20/10/2023;10:40:00;152056,98;152597,69;151938,29;152544,94;2,214534451E10;727721
WINFUT;20/10/2023;10:30:00;152459,22;152518,56;152043,79;152056,98;1,887531221E10;619594
WINFUT;20/10/2023;10:20:00;152736,16;152736,16;152287,77;152465,81;1,675917994E10;549372
WINFUT;20/10/2023;10:10:00;152248,21;152749,35;152083,36;152736,16;2,635273863E10;864402
WINFUT;20/10/2023;10:00:00;151694,31;152373,49;151694,31;152248,21;2,073368087E10;682070
WINFUT;20/10/2023;09:50:00;151602,00;151694,31;151470,12;151687,72;9781250366,00;322626
WINFUT;20/10/2023;09:40:00;151575,62;151634,97;151529,47;151602,00;5498713651,00;181366
WINFUT;20/10/2023;09:30:00;151674,53;151707,50;151450,34;151575,62;1,023571001E10;337695
WINFUT;20/10/2023;09:20:00;151766,85;151806,41;151516,28;151674,53;1,138195377E10;375277
WINFUT;20/10/2023;09:10:00;151793,22;151832,79;151667,94;151760,25;8672581067,00;285754
WINFUT;20/10/2023;09:00:00;152281,18;152419,65;151733,88;151793,22;1,338884993E10;440570
WINFUT;19/10/2023;17:50:00;152551,53;152564,72;152393,28;152551,53;1215820528,00;39861
WINFUT;19/10/2023;17:40:00;152498,78;152597,69;152479,00;152558,12;2342246361,00;76771
WINFUT;19/10/2023;17:30:00;152722,97;152736,16;152479,00;152498,78;5084869872,00;166629
WINFUT;19/10/2023;17:20:00;152703,19;152828,48;152703,19;152722,97;3608262465,00;118096
WINFUT;19/10/2023;17:10:00;152676,82;152742,76;152630,66;152703,19;3096866480,00;101409
WINFUT;19/10/2023;17:00:00;152755,94;152788,91;152571,31;152670,22;6884368660,00;225471
WINFUT;19/10/2023;16:50:00;152914,20;153052,67;152736,16;152755,94;9991383356,00;326714
WINFUT;19/10/2023;16:40:00;152933,98;152966,95;152690,00;152920,79;9089796278,00;297373
WINFUT;19/10/2023;16:30:00;153046,08;153065,86;152854,85;152933,98;7696289454,00;251573
WINFUT;19/10/2023;16:20:00;152940,58;153065,86;152788,91;153046,08;7969075782,00;260534
WINFUT;19/10/2023;16:10:00;153210,93;153243,90;152815,29;152940,58;1,161443118E10;379482
WINFUT;19/10/2023;16:00:00;153197,74;153375,78;153138,39;153204,33;9192196602,00;299868
WINFUT;19/10/2023;15:50:00;152887,82;153303,24;152788,91;153191,15;1,265034499E10;413251
WINFUT;19/10/2023;15:40:00;152980,14;153032,89;152828,48;152887,82;1,001826791E10;327535
WINFUT;19/10/2023;15:30:00;153402,15;153408,75;152907,61;152986,73;1,510300842E10;493294
WINFUT;19/10/2023;15:20:00;153731,85;153738,45;153369,18;153395,56;1,108892611E10;361106
WINFUT;19/10/2023;15:10:00;153573,60;153764,82;153573,60;153725,26;7947911598,00;258591
WINFUT;19/10/2023;15:00:00;153514,25;153698,88;153474,69;153580,19;9278266387,00;302007
WINFUT;19/10/2023;14:50:00;153547,22;153659,32;153448,31;153520,84;9421691743,00;306807
WINFUT;19/10/2023;14:40:00;153606,57;153646,13;153481,28;153547,22;7424378844,00;241731
WINFUT;19/10/2023;14:30:00;153843,95;154054,96;153547,22;153613,16;1,534658353E10;498996
WINFUT;19/10/2023;14:20:00;154127,49;154153,87;153698,88;153850,54;1,262890978E10;410312
WINFUT;19/10/2023;14:10:00;154068,14;154186,84;153962,64;154134,08;1,243801803E10;403590
WINFUT;19/10/2023;14:00:00;153804,39;154160,46;153804,39;154061,55;1,421111578E10;461357
WINFUT;19/10/2023;13:50:00;153580,19;154008,80;153501,06;153804,39;1,660543777E10;539945
WINFUT;19/10/2023;13:40:00;153276,87;153613,16;153131,80;153586,78;1,901928719E10;619870
WINFUT;19/10/2023;13:30:00;153672,51;153692,29;153006,51;153276,87;2,130203892E10;694645
WINFUT;19/10/2023;13:20:00;154008,80;154193,43;153593,38;153665,91;1,948643866E10;633054
WINFUT;19/10/2023;13:10:00;153718,66;154094,52;153652,72;154002,20;1,422587021E10;462295
WINFUT;19/10/2023;13:00:00;153428,53;153916,48;153164,77;153718,66;2,570787806E10;836620
WINFUT;19/10/2023;12:50:00;153685,69;153685,69;153362,59;153428,53;9764348960,00;318049
WINFUT;19/10/2023;12:40:00;153573,60;153764,82;153547,22;153685,69;7396287330,00;240648
WINFUT;19/10/2023;12:30:00;153520,84;153698,88;153501,06;153586,78;9146782715,00;297757
WINFUT;19/10/2023;12:20:00;153144,99;153632,94;153039,48;153520,84;1,525314315E10;497256
WINFUT;19/10/2023;12:10:00;153290,06;153369,18;153079,05;153138,39;1,11539994E10;363937
WINFUT;19/10/2023;12:00:00;152881,23;153323,03;152775,73;153290,06;1,567641099E10;512083
WINFUT;19/10/2023;11:50:00;152808,70;152901,01;152729,57;152887,82;8934561391,00;292312
WINFUT;19/10/2023;11:40:00;152953,76;153046,08;152775,73;152808,70;9439744778,00;308693
WINFUT;19/10/2023;11:30:00;152835,07;153019,70;152762,54;152953,76;1,26394376E10;413373
WINFUT;19/10/2023;11:20:00;153026,30;153052,67;152815,29;152828,48;1,218313891E10;398274
WINFUT;19/10/2023;11:10:00;153184,55;153362,59;152914,20;153026,30;1,725862725E10;563373
WINFUT;19/10/2023;11:00:00;153098,83;153204,33;152881,23;153184,55;1,501943029E10;490778
WINFUT;19/10/2023;10:50:00;153032,89;153164,77;152947,17;153098,83;1,133055886E10;370177
WINFUT;19/10/2023;10:40:00;152966,95;153177,96;152894,42;153039,48;1,644105112E10;537238
WINFUT;19/10/2023;10:30:00;152769,13;153026,30;152591,09;152966,95;2,226247246E10;728519
WINFUT;19/10/2023;10:20:00;153013,11;153026,30;152650,44;152762,54;1,663862696E10;544343
WINFUT;19/10/2023;10:10:00;152795,51;153144,99;152571,31;153013,11;2,120124235E10;693520
WINFUT;19/10/2023;10:00:00;152617,47;152835,07;152426,25;152795,51;1,613497532E10;528662
WINFUT;19/10/2023;09:50:00;152670,22;152696,60;152538,34;152617,47;6500248972,00;212959
WINFUT;19/10/2023;09:40:00;152769,13;152795,51;152577,91;152670,22;9944441140,00;325669
WINFUT;19/10/2023;09:30:00;152709,79;152795,51;152426,25;152769,13;1,745045684E10;571740
WINFUT;19/10/2023;09:20:00;152544,94;152775,73;152544,94;152709,79;7807913860,00;255684
WINFUT;19/10/2023;09:10:00;152531,75;152703,19;152459,22;152551,53;7995404532,00;262032
WINFUT;19/10/2023;09:00:00;152518,56;152920,79;152393,28;152525,15;1,369496774E10;448632
WINFUT;18/10/2023;17:50:00;152716,38;152788,91;152650,44;152650,44;1311364406,00;42934
WINFUT;18/10/2023;17:40:00;152762,54;152795,51;152683,41;152716,38;3132648747,00;102545
WINFUT;18/10/2023;17:30:00;152696,60;152788,91;152690,00;152762,54;2801279262,00;91701
WINFUT;18/10/2023;17:20:00;152650,44;152749,35;152637,25;152690,00;2816971172,00;92244
WINFUT;18/10/2023;17:10:00;152690,00;152736,16;152624,06;152643,85;3490011758,00;114295
WINFUT;18/10/2023;17:00:00;152729,57;152841,67;152624,06;152696,60;5447148126,00;178317
WINFUT;18/10/2023;16:50:00;152630,66;152841,67;152630,66;152729,57;9589499125,00;313950
WINFUT;18/10/2023;16:40:00;152762,54;152795,51;152591,09;152624,06;6929664306,00;226932
WINFUT;18/10/2023;16:30:00;152782,32;152815,29;152584,50;152762,54;1,078306752E10;353072
WINFUT;18/10/2023;16:20:00;152861,45;153006,51;152736,16;152775,73;8587781541,00;280849
WINFUT;18/10/2023;16:10:00;152769,13;152907,61;152690,00;152861,45;9558973718,00;312768
WINFUT;18/10/2023;16:00:00;152927,39;152947,17;152749,35;152775,73;9136126663,00;298903
WINFUT;18/10/2023;15:50:00;152854,85;152933,98;152775,73;152927,39;9141360800,00;299017
WINFUT;18/10/2023;15:40:00;152999,92;153039,48;152828,48;152854,85;1,061848834E10;347184
WINFUT;18/10/2023;15:30:00;153105,42;153230,71;152986,73;152999,92;9270812143,00;302703
WINFUT;18/10/2023;15:20:00;153270,27;153283,46;153006,51;153105,42;1,185565047E10;387103
WINFUT;18/10/2023;15:10:00;153659,32;153665,91;153224,12;153263,68;1,085928212E10;353945
WINFUT;18/10/2023;15:00:00;153731,85;153778,01;153448,31;153659,32;1,110419027E10;361429
WINFUT;18/10/2023;14:50:00;153468,09;153758,23;153375,78;153731,85;1,077863206E10;350942
WINFUT;18/10/2023;14:40:00;153461,50;153619,75;153375,78;153468,09;1,035606649E10;337344
WINFUT;18/10/2023;14:30:00;153830,76;153830,76;153454,90;153461,50;1,193845872E10;388486
WINFUT;18/10/2023;14:20:00;153936,26;153975,83;153758,23;153830,76;7974547172,00;259136
WINFUT;18/10/2023;14:10:00;153929,67;154384,65;153850,54;153936,26;1,68903392E10;547865
WINFUT;18/10/2023;14:00:00;153487,87;154114,30;153382,37;153936,26;2,096067511E10;681391
WINFUT;18/10/2023;13:50:00;153712,07;153810,98;153454,90;153487,87;7439678183,00;242144
WINFUT;18/10/2023;13:40:00;153632,94;153830,76;153619,75;153718,66;6023611040,00;195882
WINFUT;18/10/2023;13:30:00;153553,81;153863,73;153547,22;153626,35;9598584973,00;312208
WINFUT;18/10/2023;13:20:00;153435,12;153580,19;153296,65;153553,81;8963657163,00;292102
WINFUT;18/10/2023;13:10:00;153830,76;153850,54;153421,94;153435,12;8786929688,00;286042
WINFUT;18/10/2023;13:00:00;153705,48;153850,54;153599,97;153830,76;9177911953,00;298543
WINFUT;18/10/2023;12:50:00;153567,00;153830,76;153527,44;153705,48;8421275217,00;273959
WINFUT;18/10/2023;12:40:00;153824,17;153837,36;153527,44;153560,41;9700994932,00;315591
WINFUT;18/10/2023;12:30:00;153679,10;153942,86;153632,94;153824,17;9575285722,00;311290
WINFUT;18/10/2023;12:20:00;153520,84;153758,23;153481,28;153679,10;8931662432,00;290659
WINFUT;18/10/2023;12:10:00;153415,34;153599,97;153329,62;153520,84;7834620863,00;255232
WINFUT;18/10/2023;12:00:00;153349,40;153567,00;153323,03;153408,75;1,072491548E10;349454
WINFUT;18/10/2023;11:50:00;153534,03;153586,78;153237,30;153356,00;1,13303497E10;369405
WINFUT;18/10/2023;11:40:00;153494,47;153606,57;153395,56;153540,63;1,091452223E10;355529
WINFUT;18/10/2023;11:30:00;153837,36;153923,08;153441,72;153494,47;1,720672065E10;559840
WINFUT;18/10/2023;11:20:00;154219,81;154252,78;153824,17;153837,36;1,317666752E10;427586
WINFUT;18/10/2023;11:10:00;153876,92;154219,81;153797,79;154213,21;1,191446162E10;386882
WINFUT;18/10/2023;11:00:00;153975,83;154048,36;153764,82;153876,92;1,339732472E10;435244
WINFUT;18/10/2023;10:50:00;153956,05;154127,49;153843,95;153975,83;1,350070745E10;438418
WINFUT;18/10/2023;10:40:00;154127,49;154331,90;153890,11;153956,05;1,479724581E10;479983
WINFUT;18/10/2023;10:30:00;154384,65;154490,16;153969,23;154134,08;2,010757284E10;652051
WINFUT;18/10/2023;10:20:00;154444,00;154516,53;154259,37;154384,65;9507952358,00;307945
WINFUT;18/10/2023;10:10:00;154272,56;154523,13;154200,02;154444,00;1,437593956E10;465700
WINFUT;18/10/2023;10:00:00;154384,65;154463,78;154101,11;154279,15;1,353147436E10;438530
WINFUT;18/10/2023;09:50:00;154292,34;154424,22;154200,02;154391,25;7441696461,00;241115
WINFUT;18/10/2023;09:40:00;154450,59;154483,56;154153,87;154298,93;1,096784486E10;355477
WINFUT;18/10/2023;09:30:00;154562,69;154562,69;154265,96;154457,19;1,106212115E10;358181
WINFUT;18/10/2023;09:20:00;154483,56;154622,04;154444,00;154562,69;8152639566,00;263771
WINFUT;18/10/2023;09:10:00;154107,71;154509,94;154061,55;154490,16;1,053876895E10;341526
WINFUT;18/10/2023;09:00:00;154496,75;154826,45;154081,33;154107,71;1,398817747E10;452830
WINFUT;17/10/2023;17:50:00;155045,37;155139,11;154958,33;154958,33;1046521714,00;33748
WINFUT;17/10/2023;17:40:00;155139,11;155179,28;155018,59;155045,37;2980365630,00;96085
WINFUT;17/10/2023;17:30:00;155092,24;155232,84;155045,37;155139,11;4008177076,00;129182
WINFUT;17/10/2023;17:20:00;155085,54;155125,72;155045,37;155092,24;2724788457,00;87848
WINFUT;17/10/2023;17:10:00;155185,97;155212,76;155052,07;155092,24;3440843381,00;110906
WINFUT;17/10/2023;17:00:00;155286,40;155313,19;155172,58;155179,28;4348020922,00;140043
WINFUT;17/10/2023;16:50:00;155319,88;155380,14;155232,84;155286,40;6744869181,00;217138
WINFUT;17/10/2023;16:40:00;155259,62;155346,66;155165,89;155319,88;6353554293,00;204628
WINFUT;17/10/2023;16:30:00;155286,40;155313,19;155119,02;155259,62;6953467309,00;223983
WINFUT;17/10/2023;16:20:00;155139,11;155299,80;155065,46;155279,71;8371927781,00;269786
WINFUT;17/10/2023;16:10:00;155145,80;155206,06;154998,50;155145,80;7433825362,00;239628
WINFUT;17/10/2023;16:00:00;154931,55;155192,67;154911,46;155145,80;7683209005,00;247762
WINFUT;17/10/2023;15:50:00;155293,10;155299,80;154891,38;154938,24;9535776723,00;307489
WINFUT;17/10/2023;15:40:00;155098,93;155293,10;155065,46;155293,10;9204062234,00;296566
WINFUT;17/10/2023;15:30:00;154991,81;155112,32;154844,51;155105,63;1,086135781E10;350389
WINFUT;17/10/2023;15:20:00;155085,54;155199,36;154958,33;154991,81;9430930699,00;304086
WINFUT;17/10/2023;15:10:00;155366,75;155386,84;155038,68;155085,54;1,400698873E10;451170
WINFUT;17/10/2023;15:00:00;155467,18;155614,48;155246,23;155360,05;1,296946483E10;417286
WINFUT;17/10/2023;14:50:00;155641,26;155654,65;155360,05;155460,49;1,224296799E10;393719
WINFUT;17/10/2023;14:40:00;155775,17;155848,82;155520,74;155641,26;1,266288898E10;406727
WINFUT;17/10/2023;14:30:00;156063,07;156116,63;155681,43;155781,86;1,527699312E10;490055
WINFUT;17/10/2023;14:20:00;156190,28;156223,76;156042,99;156063,07;6312986925,00;202171
WINFUT;17/10/2023;14:10:00;156223,76;156330,89;156176,89;156190,28;7740598159,00;247693
WINFUT;17/10/2023;14:00:00;156284,02;156297,41;156096,55;156223,76;8678707774,00;277836
WINFUT;17/10/2023;13:50:00;156504,97;156518,36;156250,54;156284,02;8596639064,00;274839
WINFUT;17/10/2023;13:40:00;156558,53;156632,18;156478,19;156504,97;6968469754,00;222553
WINFUT;17/10/2023;13:30:00;156518,36;156571,92;156464,80;156565,23;5687949927,00;181701
WINFUT;17/10/2023;13:20:00;156397,84;156531,75;156357,67;156518,36;5797552628,00;185291
WINFUT;17/10/2023;13:10:00;156397,84;156478,19;156364,36;156397,84;5114641952,00;163503
WINFUT;17/10/2023;13:00:00;156545,14;156578,62;156377,76;156404,54;6334118469,00;202396
WINFUT;17/10/2023;12:50:00;156571,92;156605,40;156491,58;156551,84;5192220525,00;165827
WINFUT;17/10/2023;12:40:00;156384,45;156598,70;156364,36;156578,62;9373245129,00;299489
WINFUT;17/10/2023;12:30:00;156210,37;156424,62;156163,50;156377,76;7930597667,00;253681
WINFUT;17/10/2023;12:20:00;156384,45;156397,84;156150,11;156210,37;8832306324,00;282635
WINFUT;17/10/2023;12:10:00;156344,28;156484,88;156310,80;156377,76;8157367024,00;260795
WINFUT;17/10/2023;12:00:00;156290,71;156491,58;156217,07;156350,97;1,347876545E10;431021
WINFUT;17/10/2023;11:50:00;156310,80;156344,28;156156,81;156290,71;9426761782,00;301655
WINFUT;17/10/2023;11:40:00;156237,15;156344,28;156022,90;156317,50;1,410331189E10;451438
WINFUT;17/10/2023;11:30:00;156096,55;156317,50;155895,69;156243,85;1,614084615E10;516934
WINFUT;17/10/2023;11:20:00;155688,13;156103,24;155621,17;156089,85;2,151686711E10;690120
WINFUT;17/10/2023;11:10:00;155273,01;155708,22;155199,36;155688,13;1,925042206E10;619052
WINFUT;17/10/2023;11:00:00;155078,85;155279,71;154991,81;155273,01;1,700920755E10;548188
WINFUT;17/10/2023;10:50:00;154784,25;155092,24;154757,47;155085,54;1,159191764E10;374144
WINFUT;17/10/2023;10:40:00;155085,54;155098,93;154750,77;154777,55;1,523636569E10;491839
WINFUT;17/10/2023;10:30:00;154824,42;155132,41;154744,08;155085,54;2,362723711E10;762646
WINFUT;17/10/2023;10:20:00;155152,50;155159,19;154804,34;154824,42;1,502325316E10;484698
WINFUT;17/10/2023;10:10:00;155005,20;155159,19;154884,68;155152,50;1,307078838E10;421622
WINFUT;17/10/2023;10:00:00;154944,94;155072,15;154831,12;155005,20;1,552989403E10;501166
WINFUT;17/10/2023;09:50:00;155239,54;155279,71;154931,55;154938,24;1,073276944E10;345949
WINFUT;17/10/2023;09:40:00;155380,14;155460,49;155112,32;155239,54;1,341366542E10;431970
WINFUT;17/10/2023;09:30:00;155848,82;155848,82;155239,54;155380,14;2,066496707E10;664637
WINFUT;17/10/2023;09:20:00;155761,78;155882,30;155668,04;155842,12;5677306699,00;182236
WINFUT;17/10/2023;09:10:00;155855,51;155909,08;155674,74;155761,78;7708620985,00;247434
WINFUT;17/10/2023;09:00:00;155520,74;156103,24;155467,18;155855,51;1,349545547E10;432812
WINFUT;16/10/2023;17:50:00;156089,85;156143,42;155895,69;155895,69;1375129040,00;44069
WINFUT;16/10/2023;17:40:00;155989,42;156130,03;155989,42;156089,85;2935016792,00;94044
WINFUT;16/10/2023;17:30:00;156210,37;156217,07;155969,34;155989,42;4902309582,00;157047
WINFUT;16/10/2023;17:20:00;156163,50;156230,46;156116,63;156203,67;2787878663,00;89258
WINFUT;16/10/2023;17:10:00;156136,72;156237,15;156083,16;156163,50;5487779683,00;175711
WINFUT;16/10/2023;17:00:00;156290,71;156330,89;156109,94;156136,72;5973714153,00;191198
WINFUT;16/10/2023;16:50:00;156458,10;156458,10;156257,24;156284,02;8573197076,00;274127
WINFUT;16/10/2023;16:40:00;156478,19;156672,35;156451,40;156451,40;9861723876,00;314961
WINFUT;16/10/2023;16:30:00;156337,58;156551,84;156317,50;156484,88;9064851957,00;289663
WINFUT;16/10/2023;16:20:00;156324,19;156424,62;156310,80;156337,58;4886043304,00;156247
WINFUT;16/10/2023;16:10:00;156324,19;156431,32;156304,11;156330,89;7313338794,00;233866
WINFUT;16/10/2023;16:00:00;156190,28;156357,67;156136,72;156324,19;7372171573,00;235921
WINFUT;16/10/2023;15:50:00;156029,59;156243,85;155969,34;156190,28;9323577869,00;298658
WINFUT;16/10/2023;15:40:00;156083,16;156176,89;156016,20;156022,90;6576153231,00;210659
WINFUT;16/10/2023;15:30:00;156156,81;156243,85;156049,68;156083,16;5988171973,00;191744
WINFUT;16/10/2023;15:20:00;156243,85;156270,63;156069,77;156150,11;8717436410,00;279100
WINFUT;16/10/2023;15:10:00;156163,50;156297,41;156123,33;156250,54;6953464362,00;222562
WINFUT;16/10/2023;15:00:00;156277,32;156297,41;156143,42;156163,50;6447417790,00;206364
WINFUT;16/10/2023;14:50:00;156176,89;156397,84;156163,50;156284,02;9304257225,00;297648
WINFUT;16/10/2023;14:40:00;156016,20;156223,76;155989,42;156176,89;7326828142,00;234639
WINFUT;16/10/2023;14:30:00;155882,30;156042,99;155775,17;156016,20;7994297223,00;256371
WINFUT;16/10/2023;14:20:00;156257,24;156263,93;155681,43;155882,30;1,886779352E10;604991
WINFUT;16/10/2023;14:10:00;156384,45;156518,36;156243,85;156257,24;7754587716,00;247932
WINFUT;16/10/2023;14:00:00;156344,28;156431,32;156310,80;156377,76;4608273150,00;147342
WINFUT;16/10/2023;13:50:00;156196,98;156364,36;156183,59;156344,28;6005863109,00;192140
WINFUT;16/10/2023;13:40:00;156083,16;156230,46;156022,90;156196,98;5781881858,00;185179
WINFUT;16/10/2023;13:30:00;156089,85;156156,81;156042,99;156076,46;3500626015,00;112133
WINFUT;16/10/2023;13:20:00;156156,81;156203,67;156083,16;156089,85;3303806267,00;105793
WINFUT;16/10/2023;13:10:00;156223,76;156237,15;156049,68;156156,81;6007190494,00;192360
WINFUT;16/10/2023;13:00:00;156183,59;156230,46;156076,46;156230,46;4020206761,00;128721
WINFUT;16/10/2023;12:50:00;156056,38;156183,59;156049,68;156176,89;5571160900,00;178420
WINFUT;16/10/2023;12:40:00;156069,77;156109,94;155902,38;156049,68;7773331188,00;249137
WINFUT;16/10/2023;12:30:00;156136,72;156210,37;156063,07;156069,77;5747496318,00;184056
WINFUT;16/10/2023;12:20:00;156136,72;156284,02;156103,24;156143,42;6933859831,00;221961
WINFUT;16/10/2023;12:10:00;156270,63;156284,02;156109,94;156136,72;6785536638,00;217235
WINFUT;16/10/2023;12:00:00;156277,32;156411,23;156223,76;156277,32;7428184965,00;237616
WINFUT;16/10/2023;11:50:00;156665,66;156679,05;156243,85;156277,32;1,021360768E10;326433
WINFUT;16/10/2023;11:40:00;156270,63;156719,22;156263,93;156665,66;1,210539077E10;386700
WINFUT;16/10/2023;11:30:00;156451,40;156612,09;156223,76;156270,63;1,302762003E10;416476
WINFUT;16/10/2023;11:20:00;156042,99;156498,27;155949,25;156451,40;1,526681056E10;488609
WINFUT;16/10/2023;11:10:00;155714,91;156103,24;155641,26;156042,99;1,418763756E10;455037
WINFUT;16/10/2023;11:00:00;155895,69;155996,12;155460,49;155708,22;1,943678126E10;624158
WINFUT;16/10/2023;10:50:00;156156,81;156371,06;155862,21;155888,99;1,860552215E10;595787
WINFUT;16/10/2023;10:40:00;155888,99;156196,98;155634,57;156156,81;1,897930661E10;608574
WINFUT;16/10/2023;10:30:00;155842,12;155942,55;155607,78;155888,99;1,889967822E10;606647
WINFUT;16/10/2023;10:20:00;155755,08;156203,67;155741,69;155842,12;2,03059506E10;650932
WINFUT;16/10/2023;10:10:00;155868,90;155915,77;155467,18;155755,08;2,168792045E10;696598
WINFUT;16/10/2023;10:00:00;156330,89;156344,28;155842,12;155868,90;1,628207948E10;521441
WINFUT;16/10/2023;09:50:00;156270,63;156424,62;156263,93;156330,89;6153723746,00;196795
WINFUT;16/10/2023;09:40:00;156417,93;156431,32;156210,37;156270,63;7558856202,00;241798
WINFUT;16/10/2023;09:30:00;156210,37;156451,40;156190,28;156417,93;9834259109,00;314483
WINFUT;16/10/2023;09:20:00;156123,33;156371,06;156103,24;156210,37;1,083523339E10;346749
WINFUT;16/10/2023;09:10:00;156163,50;156290,71;155902,38;156116,63;1,133822067E10;363157
WINFUT;16/10/2023;09:00:00;155868,90;156270,63;155801,95;156170,20;1,455884168E10;466422
WINFUT;13/10/2023;17:50:00;155206,06;155306,49;155165,89;155165,89;1237818047,00;39870
WINFUT;13/10/2023;17:40:00;155038,68;155246,23;155011,89;155212,76;2875658327,00;92707
WINFUT;13/10/2023;17:30:00;155065,46;155098,93;154978,42;155045,37;2162708579,00;69748
WINFUT;13/10/2023;17:20:00;155025,28;155098,93;154938,24;155058,76;2863745795,00;92369
WINFUT;13/10/2023;17:10:00;154998,50;155112,32;154911,46;155025,28;4754453794,00;153359
WINFUT;13/10/2023;17:00:00;155152,50;155159,19;154958,33;154991,81;5067114057,00;163425
WINFUT;13/10/2023;16:50:00;155386,84;155386,84;155098,93;155152,50;6595313990,00;212419
WINFUT;13/10/2023;16:40:00;155406,92;155467,18;155219,45;155386,84;7771003736,00;250148
WINFUT;13/10/2023;16:30:00;155594,39;155634,57;155400,23;155406,92;7849114186,00;252416
WINFUT;13/10/2023;16:20:00;155547,53;155708,22;155547,53;155587,70;6878303367,00;221002
WINFUT;13/10/2023;16:10:00;155366,75;155607,78;155346,66;155547,53;7370104683,00;236948
WINFUT;13/10/2023;16:00:00;155299,80;155460,49;155273,01;155373,45;8479110504,00;272857
WINFUT;13/10/2023;15:50:00;155078,85;155333,27;155011,89;155293,10;7334832452,00;236389
WINFUT;13/10/2023;15:40:00;155085,54;155226,15;155052,07;155078,85;6573230887,00;211864
WINFUT;13/10/2023;15:30:00;155306,49;155406,92;155011,89;155085,54;8934382862,00;287862
WINFUT;13/10/2023;15:20:00;155480,57;155547,53;155212,76;155306,49;7584398506,00;244080
WINFUT;13/10/2023;15:10:00;155339,97;155534,13;155326,58;155480,57;5812271075,00;186958
WINFUT;13/10/2023;15:00:00;155386,84;155447,09;155219,45;155339,97;8301387146,00;267228
WINFUT;13/10/2023;14:50:00;155393,53;155581,00;155353,36;155380,14;8603562837,00;276717
WINFUT;13/10/2023;14:40:00;155058,76;155447,09;155038,68;155386,84;1,050466424E10;338238
WINFUT;13/10/2023;14:30:00;155011,89;155125,72;154944,94;155058,76;8385943083,00;270465
WINFUT;13/10/2023;14:20:00;155306,49;155386,84;154965,03;155011,89;1,677905185E10;540691
WINFUT;13/10/2023;14:10:00;156089,85;156096,55;155259,62;155313,19;1,468538868E10;471695
WINFUT;13/10/2023;14:00:00;156196,98;156304,11;156042,99;156089,85;7324039832,00;234500
WINFUT;13/10/2023;13:50:00;156183,59;156277,32;156136,72;156196,98;6198444214,00;198414
WINFUT;13/10/2023;13:40:00;156330,89;156384,45;156176,89;156190,28;5859684309,00;187484
WINFUT;13/10/2023;13:30:00;156284,02;156444,71;156257,24;156337,58;8866094473,00;283520
WINFUT;13/10/2023;13:20:00;156170,20;156304,11;156136,72;156290,71;7047962480,00;225578
WINFUT;13/10/2023;13:10:00;155955,94;156176,89;155882,30;156163,50;8016273671,00;256846
WINFUT;13/10/2023;13:00:00;155735,00;155989,42;155654,65;155962,64;7856702552,00;252073
WINFUT;13/10/2023;12:50:00;155688,13;155788,56;155641,26;155735,00;5451433075,00;175045
WINFUT;13/10/2023;12:40:00;155755,08;155828,73;155634,57;155688,13;7386669754,00;237163
WINFUT;13/10/2023;12:30:00;155929,16;155935,86;155681,43;155748,39;8279918830,00;265734
WINFUT;13/10/2023;12:20:00;156089,85;156150,11;155741,69;155922,47;1,230650195E10;394658
WINFUT;13/10/2023;12:10:00;156431,32;156444,71;156056,38;156089,85;1,176818329E10;376718
WINFUT;13/10/2023;12:00:00;156330,89;156438,01;156210,37;156438,01;7960831786,00;254622
WINFUT;13/10/2023;11:50:00;156464,80;156471,49;156116,63;156337,58;9297639214,00;297456
WINFUT;13/10/2023;11:40:00;156243,85;156484,88;156143,42;156458,10;9812395998,00;313881
WINFUT;13/10/2023;11:30:00;156250,54;156518,36;156196,98;156237,15;9830167325,00;314320
WINFUT;13/10/2023;11:20:00;156350,97;156551,84;156230,46;156250,54;1,265637501E10;404641
WINFUT;13/10/2023;11:10:00;156545,14;156658,96;156237,15;156344,28;1,345598612E10;430090
WINFUT;13/10/2023;11:00:00;156866,52;156866,52;156364,36;156551,84;1,916787243E10;612179
WINFUT;13/10/2023;10:50:00;156685,74;156920,08;156598,70;156866,52;1,670396613E10;532766
WINFUT;13/10/2023;10:40:00;156324,19;156806,26;156196,98;156685,74;1,965631473E10;628134
WINFUT;13/10/2023;10:30:00;156330,89;156498,27;156150,11;156324,19;1,894107637E10;605817
WINFUT;13/10/2023;10:20:00;156344,28;156391,15;155875,60;156337,58;1,882008243E10;602745
WINFUT;13/10/2023;10:10:00;156598,70;156799,57;156297,41;156350,97;1,719355294E10;549107
WINFUT;13/10/2023;10:00:00;156504,97;156598,70;156364,36;156592,01;9304765187,00;297298
WINFUT;13/10/2023;09:50:00;156484,88;156525,05;156391,15;156504,97;5484268191,00;175264
WINFUT;13/10/2023;09:40:00;156504,97;156551,84;156424,62;156491,58;5725877553,00;182943
WINFUT;13/10/2023;09:30:00;156143,42;156511,66;156109,94;156498,27;9921751977,00;317284
WINFUT;13/10/2023;09:20:00;156404,54;156531,75;156130,03;156150,11;9596971872,00;306779
WINFUT;13/10/2023;09:10:00;155902,38;156458,10;155868,90;156397,84;9786667358,00;313223
WINFUT;13/10/2023;09:00:00;155735,00;156371,06;155621,17;155902,38;1,527056772E10;489322
WINFUT;11/10/2023;17:50:00;157107,55;157228,07;157087,47;157214,68;1013332691,00;32236
WINFUT;11/10/2023;17:40:00;157161,12;157201,29;157013,82;157100,86;3345467258,00;106470
WINFUT;11/10/2023;17:30:00;157214,68;157295,02;157147,73;157167,81;4171222993,00;132654
WINFUT;11/10/2023;17:20:00;157053,99;157234,77;157040,60;157214,68;4136367621,00;131606
WINFUT;11/10/2023;17:10:00;157114,25;157127,64;157033,90;157060,69;2122632175,00;67566
WINFUT;11/10/2023;17:00:00;156960,25;157141,03;156906,69;157114,25;6102625946,00;194291
WINFUT;11/10/2023;16:50:00;157067,38;157100,86;156946,86;156953,56;6060858364,00;192986
WINFUT;11/10/2023;16:40:00;156920,08;157127,64;156913,39;157074,08;9673011695,00;307978
WINFUT;11/10/2023;16:30:00;156893,30;156966,95;156719,22;156920,08;8577820566,00;273500
WINFUT;11/10/2023;16:20:00;156719,22;156933,47;156679,05;156886,61;8454996996,00;269611
WINFUT;11/10/2023;16:10:00;156672,35;156752,70;156551,84;156719,22;8130319003,00;259479
WINFUT;11/10/2023;16:00:00;156538,44;156692,44;156484,88;156679,05;5927873414,00;189263
WINFUT;11/10/2023;15:50:00;156531,75;156632,18;156458,10;156538,44;7064944517,00;225654
WINFUT;11/10/2023;15:40:00;156645,57;156772,78;156484,88;156531,75;7775382093,00;248249
WINFUT;11/10/2023;15:30:00;156471,49;156752,70;156451,40;156645,57;8596709679,00;274450
WINFUT;11/10/2023;15:20:00;156337,58;156685,74;156337,58;156471,49;1,11777249E10;357125
WINFUT;11/10/2023;15:10:00;156210,37;156438,01;156170,20;156337,58;7614262743,00;243577
WINFUT;11/10/2023;15:00:00;156190,28;156525,05;156176,89;156203,67;1,107917496E10;354424
WINFUT;11/10/2023;14:50:00;156022,90;156217,07;156022,90;156190,28;5258784903,00;168391
WINFUT;11/10/2023;14:40:00;155929,16;156109,94;155902,38;156029,59;5332823921,00;170888
WINFUT;11/10/2023;14:30:00;156170,20;156190,28;155915,77;155935,86;7025945136,00;225156
WINFUT;11/10/2023;14:20:00;156022,90;156190,28;155949,25;156170,20;5737486159,00;183776
WINFUT;11/10/2023;14:10:00;156230,46;156284,02;155935,86;156016,20;7958474355,00;254861
WINFUT;11/10/2023;14:00:00;156150,11;156230,46;156002,81;156230,46;7181244603,00;230007
WINFUT;11/10/2023;13:50:00;156183,59;156217,07;155868,90;156150,11;1,09396146E10;350516
WINFUT;11/10/2023;13:40:00;156176,89;156257,24;156123,33;156183,59;6404873924,00;205043
WINFUT;11/10/2023;13:30:00;155935,86;156190,28;155909,08;156176,89;6830982297,00;218876
WINFUT;11/10/2023;13:20:00;156016,20;156042,99;155848,82;155935,86;7635934964,00;244829
WINFUT;11/10/2023;13:10:00;156170,20;156190,28;155929,16;156009,51;8700055337,00;278775
WINFUT;11/10/2023;13:00:00;156156,81;156196,98;155996,12;156170,20;7758146938,00;248495
WINFUT;11/10/2023;12:50:00;156290,71;156377,76;156130,03;156163,50;6691787959,00;214138
WINFUT;11/10/2023;12:40:00;156324,19;156364,36;156210,37;156290,71;5496832836,00;175858
WINFUT;11/10/2023;12:30:00;156196,98;156337,58;156176,89;156330,89;7087832091,00;226778
WINFUT;11/10/2023;12:20:00;156056,38;156210,37;155982,73;156196,98;7716042974,00;247148
WINFUT;11/10/2023;12:10:00;156317,50;156364,36;156016,20;156049,68;1,228840296E10;393410
WINFUT;11/10/2023;12:00:00;156424,62;156458,10;156190,28;156317,50;1,062311068E10;339812
WINFUT;11/10/2023;11:50:00;156545,14;156705,83;156371,06;156431,32;1,175742166E10;375560
WINFUT;11/10/2023;11:40:00;156759,39;156766,09;156464,80;156545,14;1,221313151E10;390007
WINFUT;11/10/2023;11:30:00;156799,57;156812,96;156518,36;156759,39;1,392463888E10;444432
WINFUT;11/10/2023;11:20:00;156545,14;156846,43;156525,05;156792,87;1,526468465E10;487127
WINFUT;11/10/2023;11:10:00;156498,27;156605,40;156210,37;156538,44;1,304839386E10;417197
WINFUT;11/10/2023;11:00:00;156257,24;156518,36;156237,15;156498,27;1,181643253E10;377769
WINFUT;11/10/2023;10:50:00;156605,40;156712,53;156237,15;156257,24;1,760145191E10;562713
WINFUT;11/10/2023;10:40:00;156498,27;156766,09;156257,24;156605,40;1,982150735E10;633183
WINFUT;11/10/2023;10:30:00;156699,13;156859,82;156324,19;156491,58;2,230478995E10;712301
WINFUT;11/10/2023;10:20:00;156685,74;156913,39;156585,31;156699,13;1,260697707E10;402108
WINFUT;11/10/2023;10:10:00;156772,78;156966,95;156511,66;156685,74;1,884852187E10;601321
WINFUT;11/10/2023;10:00:00;156752,70;156926,78;156699,13;156772,78;1,300317598E10;414587
WINFUT;11/10/2023;09:50:00;156826,35;156926,78;156719,22;156759,39;8218096037,00;261989
WINFUT;11/10/2023;09:40:00;157000,43;157040,60;156806,26;156826,35;1,150175287E10;366449
WINFUT;11/10/2023;09:30:00;157268,24;157328,50;156973,65;157000,43;1,483939183E10;472088
WINFUT;11/10/2023;09:20:00;157469,11;157509,28;157248,16;157274,94;7052761327,00;224064
WINFUT;11/10/2023;09:10:00;157268,24;157495,89;157127,64;157475,80;8861124372,00;281626
WINFUT;11/10/2023;09:00:00;157067,38;157603,01;157067,38;157274,94;1,320435713E10;419602
WINFUT;10/10/2023;17:50:00;156525,05;156558,53;156350,97;156350,97;1326943317,00;42408
WINFUT;10/10/2023;17:40:00;156464,80;156638,88;156464,80;156525,05;3600822338,00;114989
WINFUT;10/10/2023;17:30:00;156518,36;156558,53;156431,32;156464,80;2738700555,00;87501
WINFUT;10/10/2023;17:20:00;156578,62;156605,40;156504,97;156525,05;3777588952,00;120654
WINFUT;10/10/2023;17:10:00;156605,40;156692,44;156558,53;156571,92;3889176603,00;124159
WINFUT;10/10/2023;17:00:00;156692,44;156732,61;156545,14;156605,40;6756661057,00;215654
WINFUT;10/10/2023;16:50:00;156873,21;156879,91;156658,96;156685,74;8529845520,00;272105
WINFUT;10/10/2023;16:40:00;156792,87;156913,39;156779,48;156866,52;6949564657,00;221532
WINFUT;10/10/2023;16:30:00;156766,09;156906,69;156725,92;156792,87;9858925604,00;314352
WINFUT;10/10/2023;16:20:00;156766,09;156799,57;156652,27;156766,09;6921679100,00;220799
WINFUT;10/10/2023;16:10:00;156739,31;156826,35;156565,23;156772,78;8894043365,00;283795
WINFUT;10/10/2023;16:00:00;156565,23;156759,39;156478,19;156732,61;7215034166,00;230341
WINFUT;10/10/2023;15:50:00;156632,18;156638,88;156417,93;156558,53;9375689086,00;299492
WINFUT;10/10/2023;15:40:00;156652,27;156719,22;156592,01;156632,18;7257592796,00;231631
WINFUT;10/10/2023;15:30:00;156658,96;156779,48;156558,53;156645,57;8679103467,00;277016
WINFUT;10/10/2023;15:20:00;156478,19;156799,57;156438,01;156665,66;1,19352333E10;380980
WINFUT;10/10/2023;15:10:00;156525,05;156625,48;156411,23;156478,19;7892313484,00;252141
WINFUT;10/10/2023;15:00:00;156538,44;156571,92;156438,01;156525,05;5629915020,00;179863
WINFUT;10/10/2023;14:50:00;156525,05;156598,70;156417,93;156538,44;7249557111,00;231582
WINFUT;10/10/2023;14:40:00;156371,06;156585,31;156350,97;156531,75;7291957122,00;233030
WINFUT;10/10/2023;14:30:00;156350,97;156417,93;156183,59;156371,06;8520529263,00;272540
WINFUT;10/10/2023;14:20:00;156284,02;156357,67;156170,20;156344,28;6637826121,00;212391
WINFUT;10/10/2023;14:10:00;156304,11;156397,84;156109,94;156284,02;1,045957398E10;334720
WINFUT;10/10/2023;14:00:00;156404,54;156464,80;156257,24;156304,11;1,114099368E10;356267
WINFUT;10/10/2023;13:50:00;156518,36;156598,70;156384,45;156404,54;6230423278,00;199099
WINFUT;10/10/2023;13:40:00;156565,23;156592,01;156384,45;156525,05;7567665642,00;241780
WINFUT;10/10/2023;13:30:00;156464,80;156585,31;156411,23;156565,23;4449743044,00;142152
WINFUT;10/10/2023;13:20:00;156525,05;156565,23;156424,62;156464,80;5485026136,00;175256
WINFUT;10/10/2023;13:10:00;156364,36;156558,53;156337,58;156525,05;6424595766,00;205298
WINFUT;10/10/2023;13:00:00;156471,49;156511,66;156337,58;156364,36;5928769946,00;189506
WINFUT;10/10/2023;12:50:00;156330,89;156504,97;156290,71;156471,49;5581574768,00;178427
WINFUT;10/10/2023;12:40:00;156451,40;156471,49;156270,63;156337,58;7552376247,00;241494
WINFUT;10/10/2023;12:30:00;156585,31;156645,57;156371,06;156451,40;8630267945,00;275700
WINFUT;10/10/2023;12:20:00;156337,58;156612,09;156257,24;156585,31;1,229148823E10;392777
WINFUT;10/10/2023;12:10:00;156284,02;156357,67;156190,28;156344,28;7460633286,00;238708
WINFUT;10/10/2023;12:00:00;156391,15;156438,01;156183,59;156277,32;1,089979875E10;348697
WINFUT;10/10/2023;11:50:00;156317,50;156484,88;156270,63;156391,15;8381661236,00;268001
WINFUT;10/10/2023;11:40:00;156350,97;156464,80;156270,63;156324,19;8555675070,00;273572
WINFUT;10/10/2023;11:30:00;156511,66;156565,23;156277,32;156350,97;1,465438112E10;468438
WINFUT;10/10/2023;11:20:00;156464,80;156658,96;156411,23;156511,66;1,033847787E10;330204
WINFUT;10/10/2023;11:10:00;156632,18;156725,92;156438,01;156458,10;1,493717592E10;477004
WINFUT;10/10/2023;11:00:00;156096,55;156652,27;156089,85;156638,88;2,045954216E10;654214
WINFUT;10/10/2023;10:50:00;155788,56;156109,94;155748,39;156103,24;1,590736384E10;510009
WINFUT;10/10/2023;10:40:00;155467,18;155828,73;155339,97;155781,86;1,620859538E10;520760
WINFUT;10/10/2023;10:30:00;155433,70;155708,22;155212,76;155467,18;2,290553701E10;736693
WINFUT;10/10/2023;10:20:00;155252,93;155514,05;155045,37;155427,01;1,516023594E10;488137
WINFUT;10/10/2023;10:10:00;155052,07;155473,88;155005,20;155259,62;1,835353851E10;591110
WINFUT;10/10/2023;10:00:00;155212,76;155306,49;154991,81;155045,37;1,303391965E10;420036
WINFUT;10/10/2023;09:50:00;155172,58;155219,45;155031,98;155219,45;7503189257,00;241827
WINFUT;10/10/2023;09:40:00;155212,76;155239,54;155072,15;155179,28;7159742968,00;230730
WINFUT;10/10/2023;09:30:00;155333,27;155453,79;155139,11;155212,76;8493815450,00;273560
WINFUT;10/10/2023;09:20:00;155366,75;155467,18;155259,62;155339,97;8089982448,00;260360
WINFUT;10/10/2023;09:10:00;155246,23;155433,70;155119,02;155373,45;1,108439466E10;356900
WINFUT;10/10/2023;09:00:00;155199,36;155788,56;155152,50;155246,23;1,683486011E10;541482
WINFUT;09/10/2023;17:50:00;154811,03;154924,85;154797,64;154918,16;1211890092,00;39127
WINFUT;09/10/2023;17:40:00;154864,59;154911,46;154790,95;154811,03;3360624592,00;108503
WINFUT;09/10/2023;17:30:00;154750,77;154911,46;154697,21;154864,59;4529521811,00;146296
WINFUT;09/10/2023;17:20:00;154677,12;154764,16;154610,17;154757,47;4038913525,00;130558
WINFUT;09/10/2023;17:10:00;154590,08;154697,21;154570,00;154683,82;3177377956,00;102743
WINFUT;09/10/2023;17:00:00;154616,87;154650,34;154529,82;154590,08;5362869513,00;173465
WINFUT;09/10/2023;16:50:00;154262,01;154623,56;154208,45;154616,87;1,013240675E10;328081
WINFUT;09/10/2023;16:40:00;154114,71;154295,49;154108,01;154262,01;5559316076,00;180261
WINFUT;09/10/2023;16:30:00;154188,36;154195,05;154020,97;154108,01;8143716680,00;264236
WINFUT;09/10/2023;16:20:00;154215,14;154322,27;154134,80;154195,05;7119535281,00;230808
WINFUT;09/10/2023;16:10:00;154235,23;154295,49;154141,49;154215,14;6768792056,00;219453
WINFUT;09/10/2023;16:00:00;154375,83;154429,39;154188,36;154235,23;7995035652,00;259096
WINFUT;09/10/2023;15:50:00;154302,18;154529,82;154255,31;154375,83;8275975420,00;268028
WINFUT;09/10/2023;15:40:00;154355,74;154509,74;154208,45;154308,88;1,042342635E10;337634
WINFUT;09/10/2023;15:30:00;154402,61;154422,70;154268,70;154355,74;7177099097,00;232505
WINFUT;09/10/2023;15:20:00;154456,18;154509,74;154275,40;154409,31;9630795199,00;311913
WINFUT;09/10/2023;15:10:00;154596,78;154657,04;154422,70;154462,87;1,052772881E10;340550
WINFUT;09/10/2023;15:00:00;154536,52;154630,26;154342,35;154596,78;1,189278675E10;384919
WINFUT;09/10/2023;14:50:00;154416,00;154583,39;154248,62;154536,52;1,526744988E10;494301
WINFUT;09/10/2023;14:40:00;153913,85;154496,35;153813,42;154416,00;2,230207043E10;723356
WINFUT;09/10/2023;14:30:00;153076,92;153967,41;153063,53;153907,15;2,15917445E10;702960
WINFUT;09/10/2023;14:20:00;153023,36;153117,10;152922,93;153083,62;7614596938,00;248819
WINFUT;09/10/2023;14:10:00;153030,06;153076,92;152936,32;153023,36;5738792504,00;187540
WINFUT;09/10/2023;14:00:00;152835,89;153036,75;152742,15;153030,06;8429639113,00;275620
WINFUT;09/10/2023;13:50:00;152822,50;152922,93;152701,98;152829,19;6951790721,00;227482
WINFUT;09/10/2023;13:40:00;152641,72;152842,58;152621,64;152822,50;5795491450,00;189715
WINFUT;09/10/2023;13:30:00;152822,50;152909,54;152574,77;152641,72;7365453211,00;241115
WINFUT;09/10/2023;13:20:00;152735,46;152936,32;152708,68;152822,50;6500093365,00;212655
WINFUT;09/10/2023;13:10:00;152701,98;152735,46;152608,25;152735,46;4337784005,00;142061
WINFUT;09/10/2023;13:00:00;152695,29;152835,89;152641,72;152701,98;6314167803,00;206702
WINFUT;09/10/2023;12:50:00;152648,42;152835,89;152648,42;152695,29;5793924240,00;189668
WINFUT;09/10/2023;12:40:00;152695,29;152701,98;152541,29;152648,42;5608156695,00;183743
WINFUT;09/10/2023;12:30:00;152594,85;152708,68;152521,20;152701,98;6731488610,00;220523
WINFUT;09/10/2023;12:20:00;152949,71;152956,41;152588,16;152594,85;8642449553,00;282870
WINFUT;09/10/2023;12:10:00;152621,64;152969,80;152601,55;152949,71;9725123944,00;318191
WINFUT;09/10/2023;12:00:00;152668,50;152708,68;152507,81;152628,33;1,033464607E10;338580
WINFUT;09/10/2023;11:50:00;152568,07;152889,45;152467,64;152675,20;1,255182931E10;411003
WINFUT;09/10/2023;11:40:00;152688,59;152862,67;152507,81;152568,07;1,252390368E10;410139
WINFUT;09/10/2023;11:30:00;152594,85;152775,63;152554,68;152681,89;8957554925,00;293353
WINFUT;09/10/2023;11:20:00;152414,08;152701,98;152300,26;152594,85;1,270076626E10;416315
WINFUT;09/10/2023;11:10:00;152293,56;152467,64;152213,22;152407,38;1,031756394E10;338592
WINFUT;09/10/2023;11:00:00;152534,60;152655,11;152213,22;152293,56;1,48732747E10;487960
WINFUT;09/10/2023;10:50:00;152588,16;152655,11;152353,82;152527,90;1,432136873E10;469519
WINFUT;09/10/2023;10:40:00;152641,72;152835,89;152501,12;152581,46;1,526416971E10;499916
WINFUT;09/10/2023;10:30:00;152695,29;152755,54;152313,65;152635,03;2,467650863E10;808727
WINFUT;09/10/2023;10:20:00;152829,19;152902,84;152614,94;152695,29;1,299252339E10;425260
WINFUT;09/10/2023;10:10:00;152768,93;152855,97;152507,81;152822,50;1,613369793E10;528259
WINFUT;09/10/2023;10:00:00;152300,26;152815,80;152293,56;152775,63;1,7733465E10;581159
WINFUT;09/10/2023;09:50:00;152213,22;152313,65;152099,39;152300,26;8195481100,00;269201
WINFUT;09/10/2023;09:40:00;152039,14;152226,61;152025,75;152213,22;6295062027,00;206896
WINFUT;09/10/2023;09:30:00;152146,26;152173,04;151992,27;152045,83;8948899997,00;294199
WINFUT;09/10/2023;09:20:00;152420,77;152447,56;152099,39;152146,26;9501369524,00;312048
WINFUT;09/10/2023;09:10:00;152755,54;152768,93;152400,69;152427,47;9407654794,00;308235
WINFUT;09/10/2023;09:00:00;152146,26;152762,24;151905,23;152755,54;1,062809601E10;348668
WINFUT;06/10/2023;17:50:00;153632,64;153632,64;153485,34;153592,47;1399980939,00;45584
WINFUT;06/10/2023;17:40:00;153558,99;153652,73;153525,51;153632,64;2803584090,00;91274
WINFUT;06/10/2023;17:30:00;153391,61;153592,47;153371,52;153558,99;3799444403,00;123762
WINFUT;06/10/2023;17:20:00;153351,43;153445,17;153264,39;153391,61;3696457906,00;120518
WINFUT;06/10/2023;17:10:00;153251,00;153358,13;153251,00;153358,13;2235036257,00;72891
WINFUT;06/10/2023;17:00:00;153271,09;153371,52;153217,53;153251,00;4921417263,00;160526
WINFUT;06/10/2023;16:50:00;153619,25;153619,25;153184,05;153271,09;9363684549,00;305232
WINFUT;06/10/2023;16:40:00;153632,64;153666,12;153552,30;153625,95;5142652430,00;167390
WINFUT;06/10/2023;16:30:00;153625,95;153639,34;153438,47;153632,64;6716916808,00;218730
WINFUT;06/10/2023;16:20:00;153465,26;153632,64;153358,13;153632,64;7547180395,00;245852
WINFUT;06/10/2023;16:10:00;153639,34;153639,34;153425,08;153465,26;6971269574,00;227051
WINFUT;06/10/2023;16:00:00;153565,69;153666,12;153458,56;153639,34;8914717854,00;290255
WINFUT;06/10/2023;15:50:00;153646,03;153646,03;153411,69;153558,99;7739906428,00;252090
WINFUT;06/10/2023;15:40:00;153639,34;153692,90;153558,99;153639,34;5156324779,00;167814
WINFUT;06/10/2023;15:30:00;153579,08;153719,68;153545,60;153639,34;8771526837,00;285472
WINFUT;06/10/2023;15:20:00;153505,43;153605,86;153445,17;153585,77;5515995186,00;179646
WINFUT;06/10/2023;15:10:00;153445,17;153565,69;153378,22;153505,43;7129763148,00;232263
WINFUT;06/10/2023;15:00:00;153391,61;153465,26;153257,70;153438,47;7268225205,00;236953
WINFUT;06/10/2023;14:50:00;153277,79;153478,65;153244,31;153398,30;7272217747,00;237095
WINFUT;06/10/2023;14:40:00;153297,87;153304,57;153103,70;153284,48;7092557196,00;231478
WINFUT;06/10/2023;14:30:00;153311,26;153411,69;153210,83;153304,57;8916470244,00;290794
WINFUT;06/10/2023;14:20:00;153023,36;153324,65;153016,66;153317,96;9809609376,00;320160
WINFUT;06/10/2023;14:10:00;152849,28;153103,70;152782,33;153016,66;1,00627155E10;328908
WINFUT;06/10/2023;14:00:00;152661,81;152896,15;152641,72;152842,58;6785704138,00;222043
WINFUT;06/10/2023;13:50:00;152708,68;152789,02;152574,77;152655,11;7278022983,00;238326
WINFUT;06/10/2023;13:40:00;152353,82;152748,85;152347,12;152701,98;7443089736,00;243913
WINFUT;06/10/2023;13:30:00;152661,81;152715,37;152273,48;152360,52;1,060412803E10;347757
WINFUT;06/10/2023;13:20:00;152554,68;152722,07;152440,86;152661,81;8712491776,00;285540
WINFUT;06/10/2023;13:10:00;152701,98;152748,85;152507,81;152554,68;1,056653824E10;346150
WINFUT;06/10/2023;13:00:00;152568,07;152896,15;152507,81;152708,68;1,340004301E10;438760
WINFUT;06/10/2023;12:50:00;152581,46;152728,76;152481,03;152561,38;1,33898922E10;438703
WINFUT;06/10/2023;12:40:00;152139,57;152601,55;152132,87;152581,46;1,608467504E10;527717
WINFUT;06/10/2023;12:30:00;152086,00;152300,26;152019,05;152146,26;1,40803199E10;462657
WINFUT;06/10/2023;12:20:00;151925,31;152206,52;151905,23;152079,31;1,495567031E10;491770
WINFUT;06/10/2023;12:10:00;151275,86;152106,09;151255,77;151925,31;2,417304825E10;796495
WINFUT;06/10/2023;12:00:00;150900,92;151309,34;150847,35;151282,56;1,26475991E10;418598
WINFUT;06/10/2023;11:50:00;150900,92;150974,57;150613,02;150894,22;1,293086067E10;428759
WINFUT;06/10/2023;11:40:00;150820,57;151014,74;150713,45;150900,92;1,447354758E10;479667
WINFUT;06/10/2023;11:30:00;150345,20;150854,05;150325,11;150820,57;1,682046327E10;558449
WINFUT;06/10/2023;11:20:00;149936,78;150405,46;149789,48;150351,90;1,602483727E10;533722
WINFUT;06/10/2023;11:10:00;150137,64;150238,07;149863,13;149936,78;1,796414198E10;598705
WINFUT;06/10/2023;11:00:00;150278,25;150298,33;149963,56;150130,95;1,99322003E10;663857
WINFUT;06/10/2023;10:50:00;150532,67;150686,67;150211,29;150271,55;2,166873754E10;720234
WINFUT;06/10/2023;10:40:00;150693,36;151034,83;150525,98;150539,37;1,762040686E10;584145
WINFUT;06/10/2023;10:30:00;150900,92;151222,30;150613,02;150700,06;2,375714728E10;786996
WINFUT;06/10/2023;10:20:00;150974,57;151309,34;150854,05;150900,92;1,901212736E10;629176
WINFUT;06/10/2023;10:10:00;150700,06;150974,57;150412,15;150974,57;1,794671227E10;595306
WINFUT;06/10/2023;10:00:00;150827,27;150880,83;150432,24;150693,36;1,673589929E10;555370
WINFUT;06/10/2023;09:50:00;150760,31;150860,75;150385,37;150827,27;1,949364736E10;647010
WINFUT;06/10/2023;09:40:00;151048,22;151162,04;150572,84;150767,01;1,811837184E10;600630
WINFUT;06/10/2023;09:30:00;152306,95;152320,34;150666,58;151054,91;3,519356692E10;1164444
WINFUT;06/10/2023;09:20:00;152206,52;152393,99;152186,43;152313,65;5329910797,00;174974
WINFUT;06/10/2023;09:10:00;152226,61;152367,21;152186,43;152206,52;6489123970,00;213080
WINFUT;06/10/2023;09:00:00;152387,30;152534,60;152219,91;152226,61;9110199152,00;298946
WINFUT;05/10/2023;17:50:00;152340,43;152407,38;152320,34;152320,34;1177999457,00;38658
WINFUT;05/10/2023;17:40:00;152193,13;152380,60;152139,57;152347,12;4065006828,00;133460
WINFUT;05/10/2023;17:30:00;152119,48;152199,83;152106,09;152193,13;2279473732,00;74905
WINFUT;05/10/2023;17:20:00;152112,79;152240,00;152106,09;152119,48;3185462748,00;104664
WINFUT;05/10/2023;17:10:00;152173,04;152219,91;152099,39;152106,09;2568522727,00;84409
WINFUT;05/10/2023;17:00:00;152246,69;152266,78;152092,70;152179,74;4517413191,00;148440
WINFUT;05/10/2023;16:50:00;152360,52;152360,52;152146,26;152253,39;6466996193,00;212372
WINFUT;05/10/2023;16:40:00;152186,43;152367,21;152173,04;152360,52;6782376631,00;222711
WINFUT;05/10/2023;16:30:00;152179,74;152219,91;152052,53;152193,13;5760284574,00;189315
WINFUT;05/10/2023;16:20:00;152106,09;152193,13;152012,35;152173,04;6609758571,00;217279
WINFUT;05/10/2023;16:10:00;152300,26;152306,95;152086,00;152112,79;8013635409,00;263317
WINFUT;05/10/2023;16:00:00;152253,39;152333,73;152199,83;152293,56;6893770500,00;226361
WINFUT;05/10/2023;15:50:00;152173,04;152280,17;152079,31;152253,39;9032781010,00;296781
WINFUT;05/10/2023;15:40:00;152039,14;152186,43;151972,18;152173,04;8937380136,00;293835
WINFUT;05/10/2023;15:30:00;151798,10;152052,53;151771,32;152039,14;9624243712,00;316725
WINFUT;05/10/2023;15:20:00;151811,49;151851,66;151664,19;151798,10;6459022242,00;212806
WINFUT;05/10/2023;15:10:00;151650,80;151824,88;151590,54;151804,80;6561767750,00;216253
WINFUT;05/10/2023;15:00:00;151717,76;151811,49;151630,72;151650,80;7111345753,00;234332
WINFUT;05/10/2023;14:50:00;151657,50;151731,15;151630,72;151717,76;4327870603,00;142656
WINFUT;05/10/2023;14:40:00;151550,37;151717,76;151536,98;151657,50;5951523436,00;196227
WINFUT;05/10/2023;14:30:00;151563,76;151610,63;151362,90;151557,07;8014748973,00;264521
WINFUT;05/10/2023;14:20:00;151550,37;151624,02;151436,55;151570,46;6762025969,00;223135
WINFUT;05/10/2023;14:10:00;151369,60;151610,63;151362,90;151550,37;7184855274,00;237100
WINFUT;05/10/2023;14:00:00;151603,94;151650,80;151356,21;151376,29;7540778933,00;248884
WINFUT;05/10/2023;13:50:00;151557,07;151677,58;151476,72;151597,24;6202904665,00;204606
WINFUT;05/10/2023;13:40:00;151811,49;151818,19;151510,20;151550,37;7286883238,00;240242
WINFUT;05/10/2023;13:30:00;151831,58;151898,53;151737,84;151811,49;6502778587,00;214165
WINFUT;05/10/2023;13:20:00;151644,11;151844,97;151617,33;151824,88;5157506224,00;169918
WINFUT;05/10/2023;13:10:00;151690,98;151804,80;151603,94;151644,11;6135329379,00;202219
WINFUT;05/10/2023;13:00:00;151597,24;151764,62;151550,37;151690,98;5561208259,00;183310
WINFUT;05/10/2023;12:50:00;151650,80;151737,84;151483,42;151597,24;8213618338,00;270873
WINFUT;05/10/2023;12:40:00;151737,84;151804,80;151536,98;151657,50;7893113079,00;260231
WINFUT;05/10/2023;12:30:00;151690,98;151831,58;151577,15;151731,15;7906873255,00;260593
WINFUT;05/10/2023;12:20:00;151657,50;151891,84;151590,54;151697,67;1,019391432E10;335952
WINFUT;05/10/2023;12:10:00;151563,76;151878,45;151557,07;151664,19;1,1888213E10;391710
WINFUT;05/10/2023;12:00:00;151771,32;151824,88;151416,46;151563,76;1,599950349E10;527696
WINFUT;05/10/2023;11:50:00;151891,84;151998,96;151711,06;151771,32;1,462407741E10;481573
WINFUT;05/10/2023;11:40:00;152166,35;152219,91;151744,54;151885,14;2,321611222E10;763949
WINFUT;05/10/2023;11:30:00;152902,84;153003,27;152086,00;152166,35;2,150730459E10;704963
WINFUT;05/10/2023;11:20:00;152916,23;153003,27;152795,72;152909,54;1,025645761E10;335396
WINFUT;05/10/2023;11:10:00;153117,10;153143,88;152829,19;152922,93;1,340306188E10;438160
WINFUT;05/10/2023;11:00:00;153498,73;153512,12;152869,37;153123,79;1,975906495E10;645200
WINFUT;05/10/2023;10:50:00;153137,18;153619,25;153137,18;153492,04;1,694048098E10;552083
WINFUT;05/10/2023;10:40:00;153016,66;153257,70;152902,84;153143,88;1,528970472E10;499389
WINFUT;05/10/2023;10:30:00;153110,40;153331,35;152976,49;153016,66;1,763551328E10;575594
WINFUT;05/10/2023;10:20:00;152963,10;153264,39;152869,37;153110,40;1,600728424E10;522935
WINFUT;05/10/2023;10:10:00;152742,15;153083,62;152568,07;152963,10;1,900541977E10;621860
WINFUT;05/10/2023;10:00:00;152534,60;152762,24;152454,25;152742,15;1,359532567E10;445479
WINFUT;05/10/2023;09:50:00;152253,39;152594,85;152226,61;152534,60;1,046303414E10;343210
WINFUT;05/10/2023;09:40:00;152106,09;152286,87;151992,27;152246,69;1,168918701E10;384188
WINFUT;05/10/2023;09:30:00;152233,30;152327,04;152086,00;152106,09;1,099049433E10;361070
WINFUT;05/10/2023;09:20:00;152246,69;152367,21;152193,13;152233,30;7311946592,00;240086
WINFUT;05/10/2023;09:10:00;152661,81;152681,89;152226,61;152240,00;8368065728,00;274417
WINFUT;05/10/2023;09:00:00;152655,11;152681,89;152206,52;152668,50;1,344307256E10;440899
WINFUT;04/10/2023;17:50:00;152440,86;152568,07;152360,52;152360,52;1127171766,00;36962
WINFUT;04/10/2023;17:40:00;152460,95;152487,73;152387,30;152440,86;2798467051,00;91792
WINFUT;04/10/2023;17:30:00;152594,85;152668,50;152420,77;152454,25;3829702869,00;125534
WINFUT;04/10/2023;17:20:00;152802,41;152809,11;152507,81;152594,85;4896144278,00;160391
WINFUT;04/10/2023;17:10:00;152849,28;152855,97;152742,15;152802,41;2883284772,00;94349
WINFUT;04/10/2023;17:00:00;152675,20;152855,97;152655,11;152842,58;4315211851,00;141245
WINFUT;04/10/2023;16:50:00;152775,63;152862,67;152661,81;152668,50;6775696241,00;221776
WINFUT;04/10/2023;16:40:00;152902,84;152922,93;152762,24;152768,93;5994069630,00;196085
WINFUT;04/10/2023;16:30:00;152929,62;153036,75;152876,06;152902,84;8186932704,00;267613
WINFUT;04/10/2023;16:20:00;152869,37;152976,49;152809,11;152922,93;7457333689,00;243895
WINFUT;04/10/2023;16:10:00;152715,37;152889,45;152628,33;152869,37;9376198082,00;306903
WINFUT;04/10/2023;16:00:00;152581,46;152735,46;152541,29;152715,37;6889364557,00;225670
WINFUT;04/10/2023;15:50:00;152487,73;152621,64;152400,69;152574,77;6360423602,00;208539
WINFUT;04/10/2023;15:40:00;152547,99;152608,25;152460,95;152487,73;5584103241,00;183060
WINFUT;04/10/2023;15:30:00;152481,03;152621,64;152407,38;152554,68;6654053903,00;218145
WINFUT;04/10/2023;15:20:00;152715,37;152722,07;152427,47;152474,34;7530701907,00;246830
WINFUT;04/10/2023;15:10:00;152628,33;152728,76;152554,68;152715,37;6241116281,00;204442
WINFUT;04/10/2023;15:00:00;152722,07;152795,72;152568,07;152621,64;8746135080,00;286412
WINFUT;04/10/2023;14:50:00;152842,58;152889,45;152668,50;152722,07;7650428900,00;250376
WINFUT;04/10/2023;14:40:00;152661,81;152876,06;152554,68;152842,58;8563485301,00;280374
WINFUT;04/10/2023;14:30:00;152701,98;152822,50;152601,55;152661,81;7694130465,00;251927
WINFUT;04/10/2023;14:20:00;152802,41;152889,45;152655,11;152701,98;7213881333,00;236119
WINFUT;04/10/2023;14:10:00;152809,11;152835,89;152695,29;152802,41;5143178923,00;168324
WINFUT;04/10/2023;14:00:00;153103,70;153137,18;152715,37;152815,80;1,13990498E10;372802
WINFUT;04/10/2023;13:50:00;153364,83;153384,91;153083,62;153097,01;7395926689,00;241355
WINFUT;04/10/2023;13:40:00;153237,61;153431,78;153217,53;153364,83;7203100837,00;234916
WINFUT;04/10/2023;13:30:00;153304,57;153384,91;153204,14;153230,92;8268206003,00;269663
WINFUT;04/10/2023;13:20:00;153177,35;153311,26;153076,92;153297,87;7610613487,00;248404
WINFUT;04/10/2023;13:10:00;152956,41;153224,22;152943,02;153170,66;9223688448,00;301270
WINFUT;04/10/2023;13:00:00;152929,62;152996,58;152762,24;152956,41;8934585796,00;292201
WINFUT;04/10/2023;12:50:00;152668,50;153003,27;152481,03;152936,32;1,115859845E10;365301
WINFUT;04/10/2023;12:40:00;152601,55;152755,54;152393,99;152668,50;1,129420708E10;370194
WINFUT;04/10/2023;12:30:00;152862,67;152896,15;152547,99;152608,25;8687659089,00;284501
WINFUT;04/10/2023;12:20:00;152742,15;152943,02;152668,50;152862,67;1,123926883E10;367746
WINFUT;04/10/2023;12:10:00;152554,68;152755,54;152414,08;152742,15;1,119386529E10;366789
WINFUT;04/10/2023;12:00:00;152521,20;152722,07;152313,65;152554,68;1,56821904E10;513965
WINFUT;04/10/2023;11:50:00;152460,95;152655,11;152414,08;152521,20;1,030603517E10;337841
WINFUT;04/10/2023;11:40:00;152534,60;152688,59;152266,78;152460,95;1,491218363E10;489100
WINFUT;04/10/2023;11:30:00;151938,71;152655,11;151918,62;152534,60;1,70549783E10;559676
WINFUT;04/10/2023;11:20:00;152240,00;152253,39;151885,14;151938,71;1,17734055E10;387187
WINFUT;04/10/2023;11:10:00;151985,57;152320,34;151878,45;152240,00;1,458081559E10;479198
WINFUT;04/10/2023;11:00:00;152253,39;152447,56;151878,45;151992,27;2,1351795E10;701995
WINFUT;04/10/2023;10:50:00;152159,65;152460,95;152032,44;152246,69;1,628118812E10;534716
WINFUT;04/10/2023;10:40:00;152588,16;152655,11;152119,48;152166,35;1,584369955E10;520051
WINFUT;04/10/2023;10:30:00;152547,99;152735,46;152273,48;152588,16;2,130343285E10;698320
WINFUT;04/10/2023;10:20:00;152728,76;152835,89;152327,04;152547,99;1,892173296E10;620261
WINFUT;04/10/2023;10:10:00;152815,80;152969,80;152675,20;152728,76;1,465813406E10;479601
WINFUT;04/10/2023;10:00:00;152648,42;152876,06;152501,12;152822,50;1,453643461E10;476033
WINFUT;04/10/2023;09:50:00;152849,28;152916,23;152641,72;152648,42;8373886151,00;274021
WINFUT;04/10/2023;09:40:00;152795,72;152889,45;152621,64;152849,28;8365268909,00;273789
WINFUT;04/10/2023;09:30:00;152775,63;152889,45;152675,20;152795,72;8032113997,00;262874
WINFUT;04/10/2023;09:20:00;152929,62;153143,88;152695,29;152775,63;1,333071656E10;435940
WINFUT;04/10/2023;09:10:00;152661,81;153364,83;152547,99;152929,62;1,572762707E10;514010
WINFUT;04/10/2023;09:00:00;153043,45;153210,83;152635,03;152661,81;1,504548084E10;491940
WINFUT;03/10/2023;17:50:00;152152,96;152199,83;152059,22;152146,26;2203891157,00;72440
WINFUT;03/10/2023;17:40:00;152300,26;152306,95;152059,22;152159,65;4860866435,00;159688
WINFUT;03/10/2023;17:30:00;152440,86;152481,03;152293,56;152306,95;3913184156,00;128404
WINFUT;03/10/2023;17:20:00;152367,21;152474,34;152327,04;152447,56;3157454051,00;103587
WINFUT;03/10/2023;17:10:00;152494,42;152501,12;152320,34;152360,52;5338762472,00;175164
WINFUT;03/10/2023;17:00:00;152393,99;152588,16;152393,99;152487,73;5928874931,00;194366
WINFUT;03/10/2023;16:50:00;152333,73;152447,56;152327,04;152393,99;5489147212,00;180093
WINFUT;03/10/2023;16:40:00;152373,91;152414,08;152286,87;152327,04;5595778027,00;183639
WINFUT;03/10/2023;16:30:00;152333,73;152414,08;152206,52;152373,91;8660098873,00;284277
WINFUT;03/10/2023;16:20:00;152106,09;152380,60;152092,70;152333,73;8337116350,00;273748
WINFUT;03/10/2023;16:10:00;152340,43;152447,56;152092,70;152099,39;1,031279983E10;338685
WINFUT;03/10/2023;16:00:00;152320,34;152414,08;152260,08;152340,43;7919206045,00;259939
WINFUT;03/10/2023;15:50:00;152561,38;152628,33;152320,34;152320,34;7895742140,00;258908
WINFUT;03/10/2023;15:40:00;152474,34;152581,46;152387,30;152568,07;7169728155,00;235090
WINFUT;03/10/2023;15:30:00;152300,26;152487,73;152213,22;152481,03;9487398694,00;311429
WINFUT;03/10/2023;15:20:00;152427,47;152554,68;152233,30;152293,56;1,150859408E10;377571
WINFUT;03/10/2023;15:10:00;152701,98;152735,46;152293,56;152420,77;1,611100927E10;528285
WINFUT;03/10/2023;15:00:00;152855,97;153050,14;152675,20;152695,29;1,084710242E10;354825
WINFUT;03/10/2023;14:50:00;152943,02;153023,36;152748,85;152855,97;1,161168707E10;379742
WINFUT;03/10/2023;14:40:00;153103,70;153317,96;152889,45;152943,02;1,290413845E10;421378
WINFUT;03/10/2023;14:30:00;153331,35;153384,91;153076,92;153110,40;7832236744,00;255629
WINFUT;03/10/2023;14:20:00;153271,09;153391,61;153163,96;153324,65;8041855473,00;262315
WINFUT;03/10/2023;14:10:00;153425,08;153445,17;153237,61;153277,79;9646384792,00;314559
WINFUT;03/10/2023;14:00:00;153492,04;153605,86;153405,00;153425,08;5819150486,00;189540
WINFUT;03/10/2023;13:50:00;153692,90;153726,38;153445,17;153492,04;7879098941,00;256538
WINFUT;03/10/2023;13:40:00;153672,81;153779,94;153552,30;153699,60;6207740410,00;201998
WINFUT;03/10/2023;13:30:00;153646,03;153813,42;153599,16;153666,12;7537000421,00;245183
WINFUT;03/10/2023;13:20:00;153686,20;153692,90;153532,21;153639,34;6044808815,00;196773
WINFUT;03/10/2023;13:10:00;153739,77;153793,33;153572,38;153686,20;8011578926,00;260674
WINFUT;03/10/2023;13:00:00;153358,13;153779,94;153311,26;153733,07;9598161933,00;312423
WINFUT;03/10/2023;12:50:00;153465,26;153599,16;153271,09;153358,13;8271429326,00;269521
WINFUT;03/10/2023;12:40:00;153425,08;153579,08;153418,39;153465,26;6794823136,00;221331
WINFUT;03/10/2023;12:30:00;153793,33;153873,68;153271,09;153425,08;1,290210679E10;420126
WINFUT;03/10/2023;12:20:00;153331,35;153820,11;153317,96;153793,33;1,114001048E10;362653
WINFUT;03/10/2023;12:10:00;153572,38;153592,47;153304,57;153331,35;8359355917,00;272469
WINFUT;03/10/2023;12:00:00;153592,47;153646,03;153264,39;153579,08;1,642729455E10;535233
WINFUT;03/10/2023;11:50:00;153860,28;153873,68;153545,60;153592,47;1,339839554E10;435896
WINFUT;03/10/2023;11:40:00;154034,37;154201,75;153786,64;153860,28;1,662514104E10;539774
WINFUT;03/10/2023;11:30:00;153820,11;154275,40;153746,46;154041,06;1,577877273E10;512149
WINFUT;03/10/2023;11:20:00;153866,98;154128,10;153759,85;153826,81;1,622260454E10;526890
WINFUT;03/10/2023;11:10:00;154014,28;154482,96;153726,38;153866,98;2,882137538E10;934916
WINFUT;03/10/2023;11:00:00;154482,96;154489,65;153786,64;154014,28;2,61523741E10;848977
WINFUT;03/10/2023;10:50:00;154643,65;154690,51;154375,83;154482,96;1,200193131E10;388369
WINFUT;03/10/2023;10:40:00;154362,44;154697,21;154308,88;154643,65;2,058728891E10;666108
WINFUT;03/10/2023;10:30:00;154074,54;154429,39;154007,58;154362,44;2,178339663E10;706293
WINFUT;03/10/2023;10:20:00;154201,75;154282,10;154047,76;154081,23;1,171089225E10;379787
WINFUT;03/10/2023;10:10:00;154121,41;154215,14;153840,20;154208,45;1,842503478E10;598076
WINFUT;03/10/2023;10:00:00;153712,99;154174,97;153679,51;154128,10;1,466765611E10;476325
WINFUT;03/10/2023;09:50:00;153699,60;153793,33;153646,03;153712,99;5686022419,00;184955
WINFUT;03/10/2023;09:40:00;153866,98;153873,68;153619,25;153699,60;8879078706,00;288753
WINFUT;03/10/2023;09:30:00;153866,98;153967,41;153746,46;153866,98;1,084782389E10;352543
WINFUT;03/10/2023;09:20:00;153478,65;153900,46;153458,56;153866,98;1,049252687E10;341308
WINFUT;03/10/2023;09:10:00;153297,87;153625,95;153271,09;153485,34;1,107044168E10;360613
WINFUT;03/10/2023;09:00:00;153994,19;154000,89;153264,39;153291,18;1,682084901E10;547945
WINFUT;02/10/2023;17:50:00;154784,25;154904,77;154770,86;154770,86;1344374311,00;43419
WINFUT;02/10/2023;17:40:00;154784,25;154831,12;154757,47;154784,25;3306022586,00;106789
WINFUT;02/10/2023;17:30:00;154790,95;154844,51;154750,77;154790,95;3015129719,00;97388
WINFUT;02/10/2023;17:20:00;154744,08;154824,42;154710,60;154797,64;3302021648,00;106671
WINFUT;02/10/2023;17:10:00;154797,64;154844,51;154703,91;154744,08;3509618679,00;113389
WINFUT;02/10/2023;17:00:00;154744,08;154864,59;154723,99;154790,95;5443001152,00;175805
WINFUT;02/10/2023;16:50:00;154757,47;154884,68;154683,82;154737,38;8605246161,00;277964
WINFUT;02/10/2023;16:40:00;154663,73;154797,64;154657,04;154757,47;5904295906,00;190778
WINFUT;02/10/2023;16:30:00;154744,08;154757,47;154610,17;154657,04;8007516377,00;258855
WINFUT;02/10/2023;16:20:00;154616,87;154831,12;154576,69;154744,08;8446980209,00;272949
WINFUT;02/10/2023;16:10:00;154543,22;154690,51;154523,13;154616,87;7715444924,00;249495
WINFUT;02/10/2023;16:00:00;154469,57;154610,17;154456,18;154536,52;7416572125,00;239958
WINFUT;02/10/2023;15:50:00;154429,39;154476,26;154375,83;154456,18;5015455092,00;162384
WINFUT;02/10/2023;15:40:00;154456,18;154563,30;154302,18;154429,39;9652101093,00;312496
WINFUT;02/10/2023;15:30:00;154596,78;154657,04;154422,70;154456,18;1,211728257E10;392057
WINFUT;02/10/2023;15:20:00;154891,38;154898,07;154570,00;154603,47;1,09669909E10;354467
WINFUT;02/10/2023;15:10:00;154824,42;155052,07;154777,55;154891,38;9710276465,00;313388
WINFUT;02/10/2023;15:00:00;154877,99;154911,46;154784,25;154824,42;6351980520,00;205101
WINFUT;02/10/2023;14:50:00;154857,90;155025,28;154857,90;154877,99;6023117561,00;194362
WINFUT;02/10/2023;14:40:00;154944,94;155011,89;154844,51;154864,59;5639026272,00;181989
WINFUT;02/10/2023;14:30:00;155025,28;155078,85;154938,24;154944,94;4534780760,00;146277
WINFUT;02/10/2023;14:20:00;154978,42;155112,32;154904,77;155031,98;5327160823,00;171834
WINFUT;02/10/2023;14:10:00;154864,59;155018,59;154730,69;154978,42;7866190065,00;253971
WINFUT;02/10/2023;14:00:00;154971,72;155011,89;154837,81;154871,29;4706169495,00;151889
WINFUT;02/10/2023;13:50:00;154857,90;155072,15;154844,51;154978,42;6680188795,00;215522
WINFUT;02/10/2023;13:40:00;154938,24;155011,89;154811,03;154851,20;6904921220,00;222904
WINFUT;02/10/2023;13:30:00;155052,07;155119,02;154884,68;154944,94;7442403948,00;240078
WINFUT;02/10/2023;13:20:00;155038,68;155199,36;155018,59;155058,76;7575880023,00;244222
WINFUT;02/10/2023;13:10:00;154770,86;155065,46;154757,47;155031,98;6997491101,00;225784
WINFUT;02/10/2023;13:00:00;154871,29;154891,38;154737,38;154770,86;4555088955,00;147124
WINFUT;02/10/2023;12:50:00;154797,64;154918,16;154697,21;154864,59;7547687285,00;243791
WINFUT;02/10/2023;12:40:00;155045,37;155058,76;154697,21;154804,34;1,125087839E10;363259
WINFUT;02/10/2023;12:30:00;155011,89;155192,67;154991,81;155052,07;7730743972,00;249233
WINFUT;02/10/2023;12:20:00;155065,46;155185,97;154978,42;155011,89;8143218398,00;262548
WINFUT;02/10/2023;12:10:00;154944,94;155112,32;154884,68;155065,46;7079075592,00;228371
WINFUT;02/10/2023;12:00:00;154958,33;155165,89;154898,07;154951,63;1,100122529E10;354843
WINFUT;02/10/2023;11:50:00;154898,07;155045,37;154837,81;154965,03;9749827064,00;314629
WINFUT;02/10/2023;11:40:00;155119,02;155165,89;154790,95;154891,38;1,489971492E10;480825
WINFUT;02/10/2023;11:30:00;155132,41;155366,75;154985,11;155119,02;1,698789927E10;547377
WINFUT;02/10/2023;11:20:00;155413,62;155567,61;155119,02;155139,11;1,526889412E10;491306
WINFUT;02/10/2023;11:10:00;155560,92;155641,26;155299,80;155413,62;1,867317222E10;600593
WINFUT;02/10/2023;11:00:00;155681,43;155935,86;155500,66;155560,92;2,027431327E10;650913
WINFUT;02/10/2023;10:50:00;155741,69;155855,51;155493,96;155681,43;1,867788101E10;599937
WINFUT;02/10/2023;10:40:00;156525,05;156551,84;155681,43;155741,69;2,507601321E10;803101
WINFUT;02/10/2023;10:30:00;156819,65;156853,13;156498,27;156531,75;1,831467265E10;584547
WINFUT;02/10/2023;10:20:00;156504,97;157067,38;156417,93;156819,65;2,151885636E10;686183
WINFUT;02/10/2023;10:10:00;156337,58;156511,66;156223,76;156504,97;1,568773726E10;501600
WINFUT;02/10/2023;10:00:00;156705,83;156712,53;156217,07;156344,28;1,520715986E10;486146
WINFUT;02/10/2023;09:50:00;156846,43;156886,61;156645,57;156712,53;8689860895,00;277191
WINFUT;02/10/2023;09:40:00;156839,74;156933,47;156792,87;156846,43;4925959480,00;157006
WINFUT;02/10/2023;09:30:00;156779,48;156933,47;156759,39;156839,74;9552994283,00;304542
WINFUT;02/10/2023;09:20:00;156725,92;156812,96;156592,01;156779,48;7609948158,00;242830
WINFUT;02/10/2023;09:10:00;156431,32;156725,92;156417,93;156725,92;8058335548,00;257275
WINFUT;02/10/2023;09:00:00;156672,35;156886,61;156371,06;156431,32;8819432169,00;281584
WINFUT;29/09/2023;17:50:00;157080,77;157194,59;156973,65;156973,65;1239417949,00;39450
WINFUT;29/09/2023;17:40:00;157114,25;157174,51;157020,51;157080,77;2949904670,00;93888
WINFUT;29/09/2023;17:30:00;157027,21;157127,64;156946,86;157114,25;3512336777,00;111834
WINFUT;29/09/2023;17:20:00;157067,38;157147,73;157007,12;157027,21;4275470451,00;136090
WINFUT;29/09/2023;17:10:00;156980,34;157094,16;156980,34;157060,69;3745303058,00;119246
WINFUT;29/09/2023;17:00:00;156846,43;157053,99;156833,04;156980,34;7805248614,00;248631
WINFUT;29/09/2023;16:50:00;156886,61;156987,04;156725,92;156846,43;1,057995991E10;337241
WINFUT;29/09/2023;16:40:00;156645,57;156953,56;156565,23;156886,61;1,022686253E10;326194
WINFUT;29/09/2023;16:30:00;156592,01;156732,61;156538,44;156652,27;8368527836,00;267136
WINFUT;29/09/2023;16:20:00;156605,40;156618,79;156411,23;156598,70;6304823984,00;201417
WINFUT;29/09/2023;16:10:00;156417,93;156712,53;156391,15;156605,40;9336705874,00;298194
WINFUT;29/09/2023;16:00:00;156458,10;156558,53;156310,80;156424,62;8657765044,00;276686
WINFUT;29/09/2023;15:50:00;156270,63;156471,49;156183,59;156458,10;7859853259,00;251372
WINFUT;29/09/2023;15:40:00;156237,15;156484,88;156190,28;156270,63;1,004656937E10;321336
WINFUT;29/09/2023;15:30:00;156002,81;156243,85;155996,12;156243,85;7211789092,00;230957
WINFUT;29/09/2023;15:20:00;156170,20;156284,02;155982,73;156009,51;7597613168,00;243252
WINFUT;29/09/2023;15:10:00;156163,50;156263,93;156130,03;156170,20;4650420848,00;148861
WINFUT;29/09/2023;15:00:00;155929,16;156263,93;155902,38;156163,50;9123641723,00;292244
WINFUT;29/09/2023;14:50:00;156042,99;156203,67;155882,30;155922,47;1,16531041E10;373426
WINFUT;29/09/2023;14:40:00;156210,37;156317,50;156002,81;156042,99;7478072515,00;239391
WINFUT;29/09/2023;14:30:00;156243,85;156371,06;156190,28;156203,67;6757378541,00;216174
WINFUT;29/09/2023;14:20:00;156103,24;156304,11;156096,55;156243,85;6360324000,00;203577
WINFUT;29/09/2023;14:10:00;156123,33;156203,67;156009,51;156103,24;8577425044,00;274733
WINFUT;29/09/2023;14:00:00;156277,32;156330,89;156096,55;156116,63;8907535490,00;285126
WINFUT;29/09/2023;13:50:00;156411,23;156478,19;156183,59;156284,02;9871302771,00;315793
WINFUT;29/09/2023;13:40:00;156478,19;156598,70;156364,36;156411,23;6817788760,00;217850
WINFUT;29/09/2023;13:30:00;156478,19;156592,01;156350,97;156484,88;6540835108,00;209006
WINFUT;29/09/2023;13:20:00;156504,97;156565,23;156451,40;156478,19;3921123986,00;125259
WINFUT;29/09/2023;13:10:00;156545,14;156592,01;156317,50;156504,97;8391323234,00;268182
WINFUT;29/09/2023;13:00:00;156464,80;156632,18;156377,76;156545,14;6380231450,00;203828
WINFUT;29/09/2023;12:50:00;156511,66;156592,01;156364,36;156471,49;8529506941,00;272550
WINFUT;29/09/2023;12:40:00;156558,53;156592,01;156344,28;156504,97;1,005004798E10;321126
WINFUT;29/09/2023;12:30:00;156732,61;156839,74;156458,10;156565,23;1,150649805E10;367295
WINFUT;29/09/2023;12:20:00;156839,74;157027,21;156705,83;156739,31;1,005599494E10;320529
WINFUT;29/09/2023;12:10:00;156786,17;156987,04;156786,17;156839,74;7100843077,00;226282
WINFUT;29/09/2023;12:00:00;156846,43;156940,17;156752,70;156779,48;7648536690,00;243829
WINFUT;29/09/2023;11:50:00;156953,56;156973,65;156752,70;156839,74;1,052464376E10;335500
WINFUT;29/09/2023;11:40:00;156953,56;157167,81;156933,47;156953,56;1,005281364E10;320054
WINFUT;29/09/2023;11:30:00;156859,82;157060,69;156812,96;156953,56;1,181760424E10;376490
WINFUT;29/09/2023;11:20:00;156946,86;157013,82;156592,01;156859,82;1,503662954E10;479583
WINFUT;29/09/2023;11:10:00;156806,26;157027,21;156799,57;156953,56;1,332194309E10;424481
WINFUT;29/09/2023;11:00:00;157127,64;157167,81;156625,48;156806,26;1,942287685E10;619198
WINFUT;29/09/2023;10:50:00;156906,69;157315,11;156873,21;157134,34;1,36849609E10;435398
WINFUT;29/09/2023;10:40:00;156906,69;157100,86;156712,53;156906,69;1,578521932E10;503022
WINFUT;29/09/2023;10:30:00;157107,55;157207,98;156732,61;156913,39;1,679468285E10;535062
WINFUT;29/09/2023;10:20:00;157120,94;157194,59;156826,35;157114,25;1,501051071E10;478026
WINFUT;29/09/2023;10:10:00;157428,93;157489,19;156953,56;157114,25;1,610283454E10;512296
WINFUT;29/09/2023;10:00:00;157549,45;157562,84;157301,72;157428,93;9741363214,00;309417
WINFUT;29/09/2023;09:50:00;157556,15;157649,88;157442,32;157549,45;8301446220,00;263459
WINFUT;29/09/2023;09:40:00;157321,81;157643,19;157315,11;157562,84;1,21273414E10;384977
WINFUT;29/09/2023;09:30:00;156973,65;157562,84;156900,00;157321,81;2,133663448E10;678121
WINFUT;29/09/2023;09:20:00;156886,61;157027,21;156806,26;156973,65;6210197743,00;197881
WINFUT;29/09/2023;09:10:00;156833,04;157147,73;156786,17;156886,61;1,072161389E10;341579
WINFUT;29/09/2023;09:00:00;156625,48;157074,08;156571,92;156826,35;1,316187097E10;419536
WINFUT;28/09/2023;17:50:00;156069,77;156096,55;155909,08;156096,55;1416293991,00;45385
WINFUT;28/09/2023;17:40:00;155915,77;156096,55;155842,12;156069,77;3222514273,00;103311
WINFUT;28/09/2023;17:30:00;155775,17;155935,86;155741,69;155915,77;3068239335,00;98439
WINFUT;28/09/2023;17:20:00;155955,94;155962,64;155735,00;155775,17;3222206578,00;103378
WINFUT;28/09/2023;17:10:00;155915,77;155982,73;155842,12;155962,64;3885966339,00;124617
WINFUT;28/09/2023;17:00:00;155848,82;155942,55;155801,95;155922,47;5331963519,00;171037
WINFUT;28/09/2023;16:50:00;155755,08;155868,90;155654,65;155855,51;7827336317,00;251277
WINFUT;28/09/2023;16:40:00;155775,17;155942,55;155621,17;155748,39;1,056955943E10;339310
WINFUT;28/09/2023;16:30:00;156130,03;156156,81;155701,52;155768,47;1,373694629E10;440512
WINFUT;28/09/2023;16:20:00;155768,47;156163,50;155681,43;156123,33;1,244879161E10;399172
WINFUT;28/09/2023;16:10:00;155547,53;155828,73;155500,66;155775,17;9573529794,00;307524
WINFUT;28/09/2023;16:00:00;155380,14;155594,39;155366,75;155540,83;7962641094,00;256015
WINFUT;28/09/2023;15:50:00;155339,97;155427,01;155252,93;155373,45;5716252108,00;184000
WINFUT;28/09/2023;15:40:00;155293,10;155460,49;155286,40;155339,97;6364573038,00;204811
WINFUT;28/09/2023;15:30:00;155373,45;155514,05;155185,97;155293,10;8357967221,00;269033
WINFUT;28/09/2023;15:20:00;155420,31;155480,57;155299,80;155373,45;6378754436,00;205251
WINFUT;28/09/2023;15:10:00;155400,23;155460,49;155333,27;155427,01;4329475797,00;139302
WINFUT;28/09/2023;15:00:00;155406,92;155447,09;155206,06;155400,23;8716616293,00;280572
WINFUT;28/09/2023;14:50:00;155306,49;155420,31;155246,23;155413,62;5420550932,00;174492
WINFUT;28/09/2023;14:40:00;155212,76;155346,66;155085,54;155306,49;7554370380,00;243359
WINFUT;28/09/2023;14:30:00;155353,36;155366,75;155172,58;155219,45;7360240866,00;237038
WINFUT;28/09/2023;14:20:00;155400,23;155514,05;155286,40;155353,36;6952432362,00;223691
WINFUT;28/09/2023;14:10:00;155487,27;155514,05;155319,88;155393,53;5655281185,00;181955
WINFUT;28/09/2023;14:00:00;155433,70;155527,44;155299,80;155493,96;7664664785,00;246575
WINFUT;28/09/2023;13:50:00;155440,40;155527,44;155239,54;155433,70;8756151093,00;281752
WINFUT;28/09/2023;13:40:00;155480,57;155661,35;155406,92;155440,40;6982539927,00;224458
WINFUT;28/09/2023;13:30:00;155681,43;155681,43;155467,18;155480,57;5509510168,00;177076
WINFUT;28/09/2023;13:20:00;155587,70;155728,30;155467,18;155674,74;7462769247,00;239806
WINFUT;28/09/2023;13:10:00;155520,74;155661,35;155467,18;155587,70;7958632177,00;255791
WINFUT;28/09/2023;13:00:00;155460,49;155547,53;155353,36;155514,05;8403319591,00;270290
WINFUT;28/09/2023;12:50:00;155306,49;155520,74;155293,10;155453,79;1,00559412E10;323491
WINFUT;28/09/2023;12:40:00;155098,93;155453,79;155085,54;155313,19;9834551229,00;316568
WINFUT;28/09/2023;12:30:00;155112,32;155326,58;155058,76;155092,24;1,019129788E10;328303
WINFUT;28/09/2023;12:20:00;154965,03;155192,67;154857,90;155112,32;9902780359,00;319428
WINFUT;28/09/2023;12:10:00;155092,24;155112,32;154938,24;154958,33;7935160451,00;255938
WINFUT;28/09/2023;12:00:00;155199,36;155273,01;154985,11;155092,24;1,251186649E10;403327
WINFUT;28/09/2023;11:50:00;155098,93;155226,15;154965,03;155206,06;1,201770855E10;387460
WINFUT;28/09/2023;11:40:00;154764,16;155132,41;154663,73;155092,24;1,244952722E10;401850
WINFUT;28/09/2023;11:30:00;154924,85;154951,63;154523,13;154770,86;1,663386456E10;537651
WINFUT;28/09/2023;11:20:00;154784,25;155058,76;154784,25;154918,16;1,173911233E10;378867
WINFUT;28/09/2023;11:10:00;154690,51;155011,89;154576,69;154784,25;2,244337746E10;725059
WINFUT;28/09/2023;11:00:00;154422,70;154764,16;154328,96;154697,21;2,01875199E10;652958
WINFUT;28/09/2023;10:50:00;153712,99;154442,78;153692,90;154422,70;1,661321873E10;539009
WINFUT;28/09/2023;10:40:00;153987,50;154114,71;153646,03;153706,29;1,676545729E10;544824
WINFUT;28/09/2023;10:30:00;153920,54;154061,15;153632,64;153994,19;2,013696251E10;654391
WINFUT;28/09/2023;10:20:00;154154,88;154168,27;153840,20;153913,85;1,141729345E10;370741
WINFUT;28/09/2023;10:10:00;153860,28;154255,31;153813,42;154154,88;1,701209051E10;552291
WINFUT;28/09/2023;10:00:00;153779,94;154101,32;153679,51;153853,59;1,388363802E10;451037
WINFUT;28/09/2023;09:50:00;153820,11;153947,33;153585,77;153773,24;1,386303416E10;450807
WINFUT;28/09/2023;09:40:00;154422,70;154436,09;153692,90;153820,11;1,525898765E10;495309
WINFUT;28/09/2023;09:30:00;153699,60;154623,56;153672,81;154422,70;2,344278333E10;759856
WINFUT;28/09/2023;09:20:00;154041,06;154041,06;153672,81;153692,90;7069735840,00;229787
WINFUT;28/09/2023;09:10:00;153773,24;154054,45;153766,55;154034,37;5999690776,00;194927
WINFUT;28/09/2023;09:00:00;153994,19;154174,97;153625,95;153773,24;1,285573386E10;417704
WINFUT;27/09/2023;17:50:00;153907,15;153960,72;153860,28;153954,02;880075708,20;28589
WINFUT;27/09/2023;17:40:00;153873,68;153974,11;153860,28;153913,85;2858603953,00;92859
WINFUT;27/09/2023;17:30:00;153672,81;153940,63;153659,42;153873,68;4489379656,00;145918
WINFUT;27/09/2023;17:20:00;153686,20;153766,55;153639,34;153679,51;2770275369,00;90114
WINFUT;27/09/2023;17:10:00;153833,50;153860,28;153659,42;153692,90;4045023359,00;131537
WINFUT;27/09/2023;17:00:00;153733,07;153907,15;153612,56;153833,50;6929855993,00;225346
WINFUT;27/09/2023;16:50:00;153425,08;153746,46;153398,30;153733,07;9265890396,00;301648
WINFUT;27/09/2023;16:40:00;153371,52;153451,87;153230,92;153425,08;6772302094,00;220824
WINFUT;27/09/2023;16:30:00;153558,99;153565,69;153224,22;153371,52;1,014669839E10;330809
WINFUT;27/09/2023;16:20:00;153538,91;153753,16;153498,73;153552,30;7909777144,00;257432
WINFUT;27/09/2023;16:10:00;153739,77;153933,93;153458,56;153532,21;1,086758061E10;353536
WINFUT;27/09/2023;16:00:00;153411,69;153806,72;153391,61;153739,77;9823561611,00;319735
WINFUT;27/09/2023;15:50:00;153451,87;153478,65;153311,26;153411,69;7703052706,00;251101
WINFUT;27/09/2023;15:40:00;153659,42;153672,81;153351,43;153445,17;1,287760299E10;419467
WINFUT;27/09/2023;15:30:00;153009,97;153686,20;152989,88;153659,42;1,622729673E10;529126
WINFUT;27/09/2023;15:20:00;152755,54;153009,97;152635,03;153009,97;1,045488911E10;342190
WINFUT;27/09/2023;15:10:00;152876,06;152956,41;152675,20;152755,54;1,19959495E10;392547
WINFUT;27/09/2023;15:00:00;152916,23;153070,23;152795,72;152882,76;1,091336203E10;356816
WINFUT;27/09/2023;14:50:00;152896,15;153137,18;152882,76;152916,23;1,022030518E10;333934
WINFUT;27/09/2023;14:40:00;153083,62;153090,31;152742,15;152902,84;1,023389343E10;334631
WINFUT;27/09/2023;14:30:00;152835,89;153103,70;152762,24;153076,92;1,11015545E10;362903
WINFUT;27/09/2023;14:20:00;153418,39;153431,78;152829,19;152842,58;2,078045478E10;678764
WINFUT;27/09/2023;14:10:00;153820,11;153826,81;153411,69;153425,08;1,183015756E10;385113
WINFUT;27/09/2023;14:00:00;153739,77;153840,20;153639,34;153820,11;8928410966,00;290366
WINFUT;27/09/2023;13:50:00;153994,19;154034,37;153679,51;153739,77;8188685534,00;266120
WINFUT;27/09/2023;13:40:00;153927,24;154067,84;153813,42;153987,50;6713879246,00;218066
WINFUT;27/09/2023;13:30:00;153753,16;153954,02;153706,29;153927,24;7583648094,00;246490
WINFUT;27/09/2023;13:20:00;153860,28;153873,68;153746,46;153753,16;5466675050,00;177723
WINFUT;27/09/2023;13:10:00;153947,33;153980,80;153800,03;153853,59;5111598012,00;166099
WINFUT;27/09/2023;13:00:00;153933,93;154007,58;153833,50;153940,63;6883575042,00;223621
WINFUT;27/09/2023;12:50:00;153974,11;154061,15;153893,76;153933,93;6365350367,00;206687
WINFUT;27/09/2023;12:40:00;154141,49;154195,05;153880,37;153974,11;1,051513453E10;341350
WINFUT;27/09/2023;12:30:00;154375,83;154416,00;154134,80;154141,49;6723511110,00;217889
WINFUT;27/09/2023;12:20:00;154241,92;154375,83;154000,89;154375,83;1,028902162E10;333661
WINFUT;27/09/2023;12:10:00;154375,83;154422,70;154228,53;154241,92;6275705756,00;203329
WINFUT;27/09/2023;12:00:00;154228,53;154416,00;154201,75;154375,83;8310154941,00;269256
WINFUT;27/09/2023;11:50:00;154422,70;154442,78;154027,67;154221,84;1,298386526E10;421001
WINFUT;27/09/2023;11:40:00;154482,96;154529,82;154369,14;154416,00;8200173747,00;265451
WINFUT;27/09/2023;11:30:00;154549,91;154683,82;154456,18;154476,26;1,119530355E10;362173
WINFUT;27/09/2023;11:20:00;154208,45;154616,87;154161,58;154543,22;1,351180804E10;437475
WINFUT;27/09/2023;11:10:00;154570,00;154616,87;154087,93;154201,75;1,812083882E10;587262
WINFUT;27/09/2023;11:00:00;154697,21;154811,03;154482,96;154576,69;1,388355813E10;448897
WINFUT;27/09/2023;10:50:00;154884,68;154971,72;154630,26;154703,91;1,443886626E10;466450
WINFUT;27/09/2023;10:40:00;154857,90;155092,24;154764,16;154884,68;1,521515001E10;491118
WINFUT;27/09/2023;10:30:00;155098,93;155239,54;154744,08;154857,90;1,958746876E10;631790
WINFUT;27/09/2023;10:20:00;155219,45;155326,58;155092,24;155098,93;1,411154476E10;454534
WINFUT;27/09/2023;10:10:00;154985,11;155232,84;154864,59;155226,15;1,609410534E10;519048
WINFUT;27/09/2023;10:00:00;154764,16;155025,28;154616,87;154985,11;1,925917558E10;622105
WINFUT;27/09/2023;09:50:00;154603,47;154777,55;154590,08;154770,86;7817317853,00;252698
WINFUT;27/09/2023;09:40:00;154590,08;154663,73;154509,74;154603,47;6537852197,00;211437
WINFUT;27/09/2023;09:30:00;154429,39;154636,95;154315,57;154583,39;8347139916,00;270150
WINFUT;27/09/2023;09:20:00;154449,48;154556,61;154335,66;154429,39;5936956413,00;192233
WINFUT;27/09/2023;09:10:00;154603,47;154670,43;154375,83;154442,78;8403438447,00;271975
WINFUT;27/09/2023;09:00:00;154529,82;154703,91;154389,22;154610,17;9238715687,00;298891
WINFUT;26/09/2023;17:50:00;153672,81;153846,89;153659,42;153733,07;1740159197,00;56601
WINFUT;26/09/2023;17:40:00;153773,24;153853,59;153572,38;153679,51;5310904399,00;172757
WINFUT;26/09/2023;17:30:00;153860,28;153920,54;153712,99;153766,55;4507850562,00;146537
WINFUT;26/09/2023;17:20:00;153826,81;153913,85;153786,64;153853,59;3445084462,00;111964
WINFUT;26/09/2023;17:10:00;153880,37;153887,07;153779,94;153826,81;4443260189,00;144412
WINFUT;26/09/2023;17:00:00;153960,72;154034,37;153833,50;153880,37;6573754776,00;213515
WINFUT;26/09/2023;16:50:00;153860,28;154047,76;153826,81;153954,02;7843705826,00;254772
WINFUT;26/09/2023;16:40:00;153954,02;153987,50;153860,28;153860,28;5849375871,00;189994
WINFUT;26/09/2023;16:30:00;153893,76;153987,50;153766,55;153954,02;9486501546,00;308210
WINFUT;26/09/2023;16:20:00;154000,89;154000,89;153806,72;153887,07;1,202130475E10;390612
WINFUT;26/09/2023;16:10:00;154221,84;154308,88;153947,33;154000,89;1,138472483E10;369333
WINFUT;26/09/2023;16:00:00;154228,53;154268,70;154134,80;154228,53;7039971366,00;228269
WINFUT;26/09/2023;15:50:00;154248,62;154362,44;154114,71;154228,53;8688143350,00;281663
WINFUT;26/09/2023;15:40:00;154268,70;154362,44;154174,97;154248,62;7983440409,00;258774
WINFUT;26/09/2023;15:30:00;154349,05;154389,22;154248,62;154268,70;6799503047,00;220303
WINFUT;26/09/2023;15:20:00;154402,61;154456,18;154315,57;154349,05;5652782487,00;183077
WINFUT;26/09/2023;15:10:00;154496,35;154556,61;154355,74;154409,31;7391163821,00;239289
WINFUT;26/09/2023;15:00:00;154482,96;154529,82;154416,00;154496,35;5827541831,00;188632
WINFUT;26/09/2023;14:50:00;154282,10;154536,52;154241,92;154482,96;1,146461992E10;371234
WINFUT;26/09/2023;14:40:00;154101,32;154342,35;154087,93;154282,10;8865357328,00;287441
WINFUT;26/09/2023;14:30:00;154282,10;154322,27;154014,28;154094,62;1,390694354E10;451016
WINFUT;26/09/2023;14:20:00;154436,09;154482,96;154221,84;154282,10;8495062013,00;275193
WINFUT;26/09/2023;14:10:00;154382,53;154556,61;154322,27;154436,09;1,028949311E10;333070
WINFUT;26/09/2023;14:00:00;154750,77;154764,16;154262,01;154382,53;1,781929044E10;576705
WINFUT;26/09/2023;13:50:00;154723,99;154837,81;154703,91;154750,77;4880863263,00;157673
WINFUT;26/09/2023;13:40:00;154797,64;154898,07;154703,91;154717,30;5914000048,00;190998
WINFUT;26/09/2023;13:30:00;154864,59;154864,59;154690,51;154797,64;9318254652,00;301029
WINFUT;26/09/2023;13:20:00;154857,90;154965,03;154817,73;154864,59;5528719453,00;178474
WINFUT;26/09/2023;13:10:00;154918,16;154985,11;154851,20;154851,20;5621082812,00;181406
WINFUT;26/09/2023;13:00:00;154844,51;154938,24;154804,34;154918,16;5703194085,00;184129
WINFUT;26/09/2023;12:50:00;154744,08;154891,38;154717,30;154844,51;6843806676,00;221055
WINFUT;26/09/2023;12:40:00;154918,16;154924,85;154710,60;154744,08;7454051907,00;240758
WINFUT;26/09/2023;12:30:00;154797,64;154958,33;154750,77;154924,85;7155819416,00;231011
WINFUT;26/09/2023;12:20:00;154904,77;154958,33;154770,86;154797,64;8137359979,00;262722
WINFUT;26/09/2023;12:10:00;155092,24;155145,80;154884,68;154898,07;8492491136,00;273951
WINFUT;26/09/2023;12:00:00;155353,36;155360,05;154951,63;155098,93;1,394364263E10;449429
WINFUT;26/09/2023;11:50:00;155098,93;155393,53;154991,81;155353,36;1,187648912E10;382690
WINFUT;26/09/2023;11:40:00;155052,07;155239,54;154998,50;155098,93;1,119893846E10;360934
WINFUT;26/09/2023;11:30:00;154891,38;155065,46;154797,64;155045,37;1,191333373E10;384458
WINFUT;26/09/2023;11:20:00;154871,29;154951,63;154690,51;154898,07;1,349024029E10;435633
WINFUT;26/09/2023;11:10:00;155273,01;155293,10;154737,38;154871,29;1,913488279E10;617430
WINFUT;26/09/2023;11:00:00;155286,40;155447,09;155152,50;155273,01;1,544697947E10;497362
WINFUT;26/09/2023;10:50:00;155306,49;155339,97;155005,20;155286,40;1,575644692E10;507783
WINFUT;26/09/2023;10:40:00;155313,19;155534,13;155192,67;155313,19;1,944051047E10;625691
WINFUT;26/09/2023;10:30:00;155145,80;155373,45;154884,68;155313,19;2,35932457E10;760591
WINFUT;26/09/2023;10:20:00;155326,58;155493,96;155105,63;155139,11;1,463991078E10;471336
WINFUT;26/09/2023;10:10:00;155380,14;155460,49;155199,36;155326,58;1,386613623E10;446334
WINFUT;26/09/2023;10:00:00;155326,58;155393,53;155105,63;155373,45;1,345547614E10;433346
WINFUT;26/09/2023;09:50:00;155299,80;155380,14;155165,89;155319,88;9048978895,00;291371
WINFUT;26/09/2023;09:40:00;155413,62;155440,40;155152,50;155306,49;9393571801,00;302397
WINFUT;26/09/2023;09:30:00;155467,18;155473,88;155293,10;155413,62;7664187581,00;246653
WINFUT;26/09/2023;09:20:00;155507,35;155547,53;155400,23;155467,18;6356231764,00;204416
WINFUT;26/09/2023;09:10:00;155601,09;155634,57;155279,71;155507,35;1,32593756E10;426491
WINFUT;26/09/2023;09:00:00;156069,77;156330,89;155574,31;155594,39;1,544939673E10;495726
WINFUT;25/09/2023;17:50:00;156779,48;156846,43;156679,05;156679,05;1296633257,00;41362
WINFUT;25/09/2023;17:40:00;156699,13;156839,74;156672,35;156772,78;3464587392,00;110509
WINFUT;25/09/2023;17:30:00;156739,31;156759,39;156598,70;156685,74;4905904309,00;156547
WINFUT;25/09/2023;17:20:00;156685,74;156779,48;156618,79;156739,31;5512341063,00;175895
WINFUT;25/09/2023;17:10:00;156317,50;156705,83;156297,41;156685,74;7989905385,00;255262
WINFUT;25/09/2023;17:00:00;156377,76;156404,54;156270,63;156317,50;5187794004,00;165927
WINFUT;25/09/2023;16:50:00;156230,46;156404,54;156156,81;156377,76;7459384354,00;238636
WINFUT;25/09/2023;16:40:00;156230,46;156263,93;156163,50;156230,46;3798284713,00;121579
WINFUT;25/09/2023;16:30:00;156150,11;156270,63;156076,46;156230,46;6648653483,00;212870
WINFUT;25/09/2023;16:20:00;156210,37;156270,63;156022,90;156156,81;8336217195,00;266951
WINFUT;25/09/2023;16:10:00;155989,42;156243,85;155955,94;156210,37;7917756654,00;253564
WINFUT;25/09/2023;16:00:00;156036,29;156123,33;155929,16;155996,12;7155232903,00;229317
WINFUT;25/09/2023;15:50:00;156150,11;156163,50;155976,03;156029,59;6511074943,00;208588
WINFUT;25/09/2023;15:40:00;156143,42;156237,15;156009,51;156143,42;8471776458,00;271315
WINFUT;25/09/2023;15:30:00;156156,81;156230,46;156076,46;156143,42;6130348332,00;196291
WINFUT;25/09/2023;15:20:00;156156,81;156243,85;156103,24;156163,50;6406538763,00;205104
WINFUT;25/09/2023;15:10:00;156196,98;156297,41;156116,63;156156,81;6311223738,00;202021
WINFUT;25/09/2023;15:00:00;156183,59;156324,19;156150,11;156196,98;7817755755,00;250164
WINFUT;25/09/2023;14:50:00;156069,77;156250,54;156063,07;156183,59;5250249428,00;168103
WINFUT;25/09/2023;14:40:00;156136,72;156170,20;156042,99;156069,77;4108623984,00;131602
WINFUT;25/09/2023;14:30:00;156083,16;156183,59;156022,90;156136,72;5745036737,00;183994
WINFUT;25/09/2023;14:20:00;156002,81;156109,94;155955,94;156083,16;5624749254,00;180235
WINFUT;25/09/2023;14:10:00;156096,55;156136,72;155996,12;156002,81;4677538675,00;149860
WINFUT;25/09/2023;14:00:00;155835,43;156143,42;155808,65;156089,85;9518625531,00;305117
WINFUT;25/09/2023;13:50:00;155982,73;155996,12;155788,56;155842,12;7879132888,00;252729
WINFUT;25/09/2023;13:40:00;156076,46;156190,28;155935,86;155976,03;6556948366,00;210055
WINFUT;25/09/2023;13:30:00;156109,94;156156,81;155982,73;156076,46;5470449351,00;175254
WINFUT;25/09/2023;13:20:00;156176,89;156237,15;156069,77;156116,63;5494621566,00;175944
WINFUT;25/09/2023;13:10:00;156337,58;156350,97;156116,63;156170,20;7063468800,00;226081
WINFUT;25/09/2023;13:00:00;156150,11;156377,76;156109,94;156344,28;6444087713,00;206188
WINFUT;25/09/2023;12:50:00;156210,37;156277,32;156103,24;156150,11;3827863910,00;122542
WINFUT;25/09/2023;12:40:00;156290,71;156290,71;156123,33;156217,07;5626481981,00;180111
WINFUT;25/09/2023;12:30:00;156116,63;156317,50;156109,94;156284,02;6788901836,00;217295
WINFUT;25/09/2023;12:20:00;156257,24;156270,63;156083,16;156109,94;5892666732,00;188640
WINFUT;25/09/2023;12:10:00;156176,89;156364,36;156123,33;156257,24;1,062704218E10;340076
WINFUT;25/09/2023;12:00:00;155862,21;156196,98;155775,17;156176,89;1,060546172E10;339997
WINFUT;25/09/2023;11:50:00;156002,81;156022,90;155848,82;155855,51;7832077640,00;251137
WINFUT;25/09/2023;11:40:00;156083,16;156176,89;155982,73;156009,51;6501957601,00;208294
WINFUT;25/09/2023;11:30:00;156036,29;156183,59;155955,94;156089,85;6824267605,00;218601
WINFUT;25/09/2023;11:20:00;155955,94;156176,89;155895,69;156036,29;1,082094157E10;346764
WINFUT;25/09/2023;11:10:00;156029,59;156210,37;155935,86;155955,94;1,208955754E10;387350
WINFUT;25/09/2023;11:00:00;156324,19;156411,23;155915,77;156029,59;1,676878878E10;536947
WINFUT;25/09/2023;10:50:00;155962,64;156384,45;155929,16;156324,19;1,328562023E10;425210
WINFUT;25/09/2023;10:40:00;156049,68;156217,07;155775,17;155962,64;1,668462779E10;534854
WINFUT;25/09/2023;10:30:00;156096,55;156284,02;155989,42;156056,38;1,977672717E10;633293
WINFUT;25/09/2023;10:20:00;156016,20;156123,33;155735,00;156096,55;1,100310386E10;352829
WINFUT;25/09/2023;10:10:00;155768,47;156049,68;155721,61;156016,20;9902486539,00;317580
WINFUT;25/09/2023;10:00:00;155929,16;156056,38;155621,17;155768,47;1,540689214E10;494251
WINFUT;25/09/2023;09:50:00;156056,38;156103,24;155868,90;155929,16;5488820275,00;175928
WINFUT;25/09/2023;09:40:00;155976,03;156103,24;155915,77;156049,68;6686345580,00;214279
WINFUT;25/09/2023;09:30:00;155949,25;156163,50;155942,55;155976,03;9536691328,00;305548
WINFUT;25/09/2023;09:20:00;155755,08;155996,12;155641,26;155955,94;8114136182,00;260389
WINFUT;25/09/2023;09:10:00;155842,12;155955,94;155674,74;155748,39;8937186129,00;286780
WINFUT;25/09/2023;09:00:00;155868,90;155962,64;155567,61;155842,12;8507085241,00;272991
WINFUT;22/09/2023;17:50:00;156752,70;156853,13;156685,74;156819,65;1171550856,00;37367
WINFUT;22/09/2023;17:40:00;156672,35;156792,87;156625,48;156759,39;2865205262,00;91435
WINFUT;22/09/2023;17:30:00;156565,23;156725,92;156531,75;156672,35;3623320214,00;115655
WINFUT;22/09/2023;17:20:00;156685,74;156739,31;156525,05;156558,53;4499082942,00;143609
WINFUT;22/09/2023;17:10:00;156491,58;156692,44;156484,88;156679,05;4596969513,00;146760
WINFUT;22/09/2023;17:00:00;156478,19;156551,84;156431,32;156484,88;4515679279,00;144290
WINFUT;22/09/2023;16:50:00;156491,58;156551,84;156350,97;156484,88;8371306777,00;267525
WINFUT;22/09/2023;16:40:00;156605,40;156652,27;156438,01;156491,58;7197733572,00;229903
WINFUT;22/09/2023;16:30:00;156792,87;156819,65;156538,44;156605,40;1,130650212E10;360876
WINFUT;22/09/2023;16:20:00;156833,04;156946,86;156746,00;156792,87;9595412742,00;305889
WINFUT;22/09/2023;16:10:00;156699,13;156873,21;156625,48;156833,04;9512249869,00;303396
WINFUT;22/09/2023;16:00:00;156431,32;156732,61;156404,54;156699,13;9947722267,00;317632
WINFUT;22/09/2023;15:50:00;156304,11;156451,40;156243,85;156438,01;5354368703,00;171221
WINFUT;22/09/2023;15:40:00;156364,36;156404,54;156277,32;156297,41;4373491058,00;139879
WINFUT;22/09/2023;15:30:00;156397,84;156451,40;156210,37;156357,67;8578698723,00;274366
WINFUT;22/09/2023;15:20:00;156411,23;156484,88;156330,89;156391,15;6527665851,00;208676
WINFUT;22/09/2023;15:10:00;156210,37;156424,62;156183,59;156411,23;8884214304,00;284214
WINFUT;22/09/2023;15:00:00;156478,19;156511,66;156190,28;156203,67;1,128529271E10;360903
WINFUT;22/09/2023;14:50:00;156458,10;156625,48;156438,01;156484,88;7851521015,00;250779
WINFUT;22/09/2023;14:40:00;156746,00;156752,70;156431,32;156458,10;1,297208588E10;414345
WINFUT;22/09/2023;14:30:00;156806,26;156866,52;156672,35;156746,00;7812021803,00;249166
WINFUT;22/09/2023;14:20:00;156940,17;156966,95;156685,74;156812,96;1,217320121E10;388132
WINFUT;22/09/2023;14:10:00;157027,21;157147,73;156879,91;156933,47;9196104921,00;292846
WINFUT;22/09/2023;14:00:00;157207,98;157281,63;157013,82;157027,21;8439361200,00;268502
WINFUT;22/09/2023;13:50:00;157268,24;157382,07;157167,81;157207,98;7110129289,00;226052
WINFUT;22/09/2023;13:40:00;157228,07;157288,33;157141,03;157274,94;6026620788,00;191675
WINFUT;22/09/2023;13:30:00;157154,42;157288,33;157147,73;157234,77;5454238596,00;173448
WINFUT;22/09/2023;13:20:00;157127,64;157167,81;157040,60;157161,12;4002762482,00;127387
WINFUT;22/09/2023;13:10:00;157080,77;157187,90;157013,82;157120,94;4499181786,00;143192
WINFUT;22/09/2023;13:00:00;157120,94;157174,51;157040,60;157080,77;4205616372,00;133844
WINFUT;22/09/2023;12:50:00;157127,64;157254,85;157100,86;157127,64;4312835581,00;137197
WINFUT;22/09/2023;12:40:00;157167,81;157207,98;157074,08;157134,34;4104024670,00;130586
WINFUT;22/09/2023;12:30:00;157228,07;157268,24;157120,94;157174,51;5411834137,00;172132
WINFUT;22/09/2023;12:20:00;157114,25;157328,50;157040,60;157228,07;8219086380,00;261460
WINFUT;22/09/2023;12:10:00;157080,77;157167,81;156973,65;157114,25;7591623697,00;241651
WINFUT;22/09/2023;12:00:00;157335,20;157341,89;157013,82;157080,77;1,205002861E10;383448
WINFUT;22/09/2023;11:50:00;157261,55;157435,63;157214,68;157335,20;9160391615,00;291133
WINFUT;22/09/2023;11:40:00;157529,36;157549,45;157228,07;157261,55;1,138632343E10;361777
WINFUT;22/09/2023;11:30:00;157154,42;157562,84;157114,25;157536,06;1,099290764E10;349288
WINFUT;22/09/2023;11:20:00;157114,25;157234,77;156987,04;157154,42;1,122925516E10;357355
WINFUT;22/09/2023;11:10:00;157415,54;157455,71;156960,25;157120,94;1,432405644E10;455708
WINFUT;22/09/2023;11:00:00;157254,85;157509,28;157201,29;157408,85;1,730701371E10;549877
WINFUT;22/09/2023;10:50:00;157254,85;157308,42;156879,91;157248,16;1,550861772E10;493679
WINFUT;22/09/2023;10:40:00;157261,55;157315,11;156853,13;157261,55;1,745699236E10;555593
WINFUT;22/09/2023;10:30:00;157040,60;157388,76;156866,52;157261,55;2,085655544E10;663595
WINFUT;22/09/2023;10:20:00;157643,19;157669,97;157013,82;157040,60;1,547062498E10;491602
WINFUT;22/09/2023;10:10:00;157629,79;157797,18;157509,28;157643,19;1,618765519E10;513467
WINFUT;22/09/2023;10:00:00;157710,14;157757,01;157375,37;157636,49;1,729866505E10;549045
WINFUT;22/09/2023;09:50:00;157676,66;157777,09;157623,10;157710,14;4847526583,00;153701
WINFUT;22/09/2023;09:40:00;157763,70;157770,40;157616,40;157676,66;6166586618,00;195529
WINFUT;22/09/2023;09:30:00;157710,14;158004,74;157676,66;157763,70;1,243095894E10;393759
WINFUT;22/09/2023;09:20:00;157616,40;157743,62;157542,75;157703,44;5620424127,00;178233
WINFUT;22/09/2023;09:10:00;157723,53;157770,40;157562,84;157623,10;8702255329,00;275955
WINFUT;22/09/2023;09:00:00;157288,33;157790,48;157167,81;157723,53;1,469556301E10;466293
WINFUT;21/09/2023;17:50:00;156498,27;156585,31;156458,10;156518,36;1886879727,00;60276
WINFUT;21/09/2023;17:40:00;156665,66;156672,35;156411,23;156504,97;3903163592,00;124687
WINFUT;21/09/2023;17:30:00;156752,70;156786,17;156618,79;156665,66;3438153238,00;109716
WINFUT;21/09/2023;17:20:00;156685,74;156799,57;156672,35;156746,00;2496172863,00;79635
WINFUT;21/09/2023;17:10:00;156725,92;156846,43;156638,88;156679,05;5200034963,00;165891
WINFUT;21/09/2023;17:00:00;156525,05;156739,31;156491,58;156725,92;6748628793,00;215483
WINFUT;21/09/2023;16:50:00;156672,35;156692,44;156484,88;156525,05;8624791072,00;275433
WINFUT;21/09/2023;16:40:00;156645,57;156779,48;156632,18;156679,05;8810807598,00;281127
WINFUT;21/09/2023;16:30:00;156705,83;156712,53;156484,88;156645,57;1,387968762E10;443192
WINFUT;21/09/2023;16:20:00;156853,13;156933,47;156679,05;156705,83;1,23546438E10;393928
WINFUT;21/09/2023;16:10:00;157134,34;157154,42;156846,43;156859,82;1,185664698E10;377674
WINFUT;21/09/2023;16:00:00;157228,07;157274,94;157114,25;157127,64;6550968522,00;208379
WINFUT;21/09/2023;15:50:00;157201,29;157368,67;157027,21;157228,07;1,443089589E10;459093
WINFUT;21/09/2023;15:40:00;157368,67;157382,07;157127,64;157207,98;1,002573438E10;318798
WINFUT;21/09/2023;15:30:00;157348,59;157469,11;157301,72;157368,67;7765058233,00;246701
WINFUT;21/09/2023;15:20:00;157475,80;157529,36;157341,89;157341,89;6104190925,00;193843
WINFUT;21/09/2023;15:10:00;157629,79;157730,23;157395,46;157469,11;1,268730541E10;402660
WINFUT;21/09/2023;15:00:00;157616,40;157676,66;157509,28;157623,10;7775928340,00;246706
WINFUT;21/09/2023;14:50:00;157790,48;157837,35;157596,32;157609,71;7724465161,00;244887
WINFUT;21/09/2023;14:40:00;157562,84;157823,96;157556,15;157783,79;7483063133,00;237256
WINFUT;21/09/2023;14:30:00;157643,19;157669,97;157529,36;157562,84;7049333405,00;223646
WINFUT;21/09/2023;14:20:00;157730,23;157790,48;157623,10;157643,19;6864585234,00;217635
WINFUT;21/09/2023;14:10:00;157569,54;157763,70;157509,28;157736,92;7792083642,00;247131
WINFUT;21/09/2023;14:00:00;157428,93;157603,01;157355,28;157562,84;6597435132,00;209475
WINFUT;21/09/2023;13:50:00;157649,88;157663,27;157408,85;157428,93;7697888395,00;244350
WINFUT;21/09/2023;13:40:00;157428,93;157690,05;157415,54;157649,88;7669527318,00;243395
WINFUT;21/09/2023;13:30:00;157368,67;157502,58;157301,72;157428,93;7106054482,00;225714
WINFUT;21/09/2023;13:20:00;157542,75;157596,32;157308,42;157368,67;8166521607,00;259369
WINFUT;21/09/2023;13:10:00;157489,19;157629,79;157408,85;157542,75;8416434567,00;267150
WINFUT;21/09/2023;13:00:00;157382,07;157502,58;157261,55;157489,19;7089361127,00;225246
WINFUT;21/09/2023;12:50:00;157348,59;157435,63;157281,63;157382,07;4788875935,00;152169
WINFUT;21/09/2023;12:40:00;157455,71;157469,11;157274,94;157348,59;6126974496,00;194691
WINFUT;21/09/2023;12:30:00;157355,28;157495,89;157315,11;157462,41;6700362857,00;212812
WINFUT;21/09/2023;12:20:00;157455,71;157536,06;157308,42;157355,28;8432410028,00;267880
WINFUT;21/09/2023;12:10:00;157515,97;157797,18;157442,32;157455,71;1,234651298E10;391684
WINFUT;21/09/2023;12:00:00;157321,81;157743,62;157315,11;157515,97;1,394168049E10;442467
WINFUT;21/09/2023;11:50:00;157301,72;157335,20;157161,12;157321,81;9121475132,00;290028
WINFUT;21/09/2023;11:40:00;157536,06;157696,75;157261,55;157301,72;1,534364047E10;487220
WINFUT;21/09/2023;11:30:00;157475,80;157576,23;157341,89;157542,75;9235727545,00;293298
WINFUT;21/09/2023;11:20:00;157355,28;157549,45;157295,02;157475,80;1,42815702E10;453542
WINFUT;21/09/2023;11:10:00;157127,64;157375,37;157027,21;157348,59;1,210925228E10;385152
WINFUT;21/09/2023;11:00:00;156786,17;157154,42;156732,61;157127,64;1,722895327E10;548982
WINFUT;21/09/2023;10:50:00;157308,42;157375,37;156759,39;156792,87;1,931924104E10;614983
WINFUT;21/09/2023;10:40:00;157221,38;157509,28;157167,81;157308,42;1,863655379E10;592284
WINFUT;21/09/2023;10:30:00;157582,93;157676,66;157167,81;157214,68;2,071333579E10;657574
WINFUT;21/09/2023;10:20:00;157261,55;157609,71;156987,04;157582,93;1,950466083E10;620033
WINFUT;21/09/2023;10:10:00;157890,92;157904,31;157013,82;157261,55;2,911127394E10;924546
WINFUT;21/09/2023;10:00:00;157897,61;157951,17;157777,09;157890,92;1,128582165E10;357436
WINFUT;21/09/2023;09:50:00;157931,09;157937,78;157676,66;157897,61;1,014355111E10;321429
WINFUT;21/09/2023;09:40:00;157763,70;157971,26;157750,31;157924,39;9185965304,00;290906
WINFUT;21/09/2023;09:30:00;157917,70;157931,09;157656,58;157763,70;1,342448283E10;425381
WINFUT;21/09/2023;09:20:00;157904,31;158018,13;157790,48;157911,00;1,167321082E10;369625
WINFUT;21/09/2023;09:10:00;158279,25;158279,25;157844,05;157904,31;1,518559866E10;480405
WINFUT;21/09/2023;09:00:00;158948,79;158968,87;158212,29;158272,55;1,78867667E10;564190
WINFUT;20/09/2023;17:50:00;160073,62;160160,66;160053,53;160060,22;1197303769,00;37395
WINFUT;20/09/2023;17:40:00;160026,75;160100,40;159959,79;160073,62;2738545116,00;85572
WINFUT;20/09/2023;17:30:00;159979,88;160153,96;159946,40;160033,44;4558363143,00;142401
WINFUT;20/09/2023;17:20:00;160033,44;160093,70;159933,01;159979,88;4103511228,00;128232
WINFUT;20/09/2023;17:10:00;160127,18;160274,48;159973,18;160033,44;8294302474,00;258994
WINFUT;20/09/2023;17:00:00;160448,56;160448,56;160100,40;160133,87;1,06463506E10;332223
WINFUT;20/09/2023;16:50:00;160455,25;160508,82;160328,04;160448,56;7994482027,00;249177
WINFUT;20/09/2023;16:40:00;160528,90;160528,90;160328,04;160455,25;1,03764587E10;323403
WINFUT;20/09/2023;16:30:00;160984,19;161004,28;160448,56;160522,21;1,706414849E10;531124
WINFUT;20/09/2023;16:20:00;160716,37;161024,36;160702,98;160990,89;1,077353789E10;334820
WINFUT;20/09/2023;16:10:00;161064,53;161104,71;160689,59;160723,07;1,328494238E10;412946
WINFUT;20/09/2023;16:00:00;161024,36;161111,40;160970,80;161064,53;6465854783,00;200741
WINFUT;20/09/2023;15:50:00;161111,40;161171,66;160897,15;161024,36;1,361968704E10;422880
WINFUT;20/09/2023;15:40:00;161439,48;161472,95;161071,23;161111,40;1,329918163E10;412339
WINFUT;20/09/2023;15:30:00;161118,10;161626,95;161031,06;161432,78;2,242741187E10;694712
WINFUT;20/09/2023;15:20:00;160997,58;161225,22;160930,63;161118,10;1,029309151E10;319459
WINFUT;20/09/2023;15:10:00;160910,54;161118,10;160830,20;160997,58;1,128852129E10;350587
WINFUT;20/09/2023;15:00:00;161118,10;161325,66;160689,59;160903,85;2,389419683E10;742413
WINFUT;20/09/2023;14:50:00;161004,28;161292,18;160923,93;161118,10;1,393495588E10;432446
WINFUT;20/09/2023;14:40:00;160850,28;161031,06;160763,24;161004,28;8914570394,00;277000
WINFUT;20/09/2023;14:30:00;160930,63;160957,41;160803,41;160850,28;7678801944,00;238669
WINFUT;20/09/2023;14:20:00;161051,14;161071,23;160923,93;160930,63;6463456200,00;200737
WINFUT;20/09/2023;14:10:00;161258,70;161298,87;161044,45;161051,14;6822334116,00;211676
WINFUT;20/09/2023;14:00:00;161238,62;161352,44;161191,75;161258,70;7569030550,00;234655
WINFUT;20/09/2023;13:50:00;161211,83;161292,18;161144,88;161231,92;5698162115,00;176727
WINFUT;20/09/2023;13:40:00;161071,23;161305,57;161044,45;161205,14;9399064790,00;291577
WINFUT;20/09/2023;13:30:00;161077,93;161118,10;160997,58;161077,93;3955286981,00;122795
WINFUT;20/09/2023;13:20:00;160997,58;161104,71;160957,41;161077,93;5140478958,00;159615
WINFUT;20/09/2023;13:10:00;160990,89;161037,75;160923,93;160997,58;3603421274,00;111914
WINFUT;20/09/2023;13:00:00;160957,41;161037,75;160930,63;160984,19;3351311131,00;104082
WINFUT;20/09/2023;12:50:00;160910,54;161044,45;160856,98;160950,71;6799033802,00;211203
WINFUT;20/09/2023;12:40:00;160964,10;160990,89;160883,76;160917,24;5039806257,00;156583
WINFUT;20/09/2023;12:30:00;160984,19;161151,58;160950,71;160964,10;7115048415,00;220917
WINFUT;20/09/2023;12:20:00;161084,62;161084,62;160930,63;160984,19;7832081589,00;243228
WINFUT;20/09/2023;12:10:00;161091,32;161245,31;161017,67;161077,93;1,200981857E10;372696
WINFUT;20/09/2023;12:00:00;160930,63;161138,18;160877,06;161091,32;1,210998488E10;376129
WINFUT;20/09/2023;11:50:00;160669,51;161057,84;160636,03;160930,63;1,47512498E10;458483
WINFUT;20/09/2023;11:40:00;160723,07;160816,81;160649,42;160669,51;7452948737,00;231859
WINFUT;20/09/2023;11:30:00;160830,20;160856,98;160636,03;160716,37;1,102308094E10;342894
WINFUT;20/09/2023;11:20:00;160508,82;160836,89;160475,34;160830,20;1,561085022E10;485751
WINFUT;20/09/2023;11:10:00;160609,25;160656,12;160374,91;160508,82;1,366244978E10;425601
WINFUT;20/09/2023;11:00:00;160428,47;160662,81;160428,47;160602,55;1,52970723E10;476362
WINFUT;20/09/2023;10:50:00;160227,61;160522,21;160220,91;160428,47;1,354830554E10;422327
WINFUT;20/09/2023;10:40:00;160194,13;160408,39;160100,40;160227,61;1,712414156E10;534248
WINFUT;20/09/2023;10:30:00;159611,63;160247,70;159551,37;160200,83;2,491657621E10;778927
WINFUT;20/09/2023;10:20:00;159705,37;159812,50;159558,07;159611,63;9471728301,00;296553
WINFUT;20/09/2023;10:10:00;159812,50;159819,19;159598,24;159712,06;1,209476239E10;378677
WINFUT;20/09/2023;10:00:00;159484,42;159825,89;159471,03;159819,19;1,779981411E10;557396
WINFUT;20/09/2023;09:50:00;159404,08;159517,90;159377,29;159484,42;5881169899,00;184433
WINFUT;20/09/2023;09:40:00;159437,55;159471,03;159310,34;159410,77;9651689774,00;302768
WINFUT;20/09/2023;09:30:00;159638,41;159645,11;159404,08;159437,55;8556886113,00;268222
WINFUT;20/09/2023;09:20:00;159718,76;159745,54;159584,85;159638,41;6121416250,00;191704
WINFUT;20/09/2023;09:10:00;159578,16;159738,85;159558,07;159718,76;7482198263,00;234325
WINFUT;20/09/2023;09:00:00;159397,38;159705,37;159377,29;159584,85;1,016655876E10;318587
WINFUT;19/09/2023;17:50:00;159196,52;159270,17;159149,65;159149,65;1227398078,00;38549
WINFUT;19/09/2023;17:40:00;159089,39;159230,00;159089,39;159189,82;3061102500,00;96166
WINFUT;19/09/2023;17:30:00;158935,40;159116,17;158875,14;159096,09;4223252952,00;132806
WINFUT;19/09/2023;17:20:00;158982,27;159009,05;158908,62;158935,40;3431620364,00;107945
WINFUT;19/09/2023;17:10:00;159109,48;159136,26;158982,27;158982,27;3063609281,00;96302
WINFUT;19/09/2023;17:00:00;159116,17;159149,65;159049,22;159109,48;3156258642,00;99191
WINFUT;19/09/2023;16:50:00;159156,35;159216,60;159035,83;159116,17;8158424842,00;256365
WINFUT;19/09/2023;16:40:00;159022,44;159183,13;158962,18;159149,65;7664936957,00;240911
WINFUT;19/09/2023;16:30:00;158968,87;159096,09;158908,62;159022,44;8666925508,00;272537
WINFUT;19/09/2023;16:20:00;158922,01;158968,87;158841,66;158968,87;6345549898,00;199659
WINFUT;19/09/2023;16:10:00;159136,26;159203,21;158841,66;158928,70;1,256993425E10;395222
WINFUT;19/09/2023;16:00:00;159323,73;159370,60;159116,17;159129,56;1,301117951E10;408543
WINFUT;19/09/2023;15:50:00;159524,59;159524,59;159296,95;159323,73;8627388506,00;270611
WINFUT;19/09/2023;15:40:00;159651,81;159678,59;159450,94;159531,29;9365924996,00;293506
WINFUT;19/09/2023;15:30:00;159611,63;159718,76;159551,37;159651,81;8664575411,00;271387
WINFUT;19/09/2023;15:20:00;159758,93;159845,97;159598,24;159611,63;1,012560673E10;316965
WINFUT;19/09/2023;15:10:00;159999,97;160026,75;159705,37;159758,93;1,13294287E10;354344
WINFUT;19/09/2023;15:00:00;159946,40;160087,01;159845,97;159993,27;9927513590,00;310283
WINFUT;19/09/2023;14:50:00;159986,58;160073,62;159832,58;159939,71;1,256293841E10;392691
WINFUT;19/09/2023;14:40:00;159718,76;160013,36;159685,28;159979,88;1,316992821E10;411918
WINFUT;19/09/2023;14:30:00;159658,50;159799,10;159625,02;159712,06;9295079081,00;291017
WINFUT;19/09/2023;14:20:00;159457,64;159665,20;159444,25;159651,81;7067336143,00;221438
WINFUT;19/09/2023;14:10:00;159377,29;159497,81;159350,51;159457,64;5869506498,00;184086
WINFUT;19/09/2023;14:00:00;159564,77;159604,94;159323,73;159377,29;9680319832,00;303602
WINFUT;19/09/2023;13:50:00;159337,12;159591,55;159290,25;159571,46;8254370251,00;258845
WINFUT;19/09/2023;13:40:00;159437,55;159558,07;159323,73;159343,82;8263999029,00;259129
WINFUT;19/09/2023;13:30:00;159571,46;159584,85;159290,25;159430,86;1,092589723E10;342647
WINFUT;19/09/2023;13:20:00;159511,20;159625,02;159430,86;159571,46;7126374418,00;223339
WINFUT;19/09/2023;13:10:00;159343,82;159517,90;159303,64;159504,51;5386216668,00;168921
WINFUT;19/09/2023;13:00:00;159330,43;159424,16;159290,25;159350,51;5251850481,00;164784
WINFUT;19/09/2023;12:50:00;159337,12;159477,73;159250,08;159330,43;8489446239,00;266376
WINFUT;19/09/2023;12:40:00;159537,98;159544,68;159263,47;159337,12;1,001008071E10;314039
WINFUT;19/09/2023;12:30:00;159464,33;159651,81;159383,99;159537,98;8873024773,00;278124
WINFUT;19/09/2023;12:20:00;159497,81;159558,07;159410,77;159464,33;6891803289,00;216064
WINFUT;19/09/2023;12:10:00;159497,81;159638,41;159477,73;159497,81;7415877245,00;232399
WINFUT;19/09/2023;12:00:00;159578,16;159631,72;159397,38;159497,81;1,093389479E10;342747
WINFUT;19/09/2023;11:50:00;159799,10;159825,89;159544,68;159571,46;8871616274,00;277764
WINFUT;19/09/2023;11:40:00;159665,20;159866,06;159625,02;159805,80;1,194273936E10;373785
WINFUT;19/09/2023;11:30:00;159604,94;159845,97;159558,07;159658,50;1,249401677E10;391169
WINFUT;19/09/2023;11:20:00;159484,42;159604,94;159424,16;159604,94;7191503356,00;225422
WINFUT;19/09/2023;11:10:00;159430,86;159524,59;159243,39;159491,12;1,469252331E10;460966
WINFUT;19/09/2023;11:00:00;159450,94;159598,24;159383,99;159437,55;9994358621,00;313318
WINFUT;19/09/2023;10:50:00;159625,02;159792,41;159424,16;159450,94;1,501821031E10;470476
WINFUT;19/09/2023;10:40:00;159504,51;159671,89;159283,56;159631,72;1,947994302E10;610769
WINFUT;19/09/2023;10:30:00;159852,67;159926,32;159397,38;159504,51;1,963500103E10;614988
WINFUT;19/09/2023;10:20:00;159424,16;160006,66;159383,99;159852,67;1,88400294E10;589716
WINFUT;19/09/2023;10:10:00;159906,23;159912,93;159410,77;159430,86;2,486701342E10;778897
WINFUT;19/09/2023;10:00:00;159772,32;159912,93;159598,24;159906,23;1,814651554E10;567931
WINFUT;19/09/2023;09:50:00;159986,58;160066,92;159758,93;159772,32;1,029782742E10;321973
WINFUT;19/09/2023;09:40:00;159953,10;160100,40;159912,93;159986,58;9852899148,00;307879
WINFUT;19/09/2023;09:30:00;159805,80;160060,22;159765,63;159959,79;1,394905027E10;436137
WINFUT;19/09/2023;09:20:00;159946,40;159959,79;159725,45;159805,80;9685726888,00;302948
WINFUT;19/09/2023;09:10:00;160066,92;160093,70;159912,93;159946,40;6493060006,00;202932
WINFUT;19/09/2023;09:00:00;160261,09;160307,95;159866,06;160073,62;1,362437403E10;425532
WINFUT;18/09/2023;17:50:00;160026,75;160140,57;160013,36;160140,57;1354950896,00;42322
WINFUT;18/09/2023;17:40:00;159979,88;160033,44;159946,40;160033,44;2331382829,00;72858
WINFUT;18/09/2023;17:30:00;159892,84;160013,36;159886,14;159979,88;3023892672,00;94516
WINFUT;18/09/2023;17:20:00;159939,71;159946,40;159839,28;159892,84;3136646390,00;98090
WINFUT;18/09/2023;17:10:00;159799,10;159953,10;159772,32;159939,71;3632673810,00;113604
WINFUT;18/09/2023;17:00:00;159933,01;160040,14;159765,63;159792,41;6855910128,00;214368
WINFUT;18/09/2023;16:50:00;159939,71;159979,88;159899,54;159926,32;4267674872,00;133418
WINFUT;18/09/2023;16:40:00;159852,67;159966,49;159832,58;159939,71;5963484559,00;186464
WINFUT;18/09/2023;16:30:00;159691,98;159899,54;159685,28;159859,36;7359729941,00;230244
WINFUT;18/09/2023;16:20:00;159758,93;159758,93;159564,77;159691,98;9937433788,00;311234
WINFUT;18/09/2023;16:10:00;160006,66;160087,01;159725,45;159758,93;1,031568581E10;322547
WINFUT;18/09/2023;16:00:00;160093,70;160093,70;159899,54;160006,66;1,144007725E10;357518
WINFUT;18/09/2023;15:50:00;160401,69;160415,08;160033,44;160087,01;1,060153035E10;330876
WINFUT;18/09/2023;15:40:00;160475,34;160482,04;160381,60;160401,69;3696191655,00;115198
WINFUT;18/09/2023;15:30:00;160441,86;160522,21;160301,26;160475,34;7233684544,00;225474
WINFUT;18/09/2023;15:20:00;160421,78;160535,60;160361,52;160448,56;6938813172,00;216236
WINFUT;18/09/2023;15:10:00;160542,29;160615,94;160394,99;160421,78;6793941770,00;211607
WINFUT;18/09/2023;15:00:00;160689,59;160709,68;160528,90;160535,60;5637271239,00;175483
WINFUT;18/09/2023;14:50:00;160743,16;160816,81;160662,81;160682,90;4540008311,00;141232
WINFUT;18/09/2023;14:40:00;160803,41;160810,11;160689,59;160736,46;4126808968,00;128375
WINFUT;18/09/2023;14:30:00;160702,98;160810,11;160669,51;160796,72;4441124968,00;138138
WINFUT;18/09/2023;14:20:00;160528,90;160783,33;160515,51;160702,98;7390555496,00;229958
WINFUT;18/09/2023;14:10:00;160615,94;160649,42;160508,82;160522,21;5335530806,00;166151
WINFUT;18/09/2023;14:00:00;160622,64;160709,68;160589,16;160615,94;5158612144,00;160549
WINFUT;18/09/2023;13:50:00;160662,81;160749,85;160569,08;160622,64;5814546752,00;180961
WINFUT;18/09/2023;13:40:00;160609,25;160729,76;160582,47;160662,81;5106224106,00;158911
WINFUT;18/09/2023;13:30:00;160461,95;160736,46;160441,86;160609,25;1,064887057E10;331487
WINFUT;18/09/2023;13:20:00;160709,68;160743,16;160421,78;160461,95;9807523511,00;305423
WINFUT;18/09/2023;13:10:00;160917,24;160923,93;160689,59;160709,68;7446066589,00;231508
WINFUT;18/09/2023;13:00:00;161010,97;161044,45;160897,15;160917,24;5376993800,00;167014
WINFUT;18/09/2023;12:50:00;161171,66;161225,22;160984,19;161010,97;5226554535,00;162234
WINFUT;18/09/2023;12:40:00;161091,32;161185,05;161010,97;161171,66;6140657625,00;190576
WINFUT;18/09/2023;12:30:00;161258,70;161339,05;161091,32;161091,32;8000104264,00;248093
WINFUT;18/09/2023;12:20:00;161091,32;161292,18;161057,84;161258,70;7304502033,00;226611
WINFUT;18/09/2023;12:10:00;161084,62;161138,18;160950,71;161084,62;6694930884,00;207876
WINFUT;18/09/2023;12:00:00;161138,18;161164,97;160984,19;161084,62;7120849646,00;221039
WINFUT;18/09/2023;11:50:00;161218,53;161406,00;161111,40;161144,88;1,013615255E10;314281
WINFUT;18/09/2023;11:40:00;161057,84;161359,13;160917,24;161225,22;1,431446672E10;444121
WINFUT;18/09/2023;11:30:00;161010,97;161218,53;160990,89;161057,84;1,219078643E10;378355
WINFUT;18/09/2023;11:20:00;160917,24;161124,79;160823,50;161017,67;1,214069361E10;377077
WINFUT;18/09/2023;11:10:00;160294,56;161010,97;160267,78;160910,54;2,147971641E10;668405
WINFUT;18/09/2023;11:00:00;160167,35;160301,26;159979,88;160294,56;1,686230902E10;526426
WINFUT;18/09/2023;10:50:00;160287,87;160294,56;159926,32;160167,35;1,971633204E10;615803
WINFUT;18/09/2023;10:40:00;160803,41;160883,76;160160,66;160287,87;2,503617297E10;780209
WINFUT;18/09/2023;10:30:00;161345,74;161399,30;160756,55;160796,72;2,06839681E10;642201
WINFUT;18/09/2023;10:20:00;161118,10;161472,95;161031,06;161345,74;1,698807173E10;526635
WINFUT;18/09/2023;10:10:00;160803,41;161158,27;160615,94;161124,79;2,103282832E10;653735
WINFUT;18/09/2023;10:00:00;160970,80;160984,19;160769,94;160803,41;1,083987014E10;336918
WINFUT;18/09/2023;09:50:00;160930,63;160977,49;160890,45;160970,80;3982493354,00;123727
WINFUT;18/09/2023;09:40:00;160944,02;161010,97;160883,76;160930,63;5572652150,00;173121
WINFUT;18/09/2023;09:30:00;160783,33;160977,49;160783,33;160950,71;8273296468,00;257109
WINFUT;18/09/2023;09:20:00;160729,76;160850,28;160662,81;160783,33;8193663759,00;254850
WINFUT;18/09/2023;09:10:00;160548,99;160749,85;160495,43;160723,07;7071108435,00;220081
WINFUT;18/09/2023;09:00:00;160354,82;160743,16;160321,35;160548,99;1,159183944E10;360917
WINFUT;15/09/2023;17:50:00;160709,68;160790,02;160656,12;160669,51;1155095421,00;35939
WINFUT;15/09/2023;17:40:00;160495,43;160729,76;160475,34;160716,37;3479736378,00;108327
WINFUT;15/09/2023;17:30:00;160441,86;160555,68;160394,99;160495,43;2280988612,00;71065
WINFUT;15/09/2023;17:20:00;160448,56;160522,21;160374,91;160441,86;4013878224,00;125086
WINFUT;15/09/2023;17:10:00;160662,81;160682,90;160421,78;160441,86;4866752501,00;151572
WINFUT;15/09/2023;17:00:00;160569,08;160749,85;160562,38;160662,81;5546977664,00;172630
WINFUT;15/09/2023;16:50:00;160502,12;160636,03;160428,47;160562,38;5771542440,00;179745
WINFUT;15/09/2023;16:40:00;160508,82;160555,68;160361,52;160502,12;8995369556,00;280281
WINFUT;15/09/2023;16:30:00;160736,46;160763,24;160488,73;160502,12;8745136974,00;272287
WINFUT;15/09/2023;16:20:00;160790,02;160796,72;160622,64;160736,46;6834501820,00;212622
WINFUT;15/09/2023;16:10:00;160656,12;160836,89;160615,94;160790,02;6510147952,00;202493
WINFUT;15/09/2023;16:00:00;160937,32;160950,71;160589,16;160656,12;8613460660,00;267940
WINFUT;15/09/2023;15:50:00;160977,49;161004,28;160836,89;160937,32;6422372762,00;199556
WINFUT;15/09/2023;15:40:00;160850,28;161031,06;160823,50;160977,49;7222427987,00;224403
WINFUT;15/09/2023;15:30:00;160816,81;160850,28;160689,59;160843,59;5821122055,00;181040
WINFUT;15/09/2023;15:20:00;160769,94;160863,67;160689,59;160810,11;6433108735,00;200043
WINFUT;15/09/2023;15:10:00;160790,02;160796,72;160636,03;160769,94;6781999173,00;211004
WINFUT;15/09/2023;15:00:00;161017,67;161024,36;160716,37;160790,02;8151396379,00;253354
WINFUT;15/09/2023;14:50:00;161017,67;161131,49;160990,89;161017,67;7158379108,00;222232
WINFUT;15/09/2023;14:40:00;160823,50;161031,06;160810,11;161017,67;6334765170,00;196829
WINFUT;15/09/2023;14:30:00;160636,03;160850,28;160522,21;160823,50;8015990571,00;249429
WINFUT;15/09/2023;14:20:00;160769,94;160790,02;160522,21;160636,03;8561016369,00;266433
WINFUT;15/09/2023;14:10:00;160769,94;160850,28;160716,37;160769,94;4662859341,00;145000
WINFUT;15/09/2023;14:00:00;160957,41;160964,10;160696,29;160769,94;8174887319,00;254193
WINFUT;15/09/2023;13:50:00;161057,84;161064,53;160910,54;160957,41;4482711975,00;139224
WINFUT;15/09/2023;13:40:00;161118,10;161158,27;161017,67;161051,14;4298240614,00;133418
WINFUT;15/09/2023;13:30:00;160923,93;161124,79;160863,67;161111,40;5822086066,00;180811
WINFUT;15/09/2023;13:20:00;160977,49;161024,36;160917,24;160917,24;3197728450,00;99330
WINFUT;15/09/2023;13:10:00;161144,88;161178,36;160910,54;160977,49;6703020758,00;208109
WINFUT;15/09/2023;13:00:00;160970,80;161225,22;160957,41;161144,88;5817676750,00;180529
WINFUT;15/09/2023;12:50:00;161077,93;161131,49;160910,54;160964,10;6678698147,00;207375
WINFUT;15/09/2023;12:40:00;160903,85;161084,62;160836,89;161077,93;5502253181,00;170931
WINFUT;15/09/2023;12:30:00;161131,49;161158,27;160823,50;160903,85;8694730469,00;270093
WINFUT;15/09/2023;12:20:00;161191,75;161292,18;161098,01;161138,18;6509670388,00;201919
WINFUT;15/09/2023;12:10:00;161225,22;161345,74;161057,84;161191,75;8003676692,00;248240
WINFUT;15/09/2023;12:00:00;161272,09;161318,96;161111,40;161225,22;7270176376,00;225471
WINFUT;15/09/2023;11:50:00;161392,61;161392,61;161131,49;161278,79;1,075574742E10;333511
WINFUT;15/09/2023;11:40:00;161546,60;161606,86;161332,35;161392,61;1,059366899E10;328066
WINFUT;15/09/2023;11:30:00;161392,61;161553,30;161272,09;161539,91;1,130679564E10;350214
WINFUT;15/09/2023;11:20:00;161258,70;161466,26;161198,44;161385,91;9747609623,00;302058
WINFUT;15/09/2023;11:10:00;161339,05;161372,52;160990,89;161252,01;1,497775431E10;464569
WINFUT;15/09/2023;11:00:00;161004,28;161613,56;160984,19;161339,05;2,492649031E10;772211
WINFUT;15/09/2023;10:50:00;161158,27;161185,05;160836,89;161004,28;1,61433231E10;501306
WINFUT;15/09/2023;10:40:00;161580,08;161640,34;161144,88;161158,27;1,792174556E10;555342
WINFUT;15/09/2023;10:30:00;161486,35;161613,56;161238,62;161580,08;1,89307301E10;586415
WINFUT;15/09/2023;10:20:00;161479,65;161647,03;161399,30;161493,04;1,303226613E10;403384
WINFUT;15/09/2023;10:10:00;161821,12;161867,98;161399,30;161472,95;1,705862747E10;527713
WINFUT;15/09/2023;10:00:00;161720,68;161914,85;161600,17;161827,81;1,346634518E10;416243
WINFUT;15/09/2023;09:50:00;161707,29;161774,25;161600,17;161713,99;7084481118,00;219087
WINFUT;15/09/2023;09:40:00;161600,17;161787,64;161580,08;161707,29;7147706213,00;221022
WINFUT;15/09/2023;09:30:00;161707,29;161713,99;161539,91;161606,86;7952515468,00;246021
WINFUT;15/09/2023;09:20:00;161801,03;161801,03;161526,52;161713,99;8327401734,00;257582
WINFUT;15/09/2023;09:10:00;161955,02;161975,11;161626,95;161801,03;9382021829,00;289945
WINFUT;15/09/2023;09:00:00;161693,90;162001,89;161559,99;161961,72;1,338088156E10;413565
WINFUT;14/09/2023;17:50:00;161339,05;161359,13;161198,44;161198,44;1051096587,00;32586
WINFUT;14/09/2023;17:40:00;161318,96;161359,13;161211,83;161352,44;3777021759,00;117095
WINFUT;14/09/2023;17:30:00;161392,61;161432,78;161285,48;161318,96;3152574703,00;97696
WINFUT;14/09/2023;17:20:00;161412,70;161419,39;161359,13;161385,91;2244494506,00;69539
WINFUT;14/09/2023;17:10:00;161472,95;161499,74;161372,52;161412,70;2714367485,00;84069
WINFUT;14/09/2023;17:00:00;161493,04;161513,13;161339,05;161472,95;5869429681,00;181795
WINFUT;14/09/2023;16:50:00;161660,43;161673,82;161419,39;161499,74;8088823468,00;250383
WINFUT;14/09/2023;16:40:00;161660,43;161693,90;161580,08;161660,43;5761962242,00;178239
WINFUT;14/09/2023;16:30:00;161613,56;161727,38;161466,26;161660,43;9618763798,00;297624
WINFUT;14/09/2023;16:20:00;161841,20;161847,90;161533,21;161606,86;8021594163,00;248041
WINFUT;14/09/2023;16:10:00;161901,46;161955,02;161767,55;161841,20;8444537649,00;260846
WINFUT;14/09/2023;16:00:00;161653,73;161955,02;161633,64;161901,46;8743500592,00;270167
WINFUT;14/09/2023;15:50:00;161734,07;161774,25;161606,86;161647,03;5672490921,00;175410
WINFUT;14/09/2023;15:40:00;161653,73;161807,72;161600,17;161734,07;8763073943,00;270973
WINFUT;14/09/2023;15:30:00;161533,21;161693,90;161486,35;161653,73;1,183460017E10;366212
WINFUT;14/09/2023;15:20:00;161807,72;161867,98;161452,87;161526,52;1,000121664E10;309316
WINFUT;14/09/2023;15:10:00;161807,72;161894,76;161767,55;161807,72;6479591759,00;200197
WINFUT;14/09/2023;15:00:00;161760,86;161867,98;161687,21;161801,03;7979544887,00;246638
WINFUT;14/09/2023;14:50:00;161707,29;161934,94;161673,82;161760,86;1,000486199E10;309127
WINFUT;14/09/2023;14:40:00;161687,21;161814,42;161606,86;161713,99;8543690924,00;264178
WINFUT;14/09/2023;14:30:00;161573,39;161747,47;161553,30;161680,51;6447760876,00;199428
WINFUT;14/09/2023;14:20:00;161613,56;161700,60;161466,26;161566,69;1,099182908E10;340146
WINFUT;14/09/2023;14:10:00;161392,61;161620,25;161379,22;161606,86;9810117248,00;303678
WINFUT;14/09/2023;14:00:00;161258,70;161419,39;161231,92;161385,91;6591667267,00;204287
WINFUT;14/09/2023;13:50:00;161231,92;161292,18;161151,58;161258,70;5134221912,00;159221
WINFUT;14/09/2023;13:40:00;161211,83;161245,31;161118,10;161225,22;4618619343,00;143274
WINFUT;14/09/2023;13:30:00;161118,10;161225,22;161031,06;161205,14;5680004726,00;176248
WINFUT;14/09/2023;13:20:00;161191,75;161211,83;161071,23;161118,10;4258788690,00;132144
WINFUT;14/09/2023;13:10:00;161104,71;161272,09;161098,01;161198,44;5463525147,00;169473
WINFUT;14/09/2023;13:00:00;161071,23;161218,53;161044,45;161098,01;6028118633,00;187039
WINFUT;14/09/2023;12:50:00;161017,67;161151,58;160964,10;161077,93;5907412180,00;183396
WINFUT;14/09/2023;12:40:00;161064,53;161091,32;160997,58;161024,36;4800278488,00;149039
WINFUT;14/09/2023;12:30:00;161225,22;161245,31;161031,06;161071,23;4863859638,00;150925
WINFUT;14/09/2023;12:20:00;161231,92;161231,92;161077,93;161225,22;5672029545,00;175978
WINFUT;14/09/2023;12:10:00;161205,14;161365,83;161164,97;161225,22;7856529429,00;243598
WINFUT;14/09/2023;12:00:00;161406,00;161426,09;161104,71;161211,83;1,091346502E10;338426
WINFUT;14/09/2023;11:50:00;161446,17;161566,69;161339,05;161399,30;1,119238724E10;346616
WINFUT;14/09/2023;11:40:00;161272,09;161513,13;161258,70;161446,17;1,279482226E10;396372
WINFUT;14/09/2023;11:30:00;161024,36;161318,96;160964,10;161278,79;1,413638067E10;438552
WINFUT;14/09/2023;11:20:00;160756,55;161044,45;160682,90;161031,06;1,275570858E10;396360
WINFUT;14/09/2023;11:10:00;160736,46;160843,59;160582,47;160749,85;1,319931392E10;410632
WINFUT;14/09/2023;11:00:00;161051,14;161124,79;160656,12;160729,76;1,550926271E10;482105
WINFUT;14/09/2023;10:50:00;160930,63;161071,23;160803,41;161051,14;1,258006902E10;390821
WINFUT;14/09/2023;10:40:00;161379,22;161486,35;160870,37;160930,63;1,825440255E10;566161
WINFUT;14/09/2023;10:30:00;160749,85;161459,56;160696,29;161385,91;2,293509052E10;711665
WINFUT;14/09/2023;10:20:00;160923,93;161057,84;160743,16;160743,16;1,178335188E10;366160
WINFUT;14/09/2023;10:10:00;161191,75;161325,66;160883,76;160930,63;1,535082346E10;476501
WINFUT;14/09/2023;10:00:00;161104,71;161352,44;160830,20;161191,75;2,232340545E10;692882
WINFUT;14/09/2023;09:50:00;161158,27;161385,91;161010,97;161104,71;1,351722022E10;419278
WINFUT;14/09/2023;09:40:00;160917,24;161211,83;160843,59;161164,97;1,158463026E10;359587
WINFUT;14/09/2023;09:30:00;161017,67;161057,84;160709,68;160923,93;1,39139067E10;432491
WINFUT;14/09/2023;09:20:00;160883,76;161104,71;160796,72;161017,67;9246569310,00;287249
WINFUT;14/09/2023;09:10:00;160856,98;161024,36;160756,55;160883,76;8435474629,00;262182
WINFUT;14/09/2023;09:00:00;160823,50;161198,44;160716,37;160850,28;1,422453605E10;441848
WINFUT;13/09/2023;17:50:00;159919,62;160013,36;159832,58;160013,36;1351517242,00;42260
WINFUT;13/09/2023;17:40:00;160026,75;160033,44;159899,54;159926,32;2642167763,00;82575
WINFUT;13/09/2023;17:30:00;160006,66;160046,83;159926,32;160033,44;2620341734,00;81898
WINFUT;13/09/2023;17:20:00;159993,27;160053,53;159973,18;160013,36;2535066029,00;79215
WINFUT;13/09/2023;17:10:00;159999,97;160066,92;159953,10;159993,27;3329663901,00;104048
WINFUT;13/09/2023;17:00:00;160113,79;160127,18;159926,32;159999,97;5331830944,00;166603
WINFUT;13/09/2023;16:50:00;159959,79;160120,48;159879,45;160113,79;6512419517,00;203510
WINFUT;13/09/2023;16:40:00;160066,92;160133,87;159926,32;159959,79;7299899461,00;228099
WINFUT;13/09/2023;16:30:00;160247,70;160274,48;160046,83;160080,31;6908953980,00;215712
WINFUT;13/09/2023;16:20:00;160147,27;160247,70;160020,05;160247,70;7205046585,00;224965
WINFUT;13/09/2023;16:10:00;160167,35;160234,31;160100,40;160153,96;6274696053,00;195873
WINFUT;13/09/2023;16:00:00;160341,43;160394,99;160113,79;160167,35;8174661079,00;255028
WINFUT;13/09/2023;15:50:00;160495,43;160502,12;160080,31;160348,13;1,43455062E10;447567
WINFUT;13/09/2023;15:40:00;160562,38;160575,77;160421,78;160495,43;6692923084,00;208504
WINFUT;13/09/2023;15:30:00;160716,37;160723,07;160502,12;160562,38;7749317748,00;241276
WINFUT;13/09/2023;15:20:00;160615,94;160729,76;160502,12;160716,37;8312662866,00;258791
WINFUT;13/09/2023;15:10:00;160669,51;160877,06;160575,77;160615,94;9515230836,00;296025
WINFUT;13/09/2023;15:00:00;160964,10;161004,28;160602,55;160669,51;1,067201142E10;331884
WINFUT;13/09/2023;14:50:00;161051,14;161071,23;160917,24;160964,10;6218518727,00;193117
WINFUT;13/09/2023;14:40:00;161151,58;161198,44;161031,06;161044,45;4574426357,00;141961
WINFUT;13/09/2023;14:30:00;161091,32;161218,53;160990,89;161158,27;6976251516,00;216494
WINFUT;13/09/2023;14:20:00;161185,05;161225,22;161071,23;161091,32;5109687516,00;158540
WINFUT;13/09/2023;14:10:00;161124,79;161245,31;161098,01;161185,05;6896796199,00;213957
WINFUT;13/09/2023;14:00:00;160964,10;161138,18;160964,10;161124,79;6758860739,00;209826
WINFUT;13/09/2023;13:50:00;160836,89;160977,49;160816,81;160957,41;4522670354,00;140533
WINFUT;13/09/2023;13:40:00;160944,02;160957,41;160763,24;160836,89;6815944670,00;211896
WINFUT;13/09/2023;13:30:00;161051,14;161124,79;160890,45;160944,02;6027133632,00;187189
WINFUT;13/09/2023;13:20:00;160910,54;161158,27;160897,15;161051,14;6615810844,00;205405
WINFUT;13/09/2023;13:10:00;160997,58;161024,36;160890,45;160910,54;3583650288,00;111330
WINFUT;13/09/2023;13:00:00;160997,58;161051,14;160950,71;160997,58;3143343492,00;97622
WINFUT;13/09/2023;12:50:00;161111,40;161111,40;160923,93;160990,89;6740282771,00;209327
WINFUT;13/09/2023;12:40:00;161144,88;161198,44;161084,62;161104,71;4432961726,00;137553
WINFUT;13/09/2023;12:30:00;161238,62;161245,31;161104,71;161144,88;5009719703,00;155421
WINFUT;13/09/2023;12:20:00;161265,40;161379,22;161178,36;161238,62;7564651311,00;234528
WINFUT;13/09/2023;12:10:00;161339,05;161566,69;161252,01;161258,70;1,257229183E10;389366
WINFUT;13/09/2023;12:00:00;161392,61;161432,78;161238,62;161345,74;7115605304,00;220531
WINFUT;13/09/2023;11:50:00;161164,97;161526,52;161138,18;161392,61;1,322450718E10;409722
WINFUT;13/09/2023;11:40:00;161077,93;161446,17;161031,06;161164,97;1,924944858E10;596876
WINFUT;13/09/2023;11:30:00;160562,38;161077,93;160515,51;161071,23;1,727947309E10;537272
WINFUT;13/09/2023;11:20:00;160361,52;160756,55;160314,65;160562,38;1,300393694E10;404922
WINFUT;13/09/2023;11:10:00;160548,99;160595,86;160287,87;160361,52;1,021904253E10;318443
WINFUT;13/09/2023;11:00:00;160863,67;160910,54;160435,17;160555,68;1,620920658E10;504377
WINFUT;13/09/2023;10:50:00;160696,29;160937,32;160569,08;160870,37;1,616506449E10;502836
WINFUT;13/09/2023;10:40:00;160535,60;160749,85;160307,95;160696,29;1,900511776E10;591909
WINFUT;13/09/2023;10:30:00;160026,75;160669,51;159973,18;160535,60;2,675616074E10;833950
WINFUT;13/09/2023;10:20:00;159450,94;160113,79;159437,55;160026,75;1,904446885E10;595710
WINFUT;13/09/2023;10:10:00;159410,77;159537,98;159169,74;159444,25;1,721792127E10;540189
WINFUT;13/09/2023;10:00:00;159799,10;159832,58;159350,51;159410,77;1,652065916E10;517522
WINFUT;13/09/2023;09:50:00;159685,28;159926,32;159685,28;159792,41;1,175641794E10;367810
WINFUT;13/09/2023;09:40:00;159611,63;159745,54;159437,55;159685,28;1,313574607E10;411556
WINFUT;13/09/2023;09:30:00;159377,29;159779,02;159029,13;159604,94;2,635998279E10;826628
WINFUT;13/09/2023;09:20:00;159457,64;159477,73;159303,64;159377,29;4643102460,00;145655
WINFUT;13/09/2023;09:10:00;159363,90;159484,42;159323,73;159464,33;5407964001,00;169628
WINFUT;13/09/2023;09:00:00;159290,25;159511,20;159196,52;159357,21;9207485491,00;288831
WINFUT;12/09/2023;17:50:00;159531,29;159551,37;159397,38;159397,38;1446502704,00;45352
WINFUT;12/09/2023;17:40:00;159598,24;159645,11;159524,59;159531,29;2845991874,00;89160
WINFUT;12/09/2023;17:30:00;159537,98;159645,11;159517,90;159604,94;3287422081,00;102999
WINFUT;12/09/2023;17:20:00;159511,20;159551,37;159464,33;159537,98;2960234238,00;92793
WINFUT;12/09/2023;17:10:00;159785,71;159792,41;159457,64;159511,20;7923814667,00;248247
WINFUT;12/09/2023;17:00:00;159584,85;159812,50;159571,46;159785,71;6678714172,00;209070
WINFUT;12/09/2023;16:50:00;159504,51;159705,37;159491,12;159591,55;7601596907,00;238166
WINFUT;12/09/2023;16:40:00;159511,20;159564,77;159437,55;159497,81;5121260078,00;160541
WINFUT;12/09/2023;16:30:00;159564,77;159591,55;159471,03;159511,20;5091574656,00;159577
WINFUT;12/09/2023;16:20:00;159558,07;159604,94;159457,64;159564,77;5581410157,00;174940
WINFUT;12/09/2023;16:10:00;159598,24;159665,20;159504,51;159564,77;5968827926,00;187004
WINFUT;12/09/2023;16:00:00;159517,90;159638,41;159471,03;159604,94;6399115344,00;200529
WINFUT;12/09/2023;15:50:00;159671,89;159678,59;159491,12;159511,20;6976664138,00;218617
WINFUT;12/09/2023;15:40:00;159698,67;159732,15;159584,85;159671,89;5834004216,00;182706
WINFUT;12/09/2023;15:30:00;159799,10;159906,23;159658,50;159691,98;9599781404,00;300426
WINFUT;12/09/2023;15:20:00;159805,80;159872,75;159752,24;159805,80;5836694181,00;182611
WINFUT;12/09/2023;15:10:00;159665,20;159832,58;159651,81;159812,50;8692320824,00;272061
WINFUT;12/09/2023;15:00:00;159678,59;159698,67;159504,51;159665,20;7288580840,00;228337
WINFUT;12/09/2023;14:50:00;159671,89;159725,45;159571,46;159685,28;7444627337,00;233161
WINFUT;12/09/2023;14:40:00;159866,06;159886,14;159618,33;159671,89;8158940827,00;255381
WINFUT;12/09/2023;14:30:00;159879,45;160006,66;159825,89;159872,75;9271805224,00;289873
WINFUT;12/09/2023;14:20:00;159638,41;159919,62;159638,41;159879,45;1,049195315E10;328266
WINFUT;12/09/2023;14:10:00;159638,41;159732,15;159591,55;159645,11;5439581759,00;170355
WINFUT;12/09/2023;14:00:00;159571,46;159678,59;159524,59;159638,41;6085512478,00;190625
WINFUT;12/09/2023;13:50:00;159524,59;159578,16;159430,86;159571,46;5263739186,00;165008
WINFUT;12/09/2023;13:40:00;159544,68;159598,24;159424,16;159524,59;7734220463,00;242438
WINFUT;12/09/2023;13:30:00;159651,81;159658,50;159491,12;159551,37;6601211563,00;206852
WINFUT;12/09/2023;13:20:00;159544,68;159745,54;159517,90;159651,81;7297603113,00;228546
WINFUT;12/09/2023;13:10:00;159517,90;159631,72;159497,81;159537,98;5145296844,00;161236
WINFUT;12/09/2023;13:00:00;159651,81;159685,28;159484,42;159517,90;7365521212,00;230779
WINFUT;12/09/2023;12:50:00;159832,58;159866,06;159551,37;159651,81;8393612069,00;262823
WINFUT;12/09/2023;12:40:00;159705,37;159866,06;159658,50;159832,58;5853537611,00;183174
WINFUT;12/09/2023;12:30:00;159879,45;159906,23;159645,11;159705,37;7041822519,00;220387
WINFUT;12/09/2023;12:20:00;159866,06;159912,93;159792,41;159879,45;4411674254,00;137988
WINFUT;12/09/2023;12:10:00;159953,10;159959,79;159785,71;159872,75;7397304804,00;231339
WINFUT;12/09/2023;12:00:00;159718,76;159966,49;159685,28;159946,40;1,191360062E10;372657
WINFUT;12/09/2023;11:50:00;159718,76;159819,19;159618,33;159725,45;6913254681,00;216421
WINFUT;12/09/2023;11:40:00;159618,33;159799,10;159604,94;159718,76;7848053118,00;245692
WINFUT;12/09/2023;11:30:00;159631,72;159832,58;159571,46;159618,33;1,078209403E10;337602
WINFUT;12/09/2023;11:20:00;159671,89;159745,54;159484,42;159631,72;1,287064807E10;403209
WINFUT;12/09/2023;11:10:00;159584,85;159879,45;159571,46;159665,20;1,640717873E10;513602
WINFUT;12/09/2023;11:00:00;159571,46;159611,63;159457,64;159584,85;1,016633137E10;318604
WINFUT;12/09/2023;10:50:00;159330,43;159618,33;159323,73;159571,46;1,337727926E10;419329
WINFUT;12/09/2023;10:40:00;159350,51;159551,37;159270,17;159337,12;2,003895296E10;628484
WINFUT;12/09/2023;10:30:00;158580,54;159383,99;158540,37;159343,82;2,811289503E10;883939
WINFUT;12/09/2023;10:20:00;158727,84;158774,71;158399,77;158580,54;1,74786526E10;551067
WINFUT;12/09/2023;10:10:00;158627,41;158741,23;158460,02;158721,15;1,554989724E10;490264
WINFUT;12/09/2023;10:00:00;158654,19;158834,97;158533,67;158634,10;1,750418863E10;551593
WINFUT;12/09/2023;09:50:00;158727,84;158768,01;158513,59;158654,19;1,041258736E10;328204
WINFUT;12/09/2023;09:40:00;158687,67;158808,19;158600,63;158721,15;8849118672,00;278800
WINFUT;12/09/2023;09:30:00;158908,62;158915,31;158573,85;158694,36;1,271447414E10;400564
WINFUT;12/09/2023;09:20:00;158895,23;159015,74;158801,49;158908,62;7409734157,00;233157
WINFUT;12/09/2023;09:10:00;158948,79;158955,48;158801,49;158895,23;6609877425,00;208039
WINFUT;12/09/2023;09:00:00;158734,54;159082,70;158486,81;158955,48;1,483401535E10;466916
WINFUT;11/09/2023;17:50:00;158707,75;158734,54;158567,15;158734,54;1592355805,00;50182
WINFUT;11/09/2023;17:40:00;158573,85;158721,15;158526,98;158701,06;4570975695,00;144080
WINFUT;11/09/2023;17:30:00;158634,10;158667,58;158567,15;158573,85;3044134694,00;95966
WINFUT;11/09/2023;17:20:00;158607,32;158694,36;158593,93;158627,41;3497029197,00;110217
WINFUT;11/09/2023;17:10:00;158419,85;158607,32;158413,16;158607,32;5957556191,00;187894
WINFUT;11/09/2023;17:00:00;158453,33;158453,33;158359,59;158413,16;5292104233,00;167046
WINFUT;11/09/2023;16:50:00;158486,81;158486,81;158406,46;158446,63;5860996069,00;184957
WINFUT;11/09/2023;16:40:00;158486,81;158553,76;158446,63;158486,81;4991804750,00;157473
WINFUT;11/09/2023;16:30:00;158560,46;158573,85;158453,33;158486,81;6691596485,00;211082
WINFUT;11/09/2023;16:20:00;158540,37;158634,10;158480,11;158567,15;6314840610,00;199130
WINFUT;11/09/2023;16:10:00;158667,58;158741,23;158520,28;158547,06;8867911019,00;279530
WINFUT;11/09/2023;16:00:00;158573,85;158674,28;158540,37;158660,89;8986499640,00;283276
WINFUT;11/09/2023;15:50:00;158493,50;158607,32;158480,11;158573,85;6503278060,00;205093
WINFUT;11/09/2023;15:40:00;158426,55;158547,06;158359,59;158500,20;7518750356,00;237254
WINFUT;11/09/2023;15:30:00;158379,68;158500,20;158332,81;158426,55;9820358657,00;309932
WINFUT;11/09/2023;15:20:00;158205,60;158386,38;158111,86;158379,68;1,2075356E10;381493
WINFUT;11/09/2023;15:10:00;158011,43;158232,38;157951,17;158198,90;1,314447303E10;415748
WINFUT;11/09/2023;15:00:00;157830,66;158031,52;157783,79;158018,13;6467080009,00;204750
WINFUT;11/09/2023;14:50:00;157837,35;157944,48;157783,79;157823,96;5661805929,00;179331
WINFUT;11/09/2023;14:40:00;157837,35;157904,31;157763,70;157837,35;5814029740,00;184178
WINFUT;11/09/2023;14:30:00;157937,78;157984,65;157817,27;157844,05;7157354677,00;226647
WINFUT;11/09/2023;14:20:00;157937,78;158011,43;157803,88;157937,78;8930486852,00;282762
WINFUT;11/09/2023;14:10:00;157495,89;158031,52;157475,80;157937,78;1,751465621E10;555264
WINFUT;11/09/2023;14:00:00;157341,89;157502,58;157274,94;157489,19;8780916193,00;278973
WINFUT;11/09/2023;13:50:00;157234,77;157361,98;157161,12;157341,89;7953361321,00;252857
WINFUT;11/09/2023;13:40:00;157167,81;157254,85;157141,03;157241,46;3239685331,00;103045
WINFUT;11/09/2023;13:30:00;157187,90;157254,85;157120,94;157174,51;5554389277,00;176674
WINFUT;11/09/2023;13:20:00;157161,12;157207,98;157100,86;157187,90;5690508547,00;181042
WINFUT;11/09/2023;13:10:00;157040,60;157181,20;157020,51;157161,12;6220901945,00;197985
WINFUT;11/09/2023;13:00:00;156900,00;157060,69;156900,00;157033,90;5044713663,00;160669
WINFUT;11/09/2023;12:50:00;156953,56;157013,82;156712,53;156906,69;8746435941,00;278765
WINFUT;11/09/2023;12:40:00;156953,56;156973,65;156732,61;156953,56;7705761697,00;245632
WINFUT;11/09/2023;12:30:00;156913,39;156973,65;156819,65;156946,86;4824813473,00;153753
WINFUT;11/09/2023;12:20:00;156833,04;156953,56;156779,48;156913,39;5310606026,00;169248
WINFUT;11/09/2023;12:10:00;156665,66;156906,69;156645,57;156833,04;8476270229,00;270285
WINFUT;11/09/2023;12:00:00;157154,42;157161,12;156598,70;156665,66;1,677127614E10;534488
WINFUT;11/09/2023;11:50:00;157181,20;157281,63;157100,86;157161,12;6173635256,00;196379
WINFUT;11/09/2023;11:40:00;157228,07;157355,28;157120,94;157181,20;8897084741,00;282923
WINFUT;11/09/2023;11:30:00;157428,93;157475,80;157047,30;157228,07;1,483919063E10;471972
WINFUT;11/09/2023;11:20:00;157395,46;157582,93;157301,72;157428,93;1,391415949E10;441826
WINFUT;11/09/2023;11:10:00;157214,68;157408,85;157141,03;157388,76;1,143544843E10;363557
WINFUT;11/09/2023;11:00:00;156839,74;157254,85;156826,35;157214,68;1,347672149E10;429072
WINFUT;11/09/2023;10:50:00;156980,34;157114,25;156766,09;156839,74;1,51972075E10;484172
WINFUT;11/09/2023;10:40:00;157281,63;157475,80;156900,00;156980,34;1,77906694E10;565999
WINFUT;11/09/2023;10:30:00;157382,07;157495,89;157207,98;157274,94;1,73775024E10;552137
WINFUT;11/09/2023;10:20:00;157214,68;157435,63;157107,55;157388,76;1,196348811E10;380363
WINFUT;11/09/2023;10:10:00;157295,02;157388,76;157161,12;157214,68;1,247773373E10;396719
WINFUT;11/09/2023;10:00:00;157455,71;157489,19;157221,38;157301,72;1,740458392E10;553015
WINFUT;11/09/2023;09:50:00;157629,79;157656,58;157442,32;157449,02;6084951926,00;193114
WINFUT;11/09/2023;09:40:00;157663,27;157716,84;157576,23;157636,49;4975763068,00;157815
WINFUT;11/09/2023;09:30:00;157723,53;157736,92;157562,84;157663,27;7123278286,00;225908
WINFUT;11/09/2023;09:20:00;157536,06;157743,62;157482,50;157723,53;7816990870,00;247963
WINFUT;11/09/2023;09:10:00;157221,38;157663,27;157167,81;157536,06;1,30559479E10;414706
WINFUT;11/09/2023;09:00:00;157228,07;157234,77;156759,39;157221,38;1,133967094E10;361151
WINFUT;08/09/2023;17:50:00;156304,11;156417,93;156136,72;156136,72;1042064426,00;33336
WINFUT;08/09/2023;17:40:00;156163,50;156344,28;156109,94;156304,11;2741716954,00;87768
WINFUT;08/09/2023;17:30:00;156250,54;156270,63;156096,55;156156,81;3200602906,00;102476
WINFUT;08/09/2023;17:20:00;156203,67;156310,80;156196,98;156257,24;2817860999,00;90166
WINFUT;08/09/2023;17:10:00;156330,89;156337,58;156156,81;156196,98;2887275351,00;92400
WINFUT;08/09/2023;17:00:00;156230,46;156377,76;156203,67;156337,58;5772571492,00;184682
WINFUT;08/09/2023;16:50:00;156056,38;156257,24;156029,59;156230,46;6044333298,00;193557
WINFUT;08/09/2023;16:40:00;156076,46;156096,55;155929,16;156056,38;5731170163,00;183659
WINFUT;08/09/2023;16:30:00;156136,72;156290,71;156036,29;156069,77;6002613455,00;192178
WINFUT;08/09/2023;16:20:00;156123,33;156203,67;156069,77;156130,03;5160065061,00;165249
WINFUT;08/09/2023;16:10:00;156243,85;156310,80;156116,63;156123,33;4547730748,00;145547
WINFUT;08/09/2023;16:00:00;156263,93;156330,89;156103,24;156250,54;6525702850,00;208867
WINFUT;08/09/2023;15:50:00;156170,20;156284,02;156170,20;156257,24;3158514737,00;101085
WINFUT;08/09/2023;15:40:00;156170,20;156297,41;156130,03;156170,20;5047815115,00;161586
WINFUT;08/09/2023;15:30:00;156076,46;156310,80;156042,99;156176,89;6958041708,00;222753
WINFUT;08/09/2023;15:20:00;156130,03;156196,98;156022,90;156069,77;7323187360,00;234545
WINFUT;08/09/2023;15:10:00;156217,07;156230,46;156029,59;156130,03;8348896295,00;267374
WINFUT;08/09/2023;15:00:00;156344,28;156371,06;156183,59;156210,37;5013591385,00;160427
WINFUT;08/09/2023;14:50:00;156350,97;156424,62;156243,85;156337,58;5335779273,00;170663
WINFUT;08/09/2023;14:40:00;156297,41;156377,76;156237,15;156350,97;4387385227,00;140337
WINFUT;08/09/2023;14:30:00;156317,50;156498,27;156263,93;156297,41;8675117539,00;277401
WINFUT;08/09/2023;14:20:00;156531,75;156625,48;156304,11;156324,19;8152283420,00;260508
WINFUT;08/09/2023;14:10:00;156290,71;156538,44;156243,85;156531,75;7992790574,00;255532
WINFUT;08/09/2023;14:00:00;156257,24;156304,11;156150,11;156290,71;4643224692,00;148612
WINFUT;08/09/2023;13:50:00;156196,98;156330,89;156136,72;156257,24;5579402794,00;178539
WINFUT;08/09/2023;13:40:00;156190,28;156270,63;156130,03;156196,98;5109829054,00;163576
WINFUT;08/09/2023;13:30:00;156123,33;156196,98;155976,03;156196,98;7280088874,00;233198
WINFUT;08/09/2023;13:20:00;156310,80;156357,67;156083,16;156123,33;5896462570,00;188749
WINFUT;08/09/2023;13:10:00;156263,93;156397,84;156223,76;156310,80;5580728191,00;178520
WINFUT;08/09/2023;13:00:00;156290,71;156364,36;156109,94;156270,63;7772310963,00;248744
WINFUT;08/09/2023;12:50:00;156270,63;156317,50;156183,59;156284,02;3889511889,00;124472
WINFUT;08/09/2023;12:40:00;156210,37;156284,02;156009,51;156263,93;8113128707,00;259780
WINFUT;08/09/2023;12:30:00;156029,59;156223,76;156022,90;156210,37;5305105915,00;169882
WINFUT;08/09/2023;12:20:00;156063,07;156150,11;155982,73;156029,59;4122708597,00;132095
WINFUT;08/09/2023;12:10:00;156009,51;156163,50;155982,73;156069,77;5723647999,00;183350
WINFUT;08/09/2023;12:00:00;156116,63;156196,98;155962,64;156009,51;7947662129,00;254617
WINFUT;08/09/2023;11:50:00;156243,85;156263,93;155989,42;156109,94;8955060850,00;286821
WINFUT;08/09/2023;11:40:00;156176,89;156297,41;156083,16;156243,85;6753754656,00;216206
WINFUT;08/09/2023;11:30:00;156123,33;156230,46;156069,77;156183,59;7033707441,00;225226
WINFUT;08/09/2023;11:20:00;156230,46;156377,76;156083,16;156123,33;1,137954448E10;364219
WINFUT;08/09/2023;11:10:00;156190,28;156444,71;156183,59;156223,76;9700958808,00;310267
WINFUT;08/09/2023;11:00:00;155902,38;156531,75;155882,30;156183,59;1,986322999E10;635588
WINFUT;08/09/2023;10:50:00;155708,22;155955,94;155647,96;155902,38;1,207059539E10;387421
WINFUT;08/09/2023;10:40:00;155768,47;155915,77;155527,44;155714,91;1,772296137E10;569112
WINFUT;08/09/2023;10:30:00;156250,54;156284,02;155761,78;155768,47;1,588783882E10;509091
WINFUT;08/09/2023;10:20:00;156223,76;156330,89;156109,94;156257,24;1,022997539E10;327412
WINFUT;08/09/2023;10:10:00;156002,81;156250,54;155942,55;156230,46;1,470096985E10;470861
WINFUT;08/09/2023;10:00:00;156069,77;156183,59;155828,73;156009,51;1,185625644E10;379966
WINFUT;08/09/2023;09:50:00;156029,59;156109,94;155915,77;156069,77;5216779009,00;167190
WINFUT;08/09/2023;09:40:00;155935,86;156069,77;155902,38;156036,29;5548404702,00;177847
WINFUT;08/09/2023;09:30:00;155955,94;156036,29;155828,73;155935,86;5343061006,00;171336
WINFUT;08/09/2023;09:20:00;155915,77;156036,29;155882,30;155955,94;4489870318,00;143948
WINFUT;08/09/2023;09:10:00;155741,69;155989,42;155688,13;155915,77;7084661899,00;227275
WINFUT;08/09/2023;09:00:00;155761,78;155996,12;155373,45;155735,00;1,421730092E10;456413
WINFUT;06/09/2023;17:50:00;157067,38;157167,81;157047,30;157154,42;1288375830,00;40998
WINFUT;06/09/2023;17:40:00;157127,64;157154,42;156993,73;157074,08;4145229300,00;131955
WINFUT;06/09/2023;17:30:00;157134,34;157181,20;157094,16;157134,34;2774677967,00;88284
WINFUT;06/09/2023;17:20:00;157127,64;157201,29;157040,60;157141,03;3570581929,00;113622
WINFUT;06/09/2023;17:10:00;157167,81;157221,38;157114,25;157120,94;3513450486,00;111776
WINFUT;06/09/2023;17:00:00;157288,33;157288,33;157080,77;157167,81;6092360662,00;193819
WINFUT;06/09/2023;16:50:00;157355,28;157375,37;157181,20;157281,63;7798138583,00;247918
WINFUT;06/09/2023;16:40:00;157536,06;157549,45;157321,81;157355,28;6209090451,00;197215
WINFUT;06/09/2023;16:30:00;157489,19;157603,01;157435,63;157542,75;6466756527,00;205263
WINFUT;06/09/2023;16:20:00;157449,02;157536,06;157408,85;157489,19;4558330853,00;144725
WINFUT;06/09/2023;16:10:00;157321,81;157489,19;157295,02;157449,02;7526101956,00;239067
WINFUT;06/09/2023;16:00:00;157395,46;157408,85;157281,63;157321,81;7201684039,00;228846
WINFUT;06/09/2023;15:50:00;157536,06;157582,93;157355,28;157395,46;7436098983,00;236092
WINFUT;06/09/2023;15:40:00;157696,75;157716,84;157455,71;157542,75;8932373697,00;283433
WINFUT;06/09/2023;15:30:00;157636,49;157736,92;157542,75;157696,75;6285700499,00;199371
WINFUT;06/09/2023;15:20:00;157656,58;157676,66;157542,75;157629,79;6128997806,00;194430
WINFUT;06/09/2023;15:10:00;157763,70;157803,88;157582,93;157663,27;8086529339,00;256394
WINFUT;06/09/2023;15:00:00;157904,31;157964,56;157723,53;157763,70;7520646729,00;238230
WINFUT;06/09/2023;14:50:00;157757,01;157951,17;157743,62;157904,31;6925088986,00;219341
WINFUT;06/09/2023;14:40:00;157750,31;157797,18;157663,27;157757,01;3871260780,00;122720
WINFUT;06/09/2023;14:30:00;157683,36;157763,70;157649,88;157750,31;3592003131,00;113879
WINFUT;06/09/2023;14:20:00;157743,62;157763,70;157623,10;157683,36;4486146733,00;142242
WINFUT;06/09/2023;14:10:00;157515,97;157783,79;157502,58;157736,92;7164471550,00;227212
WINFUT;06/09/2023;14:00:00;157582,93;157730,23;157509,28;157515,97;7681770905,00;243697
WINFUT;06/09/2023;13:50:00;157603,01;157696,75;157475,80;157582,93;7528999235,00;238910
WINFUT;06/09/2023;13:40:00;157629,79;157663,27;157509,28;157603,01;8012114737,00;254211
WINFUT;06/09/2023;13:30:00;157790,48;157870,83;157603,01;157629,79;8205495315,00;260111
WINFUT;06/09/2023;13:20:00;157857,44;157984,65;157777,09;157797,18;6797486829,00;215265
WINFUT;06/09/2023;13:10:00;157924,39;157951,17;157683,36;157850,74;1,117018447E10;353911
WINFUT;06/09/2023;13:00:00;157998,04;158051,61;157911,00;157924,39;3827940464,00;121148
WINFUT;06/09/2023;12:50:00;158018,13;158085,08;157944,48;157998,04;4867030465,00;154011
WINFUT;06/09/2023;12:40:00;158071,69;158138,65;157984,65;158018,13;4776788069,00;151104
WINFUT;06/09/2023;12:30:00;158111,86;158138,65;157951,17;158078,39;6268554631,00;198321
WINFUT;06/09/2023;12:20:00;157977,96;158212,29;157924,39;158111,86;8559278665,00;270711
WINFUT;06/09/2023;12:10:00;157884,22;158038,21;157857,44;157977,96;8537273918,00;270271
WINFUT;06/09/2023;12:00:00;158131,95;158232,38;157850,74;157884,22;1,51523218E10;479482
WINFUT;06/09/2023;11:50:00;158352,90;158406,46;157977,96;158125,25;1,461205559E10;461967
WINFUT;06/09/2023;11:40:00;158768,01;158808,19;158218,99;158359,59;1,659066803E10;523491
WINFUT;06/09/2023;11:30:00;158948,79;158962,18;158600,63;158774,71;1,657100854E10;521942
WINFUT;06/09/2023;11:20:00;159638,41;159712,06;158948,79;158948,79;1,582667684E10;496750
WINFUT;06/09/2023;11:10:00;159437,55;159645,11;159296,95;159631,72;1,273935096E10;399456
WINFUT;06/09/2023;11:00:00;159772,32;159785,71;159082,70;159430,86;2,226424828E10;698568
WINFUT;06/09/2023;10:50:00;159645,11;159886,14;159584,85;159779,02;1,326066507E10;415020
WINFUT;06/09/2023;10:40:00;159350,51;159712,06;159156,35;159645,11;1,932224756E10;605788
WINFUT;06/09/2023;10:30:00;159216,60;159584,85;159196,52;159357,21;2,286187171E10;717087
WINFUT;06/09/2023;10:20:00;158955,48;159276,86;158895,23;159216,60;1,747413771E10;549173
WINFUT;06/09/2023;10:10:00;159330,43;159471,03;158915,31;158962,18;2,19556775E10;689493
WINFUT;06/09/2023;10:00:00;159176,43;159363,90;159049,22;159337,12;1,895400754E10;595292
WINFUT;06/09/2023;09:50:00;158995,66;159276,86;158995,66;159176,43;8671274089,00;272404
WINFUT;06/09/2023;09:40:00;158975,57;159116,17;158962,18;158995,66;5729790027,00;180134
WINFUT;06/09/2023;09:30:00;158868,44;159136,26;158848,36;158968,87;1,06259072E10;334110
WINFUT;06/09/2023;09:20:00;158881,83;158995,66;158788,10;158868,44;8246380215,00;259519
WINFUT;06/09/2023;09:10:00;159029,13;159069,31;158814,88;158881,83;7614299123,00;239548
WINFUT;06/09/2023;09:00:00;159216,60;159350,51;158848,36;159035,83;1,328933332E10;417729
WINFUT;05/09/2023;17:50:00;159169,74;159417,47;159142,96;159417,47;1420137810,00;44590
WINFUT;05/09/2023;17:40:00;158988,96;159169,74;158942,09;159169,74;3754316375,00;118010
WINFUT;05/09/2023;17:30:00;159109,48;159163,04;158955,48;158988,96;4566979190,00;143556
WINFUT;05/09/2023;17:20:00;159022,44;159156,35;159009,05;159109,48;3504693753,00;110141
WINFUT;05/09/2023;17:10:00;158988,96;159082,70;158881,83;159022,44;4866960070,00;153074
WINFUT;05/09/2023;17:00:00;159149,65;159149,65;158948,79;158982,27;6609852006,00;207800
WINFUT;05/09/2023;16:50:00;159296,95;159303,64;159009,05;159149,65;9844042422,00;309321
WINFUT;05/09/2023;16:40:00;159383,99;159410,77;159250,08;159296,95;6003609412,00;188398
WINFUT;05/09/2023;16:30:00;159310,34;159471,03;159303,64;159390,68;6798724374,00;213271
WINFUT;05/09/2023;16:20:00;159169,74;159370,60;159156,35;159310,34;7531746022,00;236418
WINFUT;05/09/2023;16:10:00;159035,83;159236,69;158975,57;159163,04;9836763327,00;309083
WINFUT;05/09/2023;16:00:00;159370,60;159404,08;159015,74;159035,83;1,039301359E10;326375
WINFUT;05/09/2023;15:50:00;159645,11;159678,59;159223,30;159363,90;1,059634761E10;332301
WINFUT;05/09/2023;15:40:00;159558,07;159698,67;159511,20;159638,41;7310568525,00;228990
WINFUT;05/09/2023;15:30:00;159424,16;159691,98;159350,51;159551,37;8538181141,00;267613
WINFUT;05/09/2023;15:20:00;159450,94;159484,42;159350,51;159424,16;6551205356,00;205469
WINFUT;05/09/2023;15:10:00;159283,56;159491,12;159276,86;159450,94;6720219627,00;210816
WINFUT;05/09/2023;15:00:00;159457,64;159511,20;159263,47;159290,25;8753722616,00;274612
WINFUT;05/09/2023;14:50:00;159270,17;159524,59;159243,39;159457,64;8791807803,00;275735
WINFUT;05/09/2023;14:40:00;159296,95;159317,04;159142,96;159263,47;7408940333,00;232635
WINFUT;05/09/2023;14:30:00;159390,68;159471,03;159216,60;159290,25;9015236243,00;282904
WINFUT;05/09/2023;14:20:00;159484,42;159537,98;159317,04;159390,68;7729927690,00;242429
WINFUT;05/09/2023;14:10:00;159578,16;159604,94;159444,25;159484,42;5745683589,00;180094
WINFUT;05/09/2023;14:00:00;159678,59;159685,28;159524,59;159584,85;5592388792,00;175206
WINFUT;05/09/2023;13:50:00;159738,85;159779,02;159625,02;159685,28;4396046593,00;137639
WINFUT;05/09/2023;13:40:00;159892,84;159912,93;159645,11;159738,85;6490327672,00;203115
WINFUT;05/09/2023;13:30:00;159785,71;159926,32;159765,63;159892,84;6364456151,00;199070
WINFUT;05/09/2023;13:20:00;159772,32;159953,10;159678,59;159779,02;8008379497,00;250553
WINFUT;05/09/2023;13:10:00;159705,37;159825,89;159698,67;159772,32;5316707189,00;166401
WINFUT;05/09/2023;13:00:00;159645,11;159725,45;159591,55;159705,37;4242297377,00;132861
WINFUT;05/09/2023;12:50:00;159691,98;159738,85;159625,02;159645,11;3714688478,00;116322
WINFUT;05/09/2023;12:40:00;159752,24;159758,93;159611,63;159691,98;4541469379,00;142204
WINFUT;05/09/2023;12:30:00;159812,50;159825,89;159645,11;159752,24;6490925535,00;203192
WINFUT;05/09/2023;12:20:00;159926,32;159986,58;159752,24;159812,50;8535825166,00;266966
WINFUT;05/09/2023;12:10:00;159805,80;159966,49;159732,15;159933,01;9240202016,00;288993
WINFUT;05/09/2023;12:00:00;159497,81;159892,84;159444,25;159805,80;1,650047905E10;516525
WINFUT;05/09/2023;11:50:00;159303,64;159604,94;159283,56;159504,51;1,073157533E10;336440
WINFUT;05/09/2023;11:40:00;159270,17;159337,12;159116,17;159303,64;1,092474348E10;343023
WINFUT;05/09/2023;11:30:00;159571,46;159685,28;159256,78;159270,17;1,494339527E10;468557
WINFUT;05/09/2023;11:20:00;159276,86;159578,16;159250,08;159571,46;1,801074474E10;564904
WINFUT;05/09/2023;11:10:00;159276,86;159337,12;159129,56;159276,86;1,038850375E10;326213
WINFUT;05/09/2023;11:00:00;159136,26;159323,73;159035,83;159283,56;1,769353722E10;555743
WINFUT;05/09/2023;10:50:00;158694,36;159189,82;158614,02;159129,56;1,7521673E10;551076
WINFUT;05/09/2023;10:40:00;158674,28;158975,57;158493,50;158701,06;2,012762408E10;634030
WINFUT;05/09/2023;10:30:00;158761,32;159049,22;158593,93;158667,58;2,56429417E10;807202
WINFUT;05/09/2023;10:20:00;158232,38;158881,83;158098,47;158768,01;2,021061257E10;637545
WINFUT;05/09/2023;10:10:00;158667,58;158801,49;158165,43;158239,08;2,515902803E10;793851
WINFUT;05/09/2023;10:00:00;158647,50;158908,62;158567,15;158660,89;1,844915418E10;581115
WINFUT;05/09/2023;09:50:00;158667,58;158761,32;158614,02;158647,50;6440235061,00;202927
WINFUT;05/09/2023;09:40:00;158761,32;158808,19;158553,76;158674,28;1,218781419E10;384044
WINFUT;05/09/2023;09:30:00;158593,93;158768,01;158426,55;158768,01;1,322711953E10;417021
WINFUT;05/09/2023;09:20:00;158734,54;158801,49;158560,46;158587,24;1,098035927E10;346035
WINFUT;05/09/2023;09:10:00;159236,69;159250,08;158694,36;158741,23;1,281894241E10;403216
WINFUT;05/09/2023;09:00:00;159424,16;159819,19;159096,09;159236,69;1,366385525E10;428818
WINFUT;04/09/2023;17:50:00;159859,36;159933,01;159819,19;159933,01;1071133120,00;33497
WINFUT;04/09/2023;17:40:00;159779,02;159866,06;159752,24;159859,36;3125028150,00;97767
WINFUT;04/09/2023;17:30:00;159912,93;159919,62;159752,24;159779,02;4051287336,00;126756
WINFUT;04/09/2023;17:20:00;159912,93;159946,40;159886,14;159906,23;1638342104,00;51226
WINFUT;04/09/2023;17:10:00;159912,93;159979,88;159879,45;159919,62;2250297435,00;70354
WINFUT;04/09/2023;17:00:00;159906,23;159953,10;159866,06;159912,93;2838793814,00;88763
WINFUT;04/09/2023;16:50:00;159959,79;160006,66;159886,14;159912,93;3830742827,00;119748
WINFUT;04/09/2023;16:40:00;159892,84;159973,18;159859,36;159953,10;3110151793,00;97241
WINFUT;04/09/2023;16:30:00;159959,79;159993,27;159879,45;159899,54;2922435459,00;91369
WINFUT;04/09/2023;16:20:00;159879,45;159993,27;159805,80;159959,79;5428454909,00;169744
WINFUT;04/09/2023;16:10:00;159819,19;159953,10;159772,32;159879,45;6438259488,00;201342
WINFUT;04/09/2023;16:00:00;159671,89;159832,58;159578,16;159825,89;6469679121,00;202568
WINFUT;04/09/2023;15:50:00;159819,19;159859,36;159651,81;159665,20;5061105520,00;158395
WINFUT;04/09/2023;15:40:00;159812,50;159839,28;159725,45;159825,89;3431250095,00;107374
WINFUT;04/09/2023;15:30:00;159785,71;159839,28;159732,15;159805,80;3517121379,00;110054
WINFUT;04/09/2023;15:20:00;159698,67;159799,10;159685,28;159785,71;5004297597,00;156634
WINFUT;04/09/2023;15:10:00;159604,94;159738,85;159524,59;159691,98;5120808532,00;160391
WINFUT;04/09/2023;15:00:00;159725,45;159805,80;159524,59;159604,94;7410697045,00;232100
WINFUT;04/09/2023;14:50:00;159792,41;159866,06;159698,67;159732,15;4535162282,00;141910
WINFUT;04/09/2023;14:40:00;159852,67;159886,14;159705,37;159785,71;6176911443,00;193289
WINFUT;04/09/2023;14:30:00;160120,48;160120,48;159779,02;159859,36;9840546529,00;307687
WINFUT;04/09/2023;14:20:00;160174,05;160220,91;160073,62;160113,79;4717923408,00;147306
WINFUT;04/09/2023;14:10:00;160361,52;160368,21;160147,27;160174,05;5321584487,00;166067
WINFUT;04/09/2023;14:00:00;160200,83;160468,64;160127,18;160361,52;5994406611,00;186990
WINFUT;04/09/2023;13:50:00;160160,66;160200,83;160073,62;160200,83;3840584863,00;119912
WINFUT;04/09/2023;13:40:00;160227,61;160261,09;160060,22;160153,96;6876035934,00;214692
WINFUT;04/09/2023;13:30:00;160247,70;160321,35;160194,13;160227,61;3944053843,00;123053
WINFUT;04/09/2023;13:20:00;160281,17;160301,26;160174,05;160254,39;4777181878,00;149068
WINFUT;04/09/2023;13:10:00;160207,52;160334,74;160160,66;160287,87;5342184178,00;166685
WINFUT;04/09/2023;13:00:00;160294,56;160321,35;160187,44;160207,52;5193319534,00;162043
WINFUT;04/09/2023;12:50:00;160294,56;160368,21;160254,39;160301,26;3809448531,00;118816
WINFUT;04/09/2023;12:40:00;160415,08;160421,78;160287,87;160294,56;5262441690,00;164084
WINFUT;04/09/2023;12:30:00;160468,64;160488,73;160394,99;160415,08;3564273861,00;111078
WINFUT;04/09/2023;12:20:00;160408,39;160482,04;160368,21;160468,64;4857850398,00;151409
WINFUT;04/09/2023;12:10:00;160455,25;160522,21;160401,69;160408,39;5606808380,00;174714
WINFUT;04/09/2023;12:00:00;160515,51;160602,55;160428,47;160448,56;7466070515,00;232580
WINFUT;04/09/2023;11:50:00;160542,29;160656,12;160448,56;160508,82;7493193583,00;233334
WINFUT;04/09/2023;11:40:00;160669,51;160716,37;160502,12;160535,60;7717533251,00;240290
WINFUT;04/09/2023;11:30:00;160629,33;160769,94;160602,55;160676,20;5876611626,00;182842
WINFUT;04/09/2023;11:20:00;160615,94;160823,50;160602,55;160629,33;9487253088,00;295182
WINFUT;04/09/2023;11:10:00;160769,94;160823,50;160562,38;160622,64;7644726215,00;237899
WINFUT;04/09/2023;11:00:00;160696,29;160870,37;160622,64;160776,63;1,321775127E10;411119
WINFUT;04/09/2023;10:50:00;160488,73;160783,33;160455,25;160696,29;1,536392701E10;478151
WINFUT;04/09/2023;10:40:00;160394,99;160535,60;160307,95;160495,43;1,108469952E10;345491
WINFUT;04/09/2023;10:30:00;160294,56;160569,08;160267,78;160394,99;1,475348189E10;459809
WINFUT;04/09/2023;10:20:00;159953,10;160374,91;159819,19;160287,87;1,888083887E10;589690
WINFUT;04/09/2023;10:10:00;159558,07;160073,62;159511,20;159953,10;2,23201596E10;698434
WINFUT;04/09/2023;10:00:00;159464,33;159725,45;159410,77;159558,07;1,455180659E10;455977
WINFUT;04/09/2023;09:50:00;159551,37;159604,94;159450,94;159464,33;5882545207,00;184385
WINFUT;04/09/2023;09:40:00;159691,98;159712,06;159524,59;159558,07;7020599694,00;219910
WINFUT;04/09/2023;09:30:00;159779,02;159866,06;159685,28;159691,98;6522376481,00;204102
WINFUT;04/09/2023;09:20:00;159558,07;159799,10;159531,29;159772,32;7020708132,00;219831
WINFUT;04/09/2023;09:10:00;159504,51;159598,24;159464,33;159551,37;5205353931,00;163148
WINFUT;04/09/2023;09:00:00;159752,24;160040,14;159491,12;159497,81;8249694124,00;258267
WINFUT;01/09/2023;17:50:00;159611,63;159625,02;159437,55;159437,55;1049758640,00;32899
WINFUT;01/09/2023;17:40:00;159718,76;159725,45;159551,37;159611,63;3412541534,00;106885
WINFUT;01/09/2023;17:30:00;159912,93;159933,01;159712,06;159718,76;2776417167,00;86868
WINFUT;01/09/2023;17:20:00;159959,79;159966,49;159825,89;159919,62;3095695049,00;96806
WINFUT;01/09/2023;17:10:00;159946,40;160013,36;159926,32;159966,49;2055921277,00;64260
WINFUT;01/09/2023;17:00:00;159799,10;159993,27;159765,63;159939,71;4859441188,00;151968
WINFUT;01/09/2023;16:50:00;160020,05;160020,05;159705,37;159805,80;8195031378,00;256353
WINFUT;01/09/2023;16:40:00;160006,66;160113,79;159986,58;160020,05;3840399870,00;119982
WINFUT;01/09/2023;16:30:00;160066,92;160133,87;159933,01;160013,36;6231637632,00;194716
WINFUT;01/09/2023;16:20:00;160107,09;160147,27;159999,97;160060,22;4867439248,00;152044
WINFUT;01/09/2023;16:10:00;159825,89;160174,05;159799,10;160107,09;8796048779,00;274847
WINFUT;01/09/2023;16:00:00;159839,28;159966,49;159799,10;159825,89;5023268040,00;157089
WINFUT;01/09/2023;15:50:00;159886,14;159966,49;159825,89;159839,28;4190184096,00;131037
WINFUT;01/09/2023;15:40:00;159772,32;159966,49;159758,93;159892,84;5144525851,00;160890
WINFUT;01/09/2023;15:30:00;159752,24;159839,28;159745,54;159772,32;3703478762,00;115883
WINFUT;01/09/2023;15:20:00;159973,18;160020,05;159698,67;159745,54;8134525417,00;254464
WINFUT;01/09/2023;15:10:00;159825,89;159979,88;159805,80;159966,49;4586168600,00;143396
WINFUT;01/09/2023;15:00:00;159872,75;159919,62;159752,24;159819,19;5473962000,00;171232
WINFUT;01/09/2023;14:50:00;159658,50;159906,23;159651,81;159866,06;6456861570,00;202048
WINFUT;01/09/2023;14:40:00;159651,81;159685,28;159604,94;159665,20;3296760618,00;103252
WINFUT;01/09/2023;14:30:00;159618,33;159665,20;159531,29;159651,81;4486773312,00;140562
WINFUT;01/09/2023;14:20:00;159544,68;159645,11;159430,86;159618,33;6293589177,00;197246
WINFUT;01/09/2023;14:10:00;159471,03;159564,77;159464,33;159544,68;3807751378,00;119355
WINFUT;01/09/2023;14:00:00;159270,17;159511,20;159256,78;159471,03;4688054877,00;147041
WINFUT;01/09/2023;13:50:00;159303,64;159377,29;159243,39;159263,47;4668845035,00;146538
WINFUT;01/09/2023;13:40:00;159303,64;159337,12;159089,39;159296,95;7973957542,00;250397
WINFUT;01/09/2023;13:30:00;159524,59;159665,20;159263,47;159303,64;7372895246,00;231165
WINFUT;01/09/2023;13:20:00;159685,28;159712,06;159517,90;159524,59;5211834804,00;163255
WINFUT;01/09/2023;13:10:00;159444,25;159712,06;159437,55;159685,28;5449131238,00;170704
WINFUT;01/09/2023;13:00:00;159564,77;159578,16;159383,99;159437,55;5043593208,00;158137
WINFUT;01/09/2023;12:50:00;159517,90;159631,72;159484,42;159564,77;4445288405,00;139282
WINFUT;01/09/2023;12:40:00;159450,94;159558,07;159330,43;159524,59;5066267891,00;158869
WINFUT;01/09/2023;12:30:00;159497,81;159564,77;159303,64;159457,64;8761324465,00;274783
WINFUT;01/09/2023;12:20:00;159591,55;159611,63;159491,12;159497,81;3412886825,00;106950
WINFUT;01/09/2023;12:10:00;159604,94;159718,76;159484,42;159591,55;6833650648,00;214086
WINFUT;01/09/2023;12:00:00;159671,89;159671,89;159450,94;159611,63;6647960977,00;208301
WINFUT;01/09/2023;11:50:00;159571,46;159691,98;159511,20;159665,20;7337850585,00;229877
WINFUT;01/09/2023;11:40:00;159799,10;159872,75;159444,25;159578,16;9757618379,00;305630
WINFUT;01/09/2023;11:30:00;160080,31;160080,31;159631,72;159799,10;1,348157636E10;421787
WINFUT;01/09/2023;11:20:00;159832,58;160087,01;159792,41;160087,01;1,029750765E10;321963
WINFUT;01/09/2023;11:10:00;159651,81;159986,58;159618,33;159825,89;1,563110734E10;489000
WINFUT;01/09/2023;11:00:00;159430,86;159712,06;159029,13;159645,11;1,543323012E10;484315
WINFUT;01/09/2023;10:50:00;159343,82;159544,68;159169,74;159430,86;1,262159318E10;396052
WINFUT;01/09/2023;10:40:00;159290,25;159571,46;159156,35;159343,82;1,491473058E10;467978
WINFUT;01/09/2023;10:30:00;159464,33;159712,06;159169,74;159290,25;1,959833561E10;614441
WINFUT;01/09/2023;10:20:00;159042,52;159544,68;159035,83;159464,33;1,606248227E10;504231
WINFUT;01/09/2023;10:10:00;158439,94;159076,00;158426,55;159035,83;2,185690315E10;688291
WINFUT;01/09/2023;10:00:00;158620,71;158634,10;158198,90;158446,63;1,263770651E10;398949
WINFUT;01/09/2023;09:50:00;158560,46;158627,41;158372,98;158620,71;8101318948,00;255564
WINFUT;01/09/2023;09:40:00;158460,02;158580,54;158232,38;158567,15;9153718922,00;288976
WINFUT;01/09/2023;09:30:00;157991,35;158680,97;157743,62;158460,02;2,033745219E10;642247
WINFUT;01/09/2023;09:20:00;158004,74;158091,78;157890,92;157991,35;5773217631,00;182736
WINFUT;01/09/2023;09:10:00;158198,90;158272,55;157977,96;157998,04;6542520399,00;206883
WINFUT;01/09/2023;09:00:00;158547,06;158721,15;157998,04;158192,21;1,467400914E10;463302
WINFUT;31/08/2023;17:50:00;157603,01;157669,97;157515,97;157663,27;1377282219,00;43692
WINFUT;31/08/2023;17:40:00;157408,85;157609,71;157368,67;157609,71;3452751392,00;109635
WINFUT;31/08/2023;17:30:00;157536,06;157616,40;157402,15;157408,85;2755192310,00;87442
WINFUT;31/08/2023;17:20:00;157522,67;157663,27;157509,28;157542,75;3697909315,00;117340
WINFUT;31/08/2023;17:10:00;157341,89;157562,84;157295,02;157515,97;5294776609,00;168142
WINFUT;31/08/2023;17:00:00;157268,24;157428,93;157181,20;157348,59;7204983450,00;229001
WINFUT;31/08/2023;16:50:00;157495,89;157502,58;157248,16;157261,55;8817843173,00;280194
WINFUT;31/08/2023;16:40:00;157408,85;157582,93;157395,46;157489,19;7795053043,00;247486
WINFUT;31/08/2023;16:30:00;157797,18;157810,57;157368,67;157408,85;1,113014593E10;353265
WINFUT;31/08/2023;16:20:00;157823,96;157870,83;157750,31;157797,18;4448750105,00;140959
WINFUT;31/08/2023;16:10:00;157743,62;157857,44;157656,58;157823,96;6725583035,00;213161
WINFUT;31/08/2023;16:00:00;157730,23;157783,79;157609,71;157750,31;6061146130,00;192169
WINFUT;31/08/2023;15:50:00;157964,56;157977,96;157596,32;157730,23;1,213320834E10;384591
WINFUT;31/08/2023;15:40:00;158252,47;158265,86;157944,48;157971,26;8949080559,00;283046
WINFUT;31/08/2023;15:30:00;158366,29;158393,07;158192,21;158259,16;5102001968,00;161171
WINFUT;31/08/2023;15:20:00;158205,60;158426,55;158145,34;158372,98;8275959542,00;261388
WINFUT;31/08/2023;15:10:00;158185,51;158232,38;158118,56;158212,29;4331461566,00;136919
WINFUT;31/08/2023;15:00:00;158125,25;158252,47;158018,13;158185,51;5778049288,00;182684
WINFUT;31/08/2023;14:50:00;158065,00;158185,51;158051,61;158125,25;4435856970,00;140275
WINFUT;31/08/2023;14:40:00;157951,17;158152,04;157904,31;158058,30;7000028874,00;221429
WINFUT;31/08/2023;14:30:00;158339,51;158399,77;157890,92;157951,17;1,132016364E10;357933
WINFUT;31/08/2023;14:20:00;158506,89;158533,67;158306,03;158332,81;5336974226,00;168471
WINFUT;31/08/2023;14:10:00;158500,20;158553,76;158366,29;158506,89;6321240634,00;199464
WINFUT;31/08/2023;14:00:00;158600,63;158634,10;158480,11;158506,89;4642076250,00;146384
WINFUT;31/08/2023;13:50:00;158553,76;158721,15;158540,37;158600,63;5697479065,00;179579
WINFUT;31/08/2023;13:40:00;158587,24;158593,93;158460,02;158553,76;4736096070,00;149386
WINFUT;31/08/2023;13:30:00;158500,20;158627,41;158486,81;158587,24;3347605492,00;105564
WINFUT;31/08/2023;13:20:00;158513,59;158640,80;158486,81;158500,20;5938887436,00;187276
WINFUT;31/08/2023;13:10:00;158734,54;158788,10;158500,20;158520,28;6040031769,00;190335
WINFUT;31/08/2023;13:00:00;158834,97;158968,87;158727,84;158741,23;7067638240,00;222485
WINFUT;31/08/2023;12:50:00;158774,71;159089,39;158680,97;158834,97;1,276027963E10;401559
WINFUT;31/08/2023;12:40:00;158600,63;158821,58;158526,98;158774,71;8361767255,00;263449
WINFUT;31/08/2023;12:30:00;158593,93;158607,32;158446,63;158600,63;5676975120,00;179052
WINFUT;31/08/2023;12:20:00;158406,46;158620,71;158379,68;158593,93;8984302728,00;283393
WINFUT;31/08/2023;12:10:00;158125,25;158426,55;158125,25;158406,46;7844756173,00;247779
WINFUT;31/08/2023;12:00:00;158239,08;158346,20;158031,52;158131,95;9617438225,00;303995
WINFUT;31/08/2023;11:50:00;158158,73;158319,42;158125,25;158239,08;6822190673,00;215595
WINFUT;31/08/2023;11:40:00;158285,94;158332,81;158091,78;158165,43;8070471915,00;255035
WINFUT;31/08/2023;11:30:00;157917,70;158299,33;157897,61;158279,25;9694032022,00;306528
WINFUT;31/08/2023;11:20:00;157770,40;158044,91;157703,44;157924,39;1,432500551E10;453727
WINFUT;31/08/2023;11:10:00;158259,16;158446,63;157743,62;157763,70;2,00546188E10;634206
WINFUT;31/08/2023;11:00:00;158794,79;158801,49;158198,90;158259,16;1,818573551E10;573712
WINFUT;31/08/2023;10:50:00;158768,01;158848,36;158600,63;158794,79;8987036690,00;283092
WINFUT;31/08/2023;10:40:00;158560,46;158788,10;158446,63;158768,01;1,383894877E10;436288
WINFUT;31/08/2023;10:30:00;158888,53;158895,23;158446,63;158560,46;1,888328386E10;595142
WINFUT;31/08/2023;10:20:00;159163,04;159256,78;158814,88;158888,53;1,455635619E10;457667
WINFUT;31/08/2023;10:10:00;159002,35;159169,74;158754,62;159156,35;2,280311247E10;717204
WINFUT;31/08/2023;10:00:00;159859,36;159912,93;158955,48;158995,66;2,40484184E10;754114
WINFUT;31/08/2023;09:50:00;159732,15;159886,14;159685,28;159866,06;7794380483,00;243881
WINFUT;31/08/2023;09:40:00;159444,25;159738,85;159444,25;159725,45;1,023722253E10;320719
WINFUT;31/08/2023;09:30:00;159973,18;160033,44;159363,90;159444,25;1,697102152E10;531393
WINFUT;31/08/2023;09:20:00;160006,66;160066,92;159899,54;159973,18;5354188551,00;167332
WINFUT;31/08/2023;09:10:00;159537,98;160073,62;159511,20;159999,97;1,102958768E10;344992
WINFUT;31/08/2023;09:00:00;159752,24;160120,48;159517,90;159544,68;1,352829416E10;423193
WINFUT;30/08/2023;17:50:00;159591,55;159678,59;159571,46;159658,50;1096113846,00;34332
WINFUT;30/08/2023;17:40:00;159584,85;159658,50;159471,03;159584,85;4795377770,00;150262
WINFUT;30/08/2023;17:30:00;159738,85;159799,10;159571,46;159591,55;4102908656,00;128474
WINFUT;30/08/2023;17:20:00;159785,71;159825,89;159712,06;159738,85;2397849389,00;75041
WINFUT;30/08/2023;17:10:00;159859,36;159866,06;159712,06;159785,71;3018418497,00;94456
WINFUT;30/08/2023;17:00:00;159772,32;159886,14;159718,76;159859,36;4796086839,00;150052
WINFUT;30/08/2023;16:50:00;159665,20;159805,80;159638,41;159772,32;6658940520,00;208444
WINFUT;30/08/2023;16:40:00;159819,19;159825,89;159618,33;159665,20;7097987259,00;222188
WINFUT;30/08/2023;16:30:00;159953,10;159999,97;159785,71;159819,19;5954658877,00;186202
WINFUT;30/08/2023;16:20:00;159899,54;160006,66;159825,89;159953,10;4645225934,00;145228
WINFUT;30/08/2023;16:10:00;159912,93;160020,05;159819,19;159892,84;5795068236,00;181181
WINFUT;30/08/2023;16:00:00;159939,71;159966,49;159819,19;159912,93;4644703777,00;145239
WINFUT;30/08/2023;15:50:00;159872,75;159986,58;159792,41;159933,01;5169725812,00;161660
WINFUT;30/08/2023;15:40:00;159839,28;159946,40;159779,02;159872,75;5184068674,00;162123
WINFUT;30/08/2023;15:30:00;159933,01;159973,18;159685,28;159832,58;7300275218,00;228395
WINFUT;30/08/2023;15:20:00;159772,32;159986,58;159745,54;159939,71;9070162368,00;283692
WINFUT;30/08/2023;15:10:00;160020,05;160040,14;159591,55;159779,02;1,809991379E10;566308
WINFUT;30/08/2023;15:00:00;160455,25;160488,73;159959,79;160026,75;1,422291994E10;443989
WINFUT;30/08/2023;14:50:00;160508,82;160582,47;160394,99;160455,25;5021202641,00;156434
WINFUT;30/08/2023;14:40:00;160394,99;160555,68;160374,91;160515,51;6948896433,00;216519
WINFUT;30/08/2023;14:30:00;160589,16;160589,16;160301,26;160388,30;7990833128,00;249025
WINFUT;30/08/2023;14:20:00;160629,33;160689,59;160562,38;160589,16;4322560478,00;134558
WINFUT;30/08/2023;14:10:00;160488,73;160656,12;160475,34;160629,33;5197705159,00;161837
WINFUT;30/08/2023;14:00:00;160615,94;160629,33;160482,04;160482,04;4317201916,00;134443
WINFUT;30/08/2023;13:50:00;160535,60;160622,64;160488,73;160609,25;3313872162,00;103195
WINFUT;30/08/2023;13:40:00;160495,43;160582,47;160428,47;160542,29;5832211534,00;181686
WINFUT;30/08/2023;13:30:00;160582,47;160682,90;160495,43;160502,12;5182950178,00;161358
WINFUT;30/08/2023;13:20:00;160589,16;160769,94;160535,60;160582,47;6747886712,00;210027
WINFUT;30/08/2023;13:10:00;160515,51;160602,55;160394,99;160589,16;6698121623,00;208666
WINFUT;30/08/2023;13:00:00;160636,03;160669,51;160482,04;160515,51;5293882519,00;164841
WINFUT;30/08/2023;12:50:00;160669,51;160702,98;160562,38;160636,03;4915406874,00;153009
WINFUT;30/08/2023;12:40:00;160769,94;160863,67;160649,42;160669,51;6725202888,00;209168
WINFUT;30/08/2023;12:30:00;160662,81;160783,33;160589,16;160769,94;4868205186,00;151487
WINFUT;30/08/2023;12:20:00;160682,90;160723,07;160609,25;160662,81;4454259761,00;138617
WINFUT;30/08/2023;12:10:00;160542,29;160723,07;160488,73;160689,59;6096276418,00;189765
WINFUT;30/08/2023;12:00:00;160475,34;160669,51;160435,17;160542,29;8707226830,00;271143
WINFUT;30/08/2023;11:50:00;160528,90;160622,64;160401,69;160468,64;9037390929,00;281515
WINFUT;30/08/2023;11:40:00;160790,02;160803,41;160408,39;160528,90;1,082957533E10;337128
WINFUT;30/08/2023;11:30:00;160328,04;160790,02;160321,35;160783,33;1,374408616E10;427943
WINFUT;30/08/2023;11:20:00;160783,33;160790,02;160234,31;160321,35;1,814745183E10;565421
WINFUT;30/08/2023;11:10:00;160582,47;161037,75;160528,90;160783,33;1,475815272E10;458865
WINFUT;30/08/2023;11:00:00;160769,94;160816,81;160495,43;160582,47;1,775675257E10;552680
WINFUT;30/08/2023;10:50:00;160917,24;160984,19;160729,76;160769,94;1,105541343E10;343632
WINFUT;30/08/2023;10:40:00;160856,98;160984,19;160682,90;160923,93;1,507752363E10;468736
WINFUT;30/08/2023;10:30:00;160930,63;161111,40;160796,72;160856,98;2,114665087E10;656984
WINFUT;30/08/2023;10:20:00;161231,92;161298,87;160903,85;160937,32;1,505187924E10;467123
WINFUT;30/08/2023;10:10:00;161225,22;161486,35;161164,97;161231,92;1,415390721E10;438633
WINFUT;30/08/2023;10:00:00;161272,09;161452,87;161171,66;161218,53;1,256720093E10;389531
WINFUT;30/08/2023;09:50:00;161131,49;161339,05;161071,23;161265,40;1,06984439E10;331774
WINFUT;30/08/2023;09:40:00;161051,14;161158,27;160990,89;161131,49;8954877221,00;277956
WINFUT;30/08/2023;09:30:00;160850,28;161091,32;160816,81;161051,14;1,361840858E10;423052
WINFUT;30/08/2023;09:20:00;160716,37;160957,41;160636,03;160843,59;8100638296,00;251880
WINFUT;30/08/2023;09:10:00;160662,81;160836,89;160548,99;160716,37;9164210491,00;285167
WINFUT;30/08/2023;09:00:00;160575,77;160957,41;160502,12;160669,51;9923936957,00;308748
WINFUT;29/08/2023;17:50:00;160810,11;160923,93;160790,02;160790,02;1002851338,00;31175
WINFUT;29/08/2023;17:40:00;160977,49;161010,97;160803,41;160816,81;3981148051,00;123719
WINFUT;29/08/2023;17:30:00;161044,45;161118,10;160964,10;160977,49;3138847599,00;97447
WINFUT;29/08/2023;17:20:00;161037,75;161084,62;160977,49;161051,14;2567293374,00;79713
WINFUT;29/08/2023;17:10:00;161037,75;161084,62;161004,28;161037,75;2430429129,00;75460
WINFUT;29/08/2023;17:00:00;161044,45;161144,88;160964,10;161037,75;5951293366,00;184745
WINFUT;29/08/2023;16:50:00;161064,53;161104,71;160950,71;161037,75;7029836274,00;218269
WINFUT;29/08/2023;16:40:00;160950,71;161084,62;160890,45;161071,23;7946514528,00;246807
WINFUT;29/08/2023;16:30:00;160662,81;161004,28;160662,81;160944,02;9425196412,00;292960
WINFUT;29/08/2023;16:20:00;160749,85;160850,28;160642,72;160669,51;6049502464,00;188167
WINFUT;29/08/2023;16:10:00;160743,16;160850,28;160689,59;160749,85;6117604857,00;190247
WINFUT;29/08/2023;16:00:00;160870,37;160917,24;160716,37;160743,16;6828133956,00;212306
WINFUT;29/08/2023;15:50:00;160749,85;160897,15;160723,07;160870,37;5002488653,00;155534
WINFUT;29/08/2023;15:40:00;160723,07;160877,06;160716,37;160756,55;7169336982,00;222937
WINFUT;29/08/2023;15:30:00;160602,55;160790,02;160515,51;160723,07;9499194353,00;295629
WINFUT;29/08/2023;15:20:00;160522,21;160609,25;160435,17;160595,86;5829169568,00;181565
WINFUT;29/08/2023;15:10:00;160589,16;160595,86;160435,17;160522,21;5756793385,00;179325
WINFUT;29/08/2023;15:00:00;160582,47;160682,90;160508,82;160589,16;5403703276,00;168249
WINFUT;29/08/2023;14:50:00;160475,34;160636,03;160461,95;160582,47;5959241585,00;185597
WINFUT;29/08/2023;14:40:00;160548,99;160548,99;160455,25;160482,04;3508898500,00;109317
WINFUT;29/08/2023;14:30:00;160461,95;160609,25;160435,17;160548,99;6457692584,00;201132
WINFUT;29/08/2023;14:20:00;160428,47;160528,90;160401,69;160468,64;5176239239,00;161286
WINFUT;29/08/2023;14:10:00;160461,95;160488,73;160321,35;160435,17;6336593345,00;197513
WINFUT;29/08/2023;14:00:00;160254,39;160482,04;160220,91;160468,64;8527601831,00;265900
WINFUT;29/08/2023;13:50:00;160066,92;160261,09;160033,44;160254,39;6705229583,00;209334
WINFUT;29/08/2023;13:40:00;160274,48;160274,48;159899,54;160066,92;1,088001028E10;339886
WINFUT;29/08/2023;13:30:00;160267,78;160334,74;160234,31;160267,78;3413274437,00;106482
WINFUT;29/08/2023;13:20:00;160461,95;160482,04;160073,62;160267,78;1,123862875E10;350666
WINFUT;29/08/2023;13:10:00;160475,34;160582,47;160388,30;160461,95;6191293579,00;192898
WINFUT;29/08/2023;13:00:00;160542,29;160636,03;160374,91;160468,64;7468761801,00;232661
WINFUT;29/08/2023;12:50:00;160776,63;160790,02;160522,21;160542,29;7833798690,00;243846
WINFUT;29/08/2023;12:40:00;160763,24;160897,15;160682,90;160776,63;6968004426,00;216682
WINFUT;29/08/2023;12:30:00;160656,12;160850,28;160589,16;160763,24;6701582092,00;208460
WINFUT;29/08/2023;12:20:00;160642,72;160729,76;160589,16;160662,81;4618781982,00;143747
WINFUT;29/08/2023;12:10:00;160656,12;160816,81;160602,55;160649,42;6565660723,00;204286
WINFUT;29/08/2023;12:00:00;160763,24;160897,15;160622,64;160649,42;8113184628,00;252337
WINFUT;29/08/2023;11:50:00;160763,24;160910,54;160716,37;160763,24;7708518083,00;239695
WINFUT;29/08/2023;11:40:00;160970,80;161051,14;160676,20;160763,24;1,067531128E10;331887
WINFUT;29/08/2023;11:30:00;160783,33;161171,66;160736,46;160970,80;1,873152819E10;581834
WINFUT;29/08/2023;11:20:00;160696,29;160830,20;160582,47;160783,33;1,029482509E10;320301
WINFUT;29/08/2023;11:10:00;160649,42;160850,28;160468,64;160702,98;1,82904188E10;569242
WINFUT;29/08/2023;11:00:00;159812,50;160682,90;159779,02;160656,12;2,719600879E10;848415
WINFUT;29/08/2023;10:50:00;159819,19;159919,62;159698,67;159819,19;7246896264,00;226724
WINFUT;29/08/2023;10:40:00;159705,37;159926,32;159645,11;159819,19;1,433290258E10;448545
WINFUT;29/08/2023;10:30:00;160093,70;160120,48;159558,07;159698,67;2,139233335E10;669466
WINFUT;29/08/2023;10:20:00;160421,78;160488,73;160060,22;160093,70;1,293618261E10;403607
WINFUT;29/08/2023;10:10:00;160368,21;160595,86;160261,09;160421,78;1,521232403E10;474071
WINFUT;29/08/2023;10:00:00;160334,74;160548,99;160247,70;160374,91;1,324363104E10;412857
WINFUT;29/08/2023;09:50:00;160127,18;160415,08;160127,18;160328,04;8906548385,00;277790
WINFUT;29/08/2023;09:40:00;159933,01;160200,83;159906,23;160127,18;6582626067,00;205609
WINFUT;29/08/2023;09:30:00;159879,45;160093,70;159832,58;159939,71;8158133127,00;254998
WINFUT;29/08/2023;09:20:00;160100,40;160153,96;159819,19;159879,45;8871829724,00;277254
WINFUT;29/08/2023;09:10:00;159685,28;160328,04;159678,59;160100,40;1,535171196E10;479734
WINFUT;29/08/2023;09:00:00;159243,39;159718,76;159116,17;159685,28;1,235692775E10;387517
WINFUT;28/08/2023;17:50:00;159558,07;159571,46;159404,08;159404,08;1285924414,00;40317
WINFUT;28/08/2023;17:40:00;159484,42;159598,24;159444,25;159551,37;4000648529,00;125400
WINFUT;28/08/2023;17:30:00;159370,60;159484,42;159283,56;159484,42;3683486571,00;115562
WINFUT;28/08/2023;17:20:00;159330,43;159404,08;159276,86;159377,29;3724555818,00;116868
WINFUT;28/08/2023;17:10:00;159424,16;159497,81;159303,64;159330,43;4239479685,00;132969
WINFUT;28/08/2023;17:00:00;159497,81;159504,51;159363,90;159430,86;4417520327,00;138537
WINFUT;28/08/2023;16:50:00;159444,25;159537,98;159337,12;159497,81;8645561184,00;271107
WINFUT;28/08/2023;16:40:00;159089,39;159504,51;159082,70;159444,25;1,273650632E10;399660
WINFUT;28/08/2023;16:30:00;159109,48;159163,04;158962,18;159082,70;8375567717,00;263274
WINFUT;28/08/2023;16:20:00;159129,56;159149,65;159002,35;159109,48;6723440550,00;211331
WINFUT;28/08/2023;16:10:00;158955,48;159209,91;158881,83;159129,56;1,302070459E10;409359
WINFUT;28/08/2023;16:00:00;158580,54;159042,52;158520,28;158962,18;1,239018731E10;390112
WINFUT;28/08/2023;15:50:00;158319,42;158654,19;158319,42;158580,54;1,042300871E10;328774
WINFUT;28/08/2023;15:40:00;158406,46;158413,16;158272,55;158326,12;4931724212,00;155750
WINFUT;28/08/2023;15:30:00;158319,42;158526,98;158225,69;158413,16;9277566462,00;292898
WINFUT;28/08/2023;15:20:00;158185,51;158399,77;158158,73;158312,73;9506640806,00;300330
WINFUT;28/08/2023;15:10:00;157944,48;158232,38;157937,78;158185,51;9135880819,00;288908
WINFUT;28/08/2023;15:00:00;158011,43;158078,39;157837,35;157951,17;7706476005,00;243923
WINFUT;28/08/2023;14:50:00;158065,00;158105,17;157844,05;158011,43;9133898164,00;289108
WINFUT;28/08/2023;14:40:00;158091,78;158145,34;158018,13;158065,00;6404860546,00;202579
WINFUT;28/08/2023;14:30:00;158205,60;158252,47;158065,00;158091,78;6111032127,00;193183
WINFUT;28/08/2023;14:20:00;158285,94;158332,81;158172,12;158198,90;5534225403,00;174857
WINFUT;28/08/2023;14:10:00;158292,64;158366,29;158239,08;158285,94;4689953670,00;148133
WINFUT;28/08/2023;14:00:00;158259,16;158433,24;158232,38;158292,64;7057406043,00;222863
WINFUT;28/08/2023;13:50:00;158513,59;158520,28;158245,77;158259,16;7476451524,00;236030
WINFUT;28/08/2023;13:40:00;158379,68;158526,98;158359,59;158506,89;6750080393,00;213011
WINFUT;28/08/2023;13:30:00;158312,73;158399,77;158239,08;158379,68;5543442671,00;175068
WINFUT;28/08/2023;13:20:00;158185,51;158332,81;158111,86;158319,42;6646736845,00;210051
WINFUT;28/08/2023;13:10:00;158359,59;158372,98;158125,25;158185,51;6506723892,00;205598
WINFUT;28/08/2023;13:00:00;158279,25;158426,55;158252,47;158359,59;5096134113,00;160899
WINFUT;28/08/2023;12:50:00;158372,98;158413,16;158259,16;158285,94;6409795703,00;202421
WINFUT;28/08/2023;12:40:00;158158,73;158439,94;158065,00;158379,68;9985629652,00;315474
WINFUT;28/08/2023;12:30:00;158044,91;158212,29;158024,82;158152,04;7383336178,00;233477
WINFUT;28/08/2023;12:20:00;158024,82;158091,78;157917,70;158044,91;6770117622,00;214242
WINFUT;28/08/2023;12:10:00;158071,69;158118,56;157951,17;158018,13;6059363765,00;191706
WINFUT;28/08/2023;12:00:00;157884,22;158098,47;157844,05;158065,00;8280426562,00;262083
WINFUT;28/08/2023;11:50:00;157823,96;157931,09;157676,66;157877,52;9315229801,00;295153
WINFUT;28/08/2023;11:40:00;157944,48;158065,00;157797,18;157823,96;8684490593,00;274933
WINFUT;28/08/2023;11:30:00;157864,13;157998,04;157623,10;157937,78;1,235478084E10;391391
WINFUT;28/08/2023;11:20:00;158125,25;158192,21;157803,88;157864,13;1,042777171E10;330030
WINFUT;28/08/2023;11:10:00;158152,04;158339,51;158044,91;158125,25;1,291649981E10;408264
WINFUT;28/08/2023;11:00:00;158024,82;158178,82;157783,79;158152,04;1,202534805E10;380647
WINFUT;28/08/2023;10:50:00;157884,22;158252,47;157823,96;158024,82;1,677614636E10;530680
WINFUT;28/08/2023;10:40:00;157957,87;158145,34;157817,27;157884,22;1,555235571E10;492227
WINFUT;28/08/2023;10:30:00;158078,39;158172,12;157422,24;157957,87;2,555395038E10;809867
WINFUT;28/08/2023;10:20:00;157636,49;158085,08;157556,15;158085,08;1,624684707E10;514738
WINFUT;28/08/2023;10:10:00;157736,92;158105,17;157616,40;157636,49;1,869352343E10;592020
WINFUT;28/08/2023;10:00:00;158118,56;158245,77;157683,36;157736,92;1,790358293E10;566549
WINFUT;28/08/2023;09:50:00;158051,61;158279,25;157991,35;158111,86;8570857353,00;270978
WINFUT;28/08/2023;09:40:00;157917,70;158085,08;157870,83;158051,61;5004303426,00;158375
WINFUT;28/08/2023;09:30:00;158145,34;158172,12;157837,35;157924,39;1,044025172E10;330474
WINFUT;28/08/2023;09:20:00;158024,82;158205,60;157984,65;158145,34;7898398752,00;249788
WINFUT;28/08/2023;09:10:00;157797,18;158131,95;157797,18;158024,82;8908889021,00;281917
WINFUT;28/08/2023;09:00:00;158004,74;158105,17;157743,62;157797,18;9587272970,00;303514
WINFUT;25/08/2023;17:50:00;157576,23;157696,75;157549,45;157609,71;1180501248,00;37448
WINFUT;25/08/2023;17:40:00;157469,11;157582,93;157402,15;157576,23;2610751860,00;82888
WINFUT;25/08/2023;17:30:00;157368,67;157489,19;157315,11;157469,11;2788037690,00;88569
WINFUT;25/08/2023;17:20:00;157395,46;157449,02;157341,89;157361,98;2306300396,00;73265
WINFUT;25/08/2023;17:10:00;157428,93;157489,19;157368,67;157402,15;2921925135,00;92796
WINFUT;25/08/2023;17:00:00;157556,15;157636,49;157422,24;157435,63;4823284721,00;153075
WINFUT;25/08/2023;16:50:00;157790,48;157790,48;157522,67;157556,15;8869306124,00;281278
WINFUT;25/08/2023;16:40:00;157877,52;157884,22;157777,09;157790,48;4397941189,00;139330
WINFUT;25/08/2023;16:30:00;157904,31;158065,00;157823,96;157877,52;7056896427,00;223410
WINFUT;25/08/2023;16:20:00;157810,57;158011,43;157790,48;157904,31;6552030115,00;207440
WINFUT;25/08/2023;16:10:00;157817,27;157864,13;157736,92;157810,57;5325413593,00;168737
WINFUT;25/08/2023;16:00:00;157951,17;158098,47;157723,53;157810,57;1,10696223E10;350584
WINFUT;25/08/2023;15:50:00;157931,09;158018,13;157877,52;157951,17;5554147355,00;175813
WINFUT;25/08/2023;15:40:00;157917,70;157998,04;157857,44;157931,09;4674116773,00;148003
WINFUT;25/08/2023;15:30:00;157951,17;158011,43;157857,44;157911,00;8338050413,00;263993
WINFUT;25/08/2023;15:20:00;157763,70;158038,21;157710,14;157944,48;1,015561359E10;321617
WINFUT;25/08/2023;15:10:00;157509,28;157817,27;157455,71;157763,70;9034146540,00;286545
WINFUT;25/08/2023;15:00:00;157422,24;157609,71;157402,15;157509,28;6577862519,00;208801
WINFUT;25/08/2023;14:50:00;157341,89;157442,32;157315,11;157428,93;5455214351,00;173317
WINFUT;25/08/2023;14:40:00;157154,42;157341,89;157127,64;157341,89;6818090116,00;216795
WINFUT;25/08/2023;14:30:00;157341,89;157355,28;157007,12;157154,42;1,335327273E10;424818
WINFUT;25/08/2023;14:20:00;157576,23;157576,23;157295,02;157341,89;8872319298,00;281810
WINFUT;25/08/2023;14:10:00;157669,97;157690,05;157515,97;157576,23;6362012485,00;201841
WINFUT;25/08/2023;14:00:00;157669,97;157763,70;157576,23;157676,66;5350576972,00;169690
WINFUT;25/08/2023;13:50:00;157582,93;157723,53;157489,19;157676,66;5372222166,00;170433
WINFUT;25/08/2023;13:40:00;157603,01;157676,66;157509,28;157582,93;5609758188,00;177987
WINFUT;25/08/2023;13:30:00;157576,23;157750,31;157482,50;157603,01;7703071179,00;244382
WINFUT;25/08/2023;13:20:00;157328,50;157609,71;157321,81;157582,93;7369836724,00;233992
WINFUT;25/08/2023;13:10:00;157194,59;157382,07;157100,86;157328,50;5976981135,00;190010
WINFUT;25/08/2023;13:00:00;157174,51;157301,72;157100,86;157187,90;6669185259,00;212129
WINFUT;25/08/2023;12:50:00;157234,77;157261,55;157060,69;157174,51;1,029112736E10;327401
WINFUT;25/08/2023;12:40:00;157656,58;157669,97;157194,59;157241,46;1,186171947E10;376812
WINFUT;25/08/2023;12:30:00;157777,09;157837,35;157649,88;157663,27;7433179084,00;235607
WINFUT;25/08/2023;12:20:00;157723,53;157823,96;157502,58;157777,09;1,030797783E10;326883
WINFUT;25/08/2023;12:10:00;157502,58;157770,40;157489,19;157723,53;9173793301,00;291011
WINFUT;25/08/2023;12:00:00;157361,98;157589,62;157295,02;157509,28;1,168880107E10;371211
WINFUT;25/08/2023;11:50:00;157368,67;157509,28;157268,24;157355,28;9690460701,00;307836
WINFUT;25/08/2023;11:40:00;157663,27;157803,88;157261,55;157361,98;1,518755682E10;482207
WINFUT;25/08/2023;11:30:00;158085,08;158131,95;157502,58;157669,97;1,979736299E10;627298
WINFUT;25/08/2023;11:20:00;158506,89;158513,59;158004,74;158078,39;1,629031836E10;514731
WINFUT;25/08/2023;11:10:00;158118,56;158674,28;158078,39;158506,89;1,600734381E10;505313
WINFUT;25/08/2023;11:00:00;158393,07;158674,28;157977,96;158118,56;2,382271141E10;752418
WINFUT;25/08/2023;10:50:00;158627,41;158707,75;158279,25;158393,07;1,386243005E10;437346
WINFUT;25/08/2023;10:40:00;158419,85;158634,10;158145,34;158634,10;1,582186464E10;499483
WINFUT;25/08/2023;10:30:00;158520,28;158687,67;158239,08;158426,55;1,944829994E10;613707
WINFUT;25/08/2023;10:20:00;158922,01;158968,87;158379,68;158520,28;1,900913512E10;599029
WINFUT;25/08/2023;10:10:00;159096,09;159203,21;158741,23;158922,01;1,949190417E10;613053
WINFUT;25/08/2023;10:00:00;159484,42;159584,85;159029,13;159096,09;1,736770841E10;545065
WINFUT;25/08/2023;09:50:00;159558,07;159618,33;159444,25;159491,12;6093777240,00;191003
WINFUT;25/08/2023;09:40:00;159397,38;159631,72;159390,68;159558,07;9185683562,00;287929
WINFUT;25/08/2023;09:30:00;159183,13;159450,94;159055,92;159397,38;1,05198966E10;330263
WINFUT;25/08/2023;09:20:00;159417,47;159437,55;159136,26;159176,43;7720726270,00;242343
WINFUT;25/08/2023;09:10:00;159383,99;159491,12;159256,78;159410,77;8712725190,00;273325
WINFUT;25/08/2023;09:00:00;159383,99;159437,55;158734,54;159377,29;2,056071572E10;645991
WINFUT;24/08/2023;17:50:00;159310,34;159511,20;159310,34;159511,20;1642364767,00;51507
WINFUT;24/08/2023;17:40:00;159236,69;159357,21;159196,52;159310,34;2843470976,00;89270
WINFUT;24/08/2023;17:30:00;159163,04;159270,17;159156,35;159230,00;2315198850,00;72707
WINFUT;24/08/2023;17:20:00;159276,86;159276,86;159163,04;159169,74;1842850165,00;57875
WINFUT;24/08/2023;17:10:00;159283,56;159290,25;159176,43;159270,17;2610263471,00;81962
WINFUT;24/08/2023;17:00:00;159230,00;159283,56;159156,35;159283,56;4307718673,00;135279
WINFUT;24/08/2023;16:50:00;159183,13;159330,43;159076,00;159223,30;8109281802,00;254696
WINFUT;24/08/2023;16:40:00;159290,25;159317,04;159096,09;159183,13;9055395014,00;284399
WINFUT;24/08/2023;16:30:00;159544,68;159558,07;159236,69;159283,56;7689691458,00;241247
WINFUT;24/08/2023;16:20:00;159477,73;159564,77;159424,16;159544,68;4775122840,00;149694
WINFUT;24/08/2023;16:10:00;159404,08;159611,63;159377,29;159471,03;6797150668,00;213048
WINFUT;24/08/2023;16:00:00;159517,90;159604,94;159383,99;159410,77;7010508315,00;219773
WINFUT;24/08/2023;15:50:00;159370,60;159517,90;159343,82;159511,20;5119583467,00;160557
WINFUT;24/08/2023;15:40:00;159397,38;159437,55;159270,17;159377,29;6069509415,00;190435
WINFUT;24/08/2023;15:30:00;159524,59;159564,77;159350,51;159404,08;6761811809,00;212045
WINFUT;24/08/2023;15:20:00;159370,60;159531,29;159256,78;159517,90;8276556782,00;259613
WINFUT;24/08/2023;15:10:00;159390,68;159464,33;159283,56;159370,60;5875629564,00;184339
WINFUT;24/08/2023;15:00:00;159671,89;159785,71;159350,51;159390,68;1,160687106E10;363749
WINFUT;24/08/2023;14:50:00;159330,43;159698,67;159290,25;159671,89;9536273595,00;298889
WINFUT;24/08/2023;14:40:00;159450,94;159477,73;159317,04;159337,12;4396938917,00;137936
WINFUT;24/08/2023;14:30:00;159417,47;159551,37;159323,73;159457,64;7981692064,00;250309
WINFUT;24/08/2023;14:20:00;159558,07;159584,85;159390,68;159410,77;5424617150,00;170077
WINFUT;24/08/2023;14:10:00;159625,02;159698,67;159477,73;159551,37;6524601141,00;204438
WINFUT;24/08/2023;14:00:00;159591,55;159645,11;159450,94;159625,02;6613135844,00;207236
WINFUT;24/08/2023;13:50:00;159685,28;159752,24;159511,20;159591,55;6651688152,00;208380
WINFUT;24/08/2023;13:40:00;159357,21;159832,58;159323,73;159685,28;1,408912328E10;441344
WINFUT;24/08/2023;13:30:00;159464,33;159464,33;159250,08;159357,21;9004455092,00;282520
WINFUT;24/08/2023;13:20:00;159477,73;159678,59;159450,94;159457,64;1,0069909E10;315545
WINFUT;24/08/2023;13:10:00;159263,47;159491,12;159122,87;159477,73;9559849133,00;300028
WINFUT;24/08/2023;13:00:00;159076,00;159270,17;159049,22;159263,47;5440241162,00;170894
WINFUT;24/08/2023;12:50:00;159089,39;159209,91;159042,52;159076,00;5606284139,00;176165
WINFUT;24/08/2023;12:40:00;159176,43;159189,82;159042,52;159089,39;5001103659,00;157154
WINFUT;24/08/2023;12:30:00;159169,74;159189,82;158975,57;159176,43;9412535205,00;295814
WINFUT;24/08/2023;12:20:00;159370,60;159377,29;159089,39;159169,74;1,224197351E10;384511
WINFUT;24/08/2023;12:10:00;159638,41;159651,81;159270,17;159370,60;1,437471343E10;450768
WINFUT;24/08/2023;12:00:00;159752,24;159812,50;159558,07;159638,41;9217626057,00;288626
WINFUT;24/08/2023;11:50:00;159959,79;160040,14;159625,02;159752,24;1,210022185E10;378484
WINFUT;24/08/2023;11:40:00;160281,17;160287,87;159866,06;159966,49;1,368265946E10;427421
WINFUT;24/08/2023;11:30:00;160214,22;160314,65;159979,88;160281,17;1,641543998E10;512527
WINFUT;24/08/2023;11:20:00;160328,04;160461,95;160194,13;160207,52;9861366290,00;307582
WINFUT;24/08/2023;11:10:00;160307,95;160441,86;160194,13;160328,04;1,205534922E10;375962
WINFUT;24/08/2023;11:00:00;160823,50;160856,98;160287,87;160307,95;1,764800434E10;549710
WINFUT;24/08/2023;10:50:00;160214,22;160830,20;160194,13;160823,50;2,459991044E10;766155
WINFUT;24/08/2023;10:40:00;160133,87;160408,39;159986,58;160207,52;1,767202838E10;551561
WINFUT;24/08/2023;10:30:00;160100,40;160314,65;159919,62;160133,87;2,338251668E10;730051
WINFUT;24/08/2023;10:20:00;159912,93;160100,40;159832,58;160100,40;9916669622,00;309981
WINFUT;24/08/2023;10:10:00;160180,74;160254,39;159832,58;159919,62;1,93833961E10;605750
WINFUT;24/08/2023;10:00:00;160167,35;160341,43;160093,70;160187,44;1,461841522E10;456193
WINFUT;24/08/2023;09:50:00;160187,44;160274,48;160133,87;160174,05;5414055060,00;168974
WINFUT;24/08/2023;09:40:00;160227,61;160241,00;160120,48;160194,13;6661861672,00;207941
WINFUT;24/08/2023;09:30:00;160388,30;160394,99;160133,87;160234,31;9426148028,00;294116
WINFUT;24/08/2023;09:20:00;160455,25;160502,12;160287,87;160388,30;7919917410,00;246928
WINFUT;24/08/2023;09:10:00;160502,12;160569,08;160428,47;160461,95;7037690843,00;219262
WINFUT;24/08/2023;09:00:00;160816,81;160957,41;160455,25;160495,43;1,396101052E10;434604
WINFUT;23/08/2023;17:50:00;161218,53;161359,13;161178,36;161278,79;1773154187,00;54982
WINFUT;23/08/2023;17:40:00;160950,71;161272,09;160937,32;161218,53;6182095609,00;191868
WINFUT;23/08/2023;17:30:00;160964,10;161010,97;160890,45;160950,71;3949357985,00;122687
WINFUT;23/08/2023;17:20:00;160669,51;161031,06;160669,51;160964,10;1,199627073E10;372839
WINFUT;23/08/2023;17:10:00;160629,33;160749,85;160589,16;160676,20;4488240460,00;139669
WINFUT;23/08/2023;17:00:00;160502,12;160669,51;160441,86;160622,64;6207847185,00;193334
WINFUT;23/08/2023;16:50:00;160669,51;160676,20;160448,56;160502,12;8096722146,00;252161
WINFUT;23/08/2023;16:40:00;160622,64;160682,90;160562,38;160676,20;4495165579,00;139927
WINFUT;23/08/2023;16:30:00;160676,20;160716,37;160522,21;160622,64;9025278373,00;280946
WINFUT;23/08/2023;16:20:00;160656,12;160709,68;160589,16;160669,51;4461619565,00;138855
WINFUT;23/08/2023;16:10:00;160595,86;160709,68;160548,99;160662,81;5716675227,00;177945
WINFUT;23/08/2023;16:00:00;160455,25;160729,76;160435,17;160589,16;9943554606,00;309591
WINFUT;23/08/2023;15:50:00;160421,78;160502,12;160401,69;160455,25;4032317446,00;125655
WINFUT;23/08/2023;15:40:00;160348,13;160528,90;160314,65;160421,78;8596333570,00;267917
WINFUT;23/08/2023;15:30:00;160234,31;160374,91;160187,44;160348,13;6141935538,00;191619
WINFUT;23/08/2023;15:20:00;160421,78;160428,47;160207,52;160227,61;8269285953,00;257943
WINFUT;23/08/2023;15:10:00;160448,56;160495,43;160388,30;160421,78;3656620048,00;113960
WINFUT;23/08/2023;15:00:00;160428,47;160495,43;160374,91;160448,56;4743676687,00;147836
WINFUT;23/08/2023;14:50:00;160455,25;160508,82;160354,82;160428,47;5692962891,00;177441
WINFUT;23/08/2023;14:40:00;160522,21;160609,25;160428,47;160455,25;5276598486,00;164372
WINFUT;23/08/2023;14:30:00;160562,38;160622,64;160468,64;160522,21;4524278778,00;140916
WINFUT;23/08/2023;14:20:00;160595,86;160642,72;160528,90;160562,38;5269404301,00;164061
WINFUT;23/08/2023;14:10:00;160555,68;160609,25;160401,69;160602,55;7969713131,00;248271
WINFUT;23/08/2023;14:00:00;160542,29;160649,42;160542,29;160555,68;4507973860,00;140352
WINFUT;23/08/2023;13:50:00;160575,77;160636,03;160522,21;160535,60;4077604044,00;126960
WINFUT;23/08/2023;13:40:00;160548,99;160649,42;160515,51;160569,08;6258574536,00;194878
WINFUT;23/08/2023;13:30:00;160455,25;160569,08;160421,78;160542,29;4556867872,00;141956
WINFUT;23/08/2023;13:20:00;160388,30;160528,90;160348,13;160455,25;5467674359,00;170405
WINFUT;23/08/2023;13:10:00;160321,35;160475,34;160307,95;160388,30;6918034326,00;215648
WINFUT;23/08/2023;13:00:00;160294,56;160381,60;160227,61;160321,35;5458814564,00;170262
WINFUT;23/08/2023;12:50:00;160180,74;160354,82;160120,48;160294,56;7361643501,00;229706
WINFUT;23/08/2023;12:40:00;160207,52;160234,31;160120,48;160174,05;5149494211,00;160738
WINFUT;23/08/2023;12:30:00;160033,44;160307,95;159939,71;160200,83;9433349049,00;294587
WINFUT;23/08/2023;12:20:00;160053,53;160127,18;159999,97;160040,14;3728210336,00;116460
WINFUT;23/08/2023;12:10:00;160060,22;160127,18;160006,66;160046,83;4527688402,00;141429
WINFUT;23/08/2023;12:00:00;159986,58;160107,09;159906,23;160066,92;7252620103,00;226625
WINFUT;23/08/2023;11:50:00;159892,84;160053,53;159845,97;159986,58;7188254809,00;224694
WINFUT;23/08/2023;11:40:00;159611,63;160006,66;159564,77;159899,54;1,227755116E10;384014
WINFUT;23/08/2023;11:30:00;159859,36;159912,93;159544,68;159611,63;1,089099424E10;340948
WINFUT;23/08/2023;11:20:00;159758,93;159879,45;159625,02;159859,36;1,021783846E10;319786
WINFUT;23/08/2023;11:10:00;159785,71;159805,80;159658,50;159758,93;7800988715,00;244193
WINFUT;23/08/2023;11:00:00;159752,24;159812,50;159537,98;159779,02;1,149264914E10;359860
WINFUT;23/08/2023;10:50:00;159437,55;159825,89;159290,25;159752,24;1,630463582E10;510820
WINFUT;23/08/2023;10:40:00;159310,34;159598,24;159183,13;159437,55;1,728305643E10;542153
WINFUT;23/08/2023;10:30:00;159102,78;159330,43;158975,57;159310,34;2,618309294E10;822455
WINFUT;23/08/2023;10:20:00;158814,88;159203,21;158634,10;159102,78;2,164068355E10;680979
WINFUT;23/08/2023;10:10:00;158834,97;159002,35;158667,58;158808,19;2,245481529E10;706921
WINFUT;23/08/2023;10:00:00;158587,24;158881,83;158480,11;158834,97;1,63468979E10;515158
WINFUT;23/08/2023;09:50:00;158419,85;158640,80;158359,59;158580,54;9730828233,00;306940
WINFUT;23/08/2023;09:40:00;158547,06;158580,54;158359,59;158426,55;6895030272,00;217559
WINFUT;23/08/2023;09:30:00;158607,32;158614,02;158419,85;158547,06;9409066792,00;296805
WINFUT;23/08/2023;09:20:00;158834,97;158861,75;158560,46;158607,32;9603287891,00;302516
WINFUT;23/08/2023;09:10:00;159062,61;159116,17;158768,01;158834,97;8408585471,00;264617
WINFUT;23/08/2023;09:00:00;159096,09;159163,04;158747,93;159055,92;1,492391787E10;469390
WINFUT;22/08/2023;17:50:00;158419,85;158466,72;158326,12;158466,72;1426787855,00;45037
WINFUT;22/08/2023;17:40:00;158426,55;158433,24;158299,33;158419,85;4527131299,00;142936
WINFUT;22/08/2023;17:30:00;158279,25;158466,72;158279,25;158426,55;4768448428,00;150545
WINFUT;22/08/2023;17:20:00;158185,51;158285,94;158158,73;158285,94;2687426122,00;84924
WINFUT;22/08/2023;17:10:00;158252,47;158259,16;158131,95;158185,51;3924944028,00;124062
WINFUT;22/08/2023;17:00:00;158252,47;158292,64;158131,95;158259,16;5388791466,00;170293
WINFUT;22/08/2023;16:50:00;158285,94;158299,33;158212,29;158259,16;4467715653,00;141160
WINFUT;22/08/2023;16:40:00;158306,03;158359,59;158205,60;158285,94;5374251059,00;169774
WINFUT;22/08/2023;16:30:00;158326,12;158332,81;158178,82;158299,33;7084918914,00;223845
WINFUT;22/08/2023;16:20:00;158379,68;158533,67;158232,38;158319,42;1,338108247E10;422457
WINFUT;22/08/2023;16:10:00;158285,94;158393,07;158172,12;158386,38;8251129226,00;260649
WINFUT;22/08/2023;16:00:00;157937,78;158359,59;157937,78;158285,94;1,293917113E10;408980
WINFUT;22/08/2023;15:50:00;157964,56;158051,61;157877,52;157944,48;7276027349,00;230312
WINFUT;22/08/2023;15:40:00;157984,65;158065,00;157917,70;157964,56;6582256142,00;208320
WINFUT;22/08/2023;15:30:00;157757,01;158038,21;157723,53;157984,65;1,283921743E10;406586
WINFUT;22/08/2023;15:20:00;157676,66;157790,48;157623,10;157750,31;5221751491,00;165535
WINFUT;22/08/2023;15:10:00;157736,92;157803,88;157549,45;157676,66;1,004835235E10;318633
WINFUT;22/08/2023;15:00:00;157529,36;157777,09;157415,54;157730,23;1,030411307E10;326921
WINFUT;22/08/2023;14:50:00;157408,85;157556,15;157335,20;157522,67;6737447503,00;213987
WINFUT;22/08/2023;14:40:00;157281,63;157542,75;157254,85;157408,85;8998597722,00;285774
WINFUT;22/08/2023;14:30:00;157321,81;157368,67;157241,46;157288,33;4905413606,00;155922
WINFUT;22/08/2023;14:20:00;157087,47;157328,50;157074,08;157328,50;5337532411,00;169773
WINFUT;22/08/2023;14:10:00;157154,42;157228,07;156946,86;157087,47;8043311189,00;256019
WINFUT;22/08/2023;14:00:00;157308,42;157315,11;156993,73;157154,42;8235597405,00;262051
WINFUT;22/08/2023;13:50:00;157315,11;157382,07;157241,46;157301,72;5135407290,00;163211
WINFUT;22/08/2023;13:40:00;157221,38;157335,20;157207,98;157308,42;3638277372,00;115659
WINFUT;22/08/2023;13:30:00;157194,59;157335,20;157047,30;157214,68;7627556603,00;242611
WINFUT;22/08/2023;13:20:00;157254,85;157321,81;157074,08;157194,59;6178165424,00;196530
WINFUT;22/08/2023;13:10:00;157361,98;157375,37;157167,81;157248,16;6148212748,00;195469
WINFUT;22/08/2023;13:00:00;157254,85;157428,93;157207,98;157368,67;4901178487,00;155745
WINFUT;22/08/2023;12:50:00;157455,71;157462,41;157234,77;157254,85;5454752788,00;173363
WINFUT;22/08/2023;12:40:00;157335,20;157556,15;157335,20;157455,71;6577436186,00;208871
WINFUT;22/08/2023;12:30:00;157301,72;157415,54;157187,90;157341,89;5368066095,00;170628
WINFUT;22/08/2023;12:20:00;157315,11;157355,28;157221,38;157295,02;3777169939,00;120070
WINFUT;22/08/2023;12:10:00;157274,94;157556,15;157207,98;157315,11;8959171843,00;284678
WINFUT;22/08/2023;12:00:00;157449,02;157536,06;157268,24;157281,63;6772154065,00;215136
WINFUT;22/08/2023;11:50:00;157509,28;157603,01;157375,37;157449,02;8762418799,00;278201
WINFUT;22/08/2023;11:40:00;157341,89;157509,28;157201,29;157509,28;8616833030,00;273799
WINFUT;22/08/2023;11:30:00;157100,86;157355,28;156993,73;157348,59;1,00729799E10;320452
WINFUT;22/08/2023;11:20:00;157295,02;157636,49;156960,25;157094,16;1,682711186E10;534934
WINFUT;22/08/2023;11:10:00;157127,64;157408,85;157107,55;157295,02;9751123477,00;309964
WINFUT;22/08/2023;11:00:00;157228,07;157368,67;157120,94;157120,94;1,028991539E10;327158
WINFUT;22/08/2023;10:50:00;157033,90;157315,11;156987,04;157234,77;1,405876754E10;447258
WINFUT;22/08/2023;10:40:00;157415,54;157422,24;156859,82;157033,90;2,161059596E10;687699
WINFUT;22/08/2023;10:30:00;157515,97;157743,62;157375,37;157415,54;2,058530322E10;653327
WINFUT;22/08/2023;10:20:00;157442,32;157663,27;157248,16;157515,97;2,266688226E10;719702
WINFUT;22/08/2023;10:10:00;157274,94;157449,02;156893,30;157435,63;2,292560716E10;729293
WINFUT;22/08/2023;10:00:00;157027,21;157301,72;156759,39;157281,63;2,264780081E10;721345
WINFUT;22/08/2023;09:50:00;157053,99;157201,29;156993,73;157020,51;7141473307,00;227299
WINFUT;22/08/2023;09:40:00;157120,94;157207,98;157020,51;157053,99;7620759815,00;242524
WINFUT;22/08/2023;09:30:00;156893,30;157187,90;156886,61;157120,94;1,295569427E10;412431
WINFUT;22/08/2023;09:20:00;156940,17;156993,73;156846,43;156893,30;6028245360,00;192086
WINFUT;22/08/2023;09:10:00;157040,60;157074,08;156879,91;156940,17;1,107824636E10;352852
WINFUT;22/08/2023;09:00:00;156404,54;157100,86;156136,72;157040,60;2,258562673E10;720189
WINFUT;21/08/2023;17:50:00;155668,04;155741,69;155493,96;155493,96;1486094433,00;47742
WINFUT;21/08/2023;17:40:00;155694,82;155735,00;155647,96;155674,74;3788650917,00;121674
WINFUT;21/08/2023;17:30:00;155781,86;155788,56;155634,57;155688,13;4168078191,00;133854
WINFUT;21/08/2023;17:20:00;155855,51;155882,30;155748,39;155781,86;3534405693,00;113427
WINFUT;21/08/2023;17:10:00;155868,90;155909,08;155835,43;155848,82;2569270945,00;82418
WINFUT;21/08/2023;17:00:00;155868,90;155949,25;155828,73;155868,90;4501648634,00;144389
WINFUT;21/08/2023;16:50:00;155962,64;156016,20;155848,82;155868,90;7446359197,00;238776
WINFUT;21/08/2023;16:40:00;155922,47;156069,77;155915,77;155962,64;6775656689,00;217187
WINFUT;21/08/2023;16:30:00;155996,12;156156,81;155822,04;155922,47;9284695464,00;297610
WINFUT;21/08/2023;16:20:00;156063,07;156083,16;155962,64;155989,42;4872472981,00;156144
WINFUT;21/08/2023;16:10:00;156056,38;156156,81;155888,99;156063,07;7789911851,00;249616
WINFUT;21/08/2023;16:00:00;155942,55;156103,24;155909,08;156063,07;6486872448,00;207906
WINFUT;21/08/2023;15:50:00;155955,94;156076,46;155842,12;155935,86;8397436778,00;269238
WINFUT;21/08/2023;15:40:00;155842,12;156049,68;155828,73;155962,64;9528239300,00;305491
WINFUT;21/08/2023;15:30:00;155775,17;155875,60;155735,00;155848,82;5094524883,00;163497
WINFUT;21/08/2023;15:20:00;155848,82;155942,55;155768,47;155768,47;5659497450,00;181554
WINFUT;21/08/2023;15:10:00;155688,13;155902,38;155681,43;155848,82;8036399191,00;257857
WINFUT;21/08/2023;15:00:00;155607,78;155828,73;155601,09;155694,82;7630133839,00;244971
WINFUT;21/08/2023;14:50:00;155721,61;155741,69;155527,44;155601,09;5995235705,00;192611
WINFUT;21/08/2023;14:40:00;155714,91;155755,08;155607,78;155721,61;4765424390,00;153045
WINFUT;21/08/2023;14:30:00;155768,47;155888,99;155694,82;155714,91;7320071627,00;234936
WINFUT;21/08/2023;14:20:00;155647,96;155775,17;155467,18;155768,47;9901286424,00;318142
WINFUT;21/08/2023;14:10:00;155909,08;155909,08;155601,09;155647,96;8887389997,00;285368
WINFUT;21/08/2023;14:00:00;155935,86;155969,34;155788,56;155915,77;6312857317,00;202502
WINFUT;21/08/2023;13:50:00;155982,73;156016,20;155848,82;155942,55;5592570472,00;179334
WINFUT;21/08/2023;13:40:00;155708,22;155996,12;155688,13;155976,03;7664822351,00;245879
WINFUT;21/08/2023;13:30:00;155969,34;155969,34;155574,31;155714,91;1,341511168E10;430601
WINFUT;21/08/2023;13:20:00;155942,55;156016,20;155835,43;155969,34;5391488330,00;172881
WINFUT;21/08/2023;13:10:00;155895,69;156022,90;155882,30;155935,86;4691349206,00;150406
WINFUT;21/08/2023;13:00:00;156016,20;156056,38;155828,73;155895,69;5991668472,00;192115
WINFUT;21/08/2023;12:50:00;155835,43;156029,59;155748,39;156016,20;6622535168,00;212378
WINFUT;21/08/2023;12:40:00;156109,94;156116,63;155822,04;155828,73;8743125483,00;280339
WINFUT;21/08/2023;12:30:00;156304,11;156404,54;156016,20;156109,94;1,0349614E10;331250
WINFUT;21/08/2023;12:20:00;156083,16;156310,80;156069,77;156310,80;8528582176,00;272991
WINFUT;21/08/2023;12:10:00;155976,03;156103,24;155868,90;156089,85;1,049848515E10;336521
WINFUT;21/08/2023;12:00:00;156183,59;156304,11;155935,86;155982,73;1,030564402E10;330074
WINFUT;21/08/2023;11:50:00;156424,62;156444,71;156143,42;156176,89;1,097073054E10;350979
WINFUT;21/08/2023;11:40:00;156056,38;156424,62;156016,20;156424,62;1,116730041E10;357497
WINFUT;21/08/2023;11:30:00;155768,47;156116,63;155721,61;156063,07;1,250285263E10;401030
WINFUT;21/08/2023;11:20:00;156042,99;156190,28;155701,52;155768,47;2,048322963E10;656778
WINFUT;21/08/2023;11:10:00;156397,84;156411,23;155922,47;156042,99;2,045776834E10;655126
WINFUT;21/08/2023;11:00:00;156699,13;156853,13;156196,98;156404,54;2,130198763E10;680767
WINFUT;21/08/2023;10:50:00;156223,76;156712,53;156163,50;156705,83;1,356134285E10;433467
WINFUT;21/08/2023;10:40:00;156605,40;156645,57;156156,81;156223,76;1,867680466E10;597225
WINFUT;21/08/2023;10:30:00;156632,18;156906,69;156384,45;156612,09;2,03623453E10;649959
WINFUT;21/08/2023;10:20:00;157120,94;157154,42;156605,40;156638,88;1,942978129E10;619562
WINFUT;21/08/2023;10:10:00;157087,47;157355,28;156913,39;157127,64;2,386229259E10;759278
WINFUT;21/08/2023;10:00:00;157141,03;157194,59;156859,82;157080,77;1,970466629E10;627357
WINFUT;21/08/2023;09:50:00;157187,90;157214,68;157100,86;157147,73;4370062388,00;139038
WINFUT;21/08/2023;09:40:00;157201,29;157261,55;157107,55;157181,20;6262884024,00;199214
WINFUT;21/08/2023;09:30:00;157187,90;157241,46;157087,47;157207,98;7336984295,00;233422
WINFUT;21/08/2023;09:20:00;157241,46;157335,20;157147,73;157187,90;5771502597,00;183510
WINFUT;21/08/2023;09:10:00;157328,50;157455,71;157174,51;157241,46;8736109693,00;277647
WINFUT;21/08/2023;09:00:00;157803,88;157817,27;157295,02;157335,20;1,185832799E10;376481
WINFUT;18/08/2023;17:50:00;157201,29;157234,77;157027,21;157027,21;1087397940,00;34604
WINFUT;18/08/2023;17:40:00;157107,55;157295,02;157094,16;157194,59;3200470101,00;101806
WINFUT;18/08/2023;17:30:00;157174,51;157214,68;157013,82;157107,55;4225737536,00;134475
WINFUT;18/08/2023;17:20:00;157248,16;157254,85;157060,69;157167,81;5119286968,00;162881
WINFUT;18/08/2023;17:10:00;157388,76;157422,24;157194,59;157241,46;4457447050,00;141694
WINFUT;18/08/2023;17:00:00;157281,63;157489,19;157254,85;157388,76;5388980150,00;171205
WINFUT;18/08/2023;16:50:00;157449,02;157489,19;157201,29;157281,63;7909716665,00;251383
WINFUT;18/08/2023;16:40:00;157181,20;157636,49;157174,51;157442,32;1,29897294E10;412544
WINFUT;18/08/2023;16:30:00;157154,42;157248,16;157094,16;157187,90;5354952063,00;170366
WINFUT;18/08/2023;16:20:00;157100,86;157221,38;157074,08;157154,42;5202518220,00;165528
WINFUT;18/08/2023;16:10:00;157207,98;157228,07;157053,99;157100,86;6748517804,00;214715
WINFUT;18/08/2023;16:00:00;157295,02;157301,72;157194,59;157207,98;4744242545,00;150850
WINFUT;18/08/2023;15:50:00;157308,42;157395,46;157281,63;157295,02;5645926594,00;179423
WINFUT;18/08/2023;15:40:00;157254,85;157328,50;157154,42;157308,42;7218991181,00;229534
WINFUT;18/08/2023;15:30:00;157120,94;157268,24;157080,77;157261,55;6089110957,00;193709
WINFUT;18/08/2023;15:20:00;157060,69;157154,42;156913,39;157120,94;6585461309,00;209668
WINFUT;18/08/2023;15:10:00;157194,59;157207,98;156859,82;157053,99;1,049919863E10;334281
WINFUT;18/08/2023;15:00:00;157261,55;157361,98;157167,81;157194,59;6250756289,00;198740
WINFUT;18/08/2023;14:50:00;157368,67;157375,37;157207,98;157254,85;4524499819,00;143833
WINFUT;18/08/2023;14:40:00;157308,42;157375,37;157174,51;157375,37;6353046836,00;201974
WINFUT;18/08/2023;14:30:00;157428,93;157462,41;157254,85;157308,42;7140947571,00;226888
WINFUT;18/08/2023;14:20:00;157335,20;157435,63;156960,25;157435,63;1,341652748E10;426754
WINFUT;18/08/2023;14:10:00;157502,58;157529,36;157207,98;157341,89;1,062451525E10;337596
WINFUT;18/08/2023;14:00:00;157603,01;157690,05;157475,80;157495,89;7607513380,00;241371
WINFUT;18/08/2023;13:50:00;157730,23;157777,09;157589,62;157609,71;4269591998,00;135384
WINFUT;18/08/2023;13:40:00;157750,31;157777,09;157649,88;157730,23;3760747234,00;119225
WINFUT;18/08/2023;13:30:00;157763,70;157810,57;157663,27;157750,31;5416166807,00;171693
WINFUT;18/08/2023;13:20:00;157716,84;157844,05;157683,36;157763,70;5115834905,00;162129
WINFUT;18/08/2023;13:10:00;157603,01;157823,96;157582,93;157723,53;7113119304,00;225498
WINFUT;18/08/2023;13:00:00;157616,40;157690,05;157529,36;157609,71;4546818011,00;144242
WINFUT;18/08/2023;12:50:00;157710,14;157757,01;157576,23;157616,40;4701174839,00;149085
WINFUT;18/08/2023;12:40:00;157643,19;157757,01;157515,97;157703,44;7012157029,00;222414
WINFUT;18/08/2023;12:30:00;157636,49;157803,88;157582,93;157643,19;7772621931,00;246466
WINFUT;18/08/2023;12:20:00;157790,48;157803,88;157522,67;157629,79;9172645686,00;290907
WINFUT;18/08/2023;12:10:00;157355,28;157877,52;157348,59;157797,18;1,48126276E10;469815
WINFUT;18/08/2023;12:00:00;157355,28;157502,58;157308,42;157355,28;8031175830,00;255128
WINFUT;18/08/2023;11:50:00;157442,32;157482,50;157214,68;157355,28;9708245915,00;308514
WINFUT;18/08/2023;11:40:00;157228,07;157522,67;157181,20;157435,63;1,519795241E10;482832
WINFUT;18/08/2023;11:30:00;156973,65;157295,02;156893,30;157228,07;1,253885331E10;399117
WINFUT;18/08/2023;11:20:00;157060,69;157335,20;156946,86;156973,65;1,293811671E10;411630
WINFUT;18/08/2023;11:10:00;157033,90;157154,42;156786,17;157053,99;1,430081624E10;455488
WINFUT;18/08/2023;11:00:00;157074,08;157315,11;156980,34;157033,90;1,406277213E10;447354
WINFUT;18/08/2023;10:50:00;157020,51;157295,02;156946,86;157074,08;1,598203617E10;508654
WINFUT;18/08/2023;10:40:00;157167,81;157194,59;156779,48;157020,51;1,881287948E10;599094
WINFUT;18/08/2023;10:30:00;156511,66;157228,07;156404,54;157167,81;2,811758167E10;896469
WINFUT;18/08/2023;10:20:00;156371,06;156578,62;156116,63;156511,66;1,937703253E10;619757
WINFUT;18/08/2023;10:10:00;156699,13;156779,48;156163,50;156371,06;2,439415056E10;779705
WINFUT;18/08/2023;10:00:00;156525,05;156725,92;156237,15;156699,13;2,286231919E10;730678
WINFUT;18/08/2023;09:50:00;156692,44;156772,78;156464,80;156518,36;9611127322,00;306826
WINFUT;18/08/2023;09:40:00;156806,26;156846,43;156598,70;156692,44;7734856973,00;246807
WINFUT;18/08/2023;09:30:00;156598,70;156920,08;156592,01;156799,57;1,166352239E10;371885
WINFUT;18/08/2023;09:20:00;156652,27;156705,83;156551,84;156598,70;5345133924,00;170640
WINFUT;18/08/2023;09:10:00;156699,13;156893,30;156551,84;156652,27;1,001938274E10;319701
WINFUT;18/08/2023;09:00:00;156658,96;156819,65;156377,76;156705,83;1,332261846E10;425426
WINFUT;17/08/2023;17:50:00;156926,78;157007,12;156846,43;157007,12;1487533104,00;47393
WINFUT;17/08/2023;17:40:00;156853,13;156940,17;156846,43;156920,08;2545514771,00;81122
WINFUT;17/08/2023;17:30:00;156900,00;157020,51;156792,87;156853,13;5252946052,00;167355
WINFUT;17/08/2023;17:20:00;156779,48;156906,69;156772,78;156893,30;2178493028,00;69455
WINFUT;17/08/2023;17:10:00;156879,91;156886,61;156732,61;156786,17;3284380853,00;104731
WINFUT;17/08/2023;17:00:00;156799,57;156926,78;156766,09;156873,21;4713244224,00;150246
WINFUT;17/08/2023;16:50:00;156725,92;156913,39;156725,92;156799,57;7168432068,00;228531
WINFUT;17/08/2023;16:40:00;156799,57;156906,69;156652,27;156725,92;8358260067,00;266553
WINFUT;17/08/2023;16:30:00;157060,69;157074,08;156739,31;156799,57;1,073131092E10;342051
WINFUT;17/08/2023;16:20:00;157013,82;157100,86;156853,13;157053,99;8095361511,00;257839
WINFUT;17/08/2023;16:10:00;156752,70;157020,51;156739,31;157013,82;7559142015,00;240949
WINFUT;17/08/2023;16:00:00;157047,30;157107,55;156746,00;156752,70;1,129432409E10;359919
WINFUT;17/08/2023;15:50:00;157047,30;157181,20;156853,13;157047,30;1,11850685E10;356194
WINFUT;17/08/2023;15:40:00;157087,47;157174,51;156960,25;157047,30;8308270361,00;264495
WINFUT;17/08/2023;15:30:00;157268,24;157274,94;157080,77;157087,47;6024708426,00;191630
WINFUT;17/08/2023;15:20:00;157047,30;157335,20;156980,34;157261,55;8618662963,00;274144
WINFUT;17/08/2023;15:10:00;157268,24;157274,94;156960,25;157047,30;1,004764632E10;319781
WINFUT;17/08/2023;15:00:00;157368,67;157382,07;157141,03;157261,55;9923126493,00;315542
WINFUT;17/08/2023;14:50:00;157408,85;157482,50;157348,59;157375,37;4964181975,00;157678
WINFUT;17/08/2023;14:40:00;157475,80;157556,15;157174,51;157402,15;1,143666719E10;363456
WINFUT;17/08/2023;14:30:00;157603,01;157623,10;157355,28;157475,80;9247697465,00;293599
WINFUT;17/08/2023;14:20:00;157569,54;157669,97;157475,80;157596,32;5775876260,00;183268
WINFUT;17/08/2023;14:10:00;157609,71;157636,49;157509,28;157569,54;4782204146,00;151745
WINFUT;17/08/2023;14:00:00;157817,27;157850,74;157502,58;157609,71;8280239896,00;262656
WINFUT;17/08/2023;13:50:00;157649,88;157837,35;157569,54;157810,57;6489600622,00;205734
WINFUT;17/08/2023;13:40:00;157629,79;157690,05;157562,84;157649,88;4873400213,00;154584
WINFUT;17/08/2023;13:30:00;157837,35;157897,61;157596,32;157629,79;8320712848,00;263759
WINFUT;17/08/2023;13:20:00;157603,01;157864,13;157569,54;157830,66;9236966220,00;292766
WINFUT;17/08/2023;13:10:00;157415,54;157623,10;157415,54;157609,71;5532329937,00;175601
WINFUT;17/08/2023;13:00:00;157428,93;157449,02;157214,68;157415,54;6582872481,00;209201
WINFUT;17/08/2023;12:50:00;157328,50;157462,41;157100,86;157422,24;1,159544763E10;368579
WINFUT;17/08/2023;12:40:00;157556,15;157663,27;157221,38;157335,20;1,016960931E10;322912
WINFUT;17/08/2023;12:30:00;157455,71;157609,71;157435,63;157549,45;5673174213,00;180084
WINFUT;17/08/2023;12:20:00;157489,19;157556,15;157348,59;157449,02;7334855673,00;232912
WINFUT;17/08/2023;12:10:00;157629,79;157710,14;157435,63;157482,50;1,128032207E10;357918
WINFUT;17/08/2023;12:00:00;157582,93;157643,19;157395,46;157636,49;1,269091283E10;402839
WINFUT;17/08/2023;11:50:00;157770,40;157944,48;157542,75;157582,93;1,508103819E10;478124
WINFUT;17/08/2023;11:40:00;157904,31;158085,08;157763,70;157770,40;1,050279451E10;332451
WINFUT;17/08/2023;11:30:00;158453,33;158533,67;157750,31;157911,00;2,191890841E10;693364
WINFUT;17/08/2023;11:20:00;158587,24;158627,41;158339,51;158453,33;9409255333,00;296878
WINFUT;17/08/2023;11:10:00;158587,24;158721,15;158473,42;158580,54;1,082134632E10;341197
WINFUT;17/08/2023;11:00:00;158413,16;158701,06;158366,29;158587,24;1,589239601E10;501189
WINFUT;17/08/2023;10:50:00;158694,36;158888,53;158326,12;158406,46;1,791210203E10;564738
WINFUT;17/08/2023;10:40:00;158707,75;159156,35;158660,89;158687,67;2,061146364E10;648376
WINFUT;17/08/2023;10:30:00;158714,45;158848,36;158480,11;158707,75;1,890305799E10;595824
WINFUT;17/08/2023;10:20:00;159042,52;159136,26;158680,97;158721,15;1,464484956E10;460924
WINFUT;17/08/2023;10:10:00;158982,27;159163,04;158647,50;159042,52;1,93271083E10;608250
WINFUT;17/08/2023;10:00:00;158895,23;158995,66;158506,89;158975,57;1,846932093E10;581678
WINFUT;17/08/2023;09:50:00;158520,28;158948,79;158493,50;158901,92;1,071847328E10;337654
WINFUT;17/08/2023;09:40:00;158741,23;158881,83;158513,59;158520,28;9613547111,00;302786
WINFUT;17/08/2023;09:30:00;158660,89;158781,40;158486,81;158747,93;8788770461,00;276999
WINFUT;17/08/2023;09:20:00;158781,40;158781,40;158526,98;158667,58;6053800751,00;190798
WINFUT;17/08/2023;09:10:00;158667,58;158801,49;158607,32;158774,71;7092054828,00;223440
WINFUT;17/08/2023;09:00:00;158761,32;159096,09;158520,28;158674,28;1,498303462E10;471942
WINFUT;16/08/2023;17:50:00;157616,40;157803,88;157609,71;157770,40;1076147938,00;34117
WINFUT;16/08/2023;17:40:00;157736,92;157790,48;157569,54;157616,40;3441027877,00;109120
WINFUT;16/08/2023;17:30:00;157656,58;157743,62;157589,62;157736,92;2449759422,00;77684
WINFUT;16/08/2023;17:20:00;157629,79;157669,97;157502,58;157656,58;3162516323,00;100337
WINFUT;16/08/2023;17:10:00;157757,01;157797,18;157616,40;157629,79;3140703009,00;99573
WINFUT;16/08/2023;17:00:00;157569,54;157850,74;157515,97;157757,01;5116967294,00;162271
WINFUT;16/08/2023;16:50:00;157890,92;157917,70;157415,54;157562,84;9861164277,00;312740
WINFUT;16/08/2023;16:40:00;158091,78;158198,90;157582,93;157897,61;1,389870576E10;440239
WINFUT;16/08/2023;16:30:00;158198,90;158352,90;157877,52;158091,78;1,228643408E10;388499
WINFUT;16/08/2023;16:20:00;158593,93;158600,63;158111,86;158198,90;1,28192142E10;404837
WINFUT;16/08/2023;16:10:00;158660,89;158774,71;158332,81;158593,93;1,23044531E10;388122
WINFUT;16/08/2023;16:00:00;158774,71;158881,83;158600,63;158667,58;8105709185,00;255310
WINFUT;16/08/2023;15:50:00;158901,92;158948,79;158580,54;158768,01;1,018492745E10;320732
WINFUT;16/08/2023;15:40:00;159256,78;159303,64;158868,44;158908,62;7349141217,00;230991
WINFUT;16/08/2023;15:30:00;159062,61;159337,12;159035,83;159256,78;6525680604,00;204969
WINFUT;16/08/2023;15:20:00;159116,17;159310,34;159009,05;159062,61;1,045695679E10;328504
WINFUT;16/08/2023;15:10:00;159076,00;159156,35;158727,84;159116,17;1,037663925E10;326394
WINFUT;16/08/2023;15:00:00;159129,56;159230,00;158821,58;159076,00;9477568219,00;297974
WINFUT;16/08/2023;14:50:00;159149,65;159169,74;159002,35;159129,56;3788385090,00;119066
WINFUT;16/08/2023;14:40:00;158975,57;159169,74;158955,48;159149,65;5147274684,00;161794
WINFUT;16/08/2023;14:30:00;159042,52;159055,92;158915,31;158975,57;4803336026,00;151059
WINFUT;16/08/2023;14:20:00;158888,53;159142,96;158875,14;159035,83;6187294086,00;194563
WINFUT;16/08/2023;14:10:00;159109,48;159116,17;158741,23;158895,23;9863200954,00;310408
WINFUT;16/08/2023;14:00:00;159116,17;159183,13;158821,58;159109,48;1,107797287E10;348357
WINFUT;16/08/2023;13:50:00;159122,87;159276,86;159089,39;159116,17;7103241428,00;223123
WINFUT;16/08/2023;13:40:00;159129,56;159129,56;158881,83;159129,56;7121501600,00;223957
WINFUT;16/08/2023;13:30:00;159149,65;159163,04;158955,48;159129,56;6592086089,00;207207
WINFUT;16/08/2023;13:20:00;159129,56;159223,30;159029,13;159149,65;6027988703,00;189421
WINFUT;16/08/2023;13:10:00;159491,12;159524,59;158968,87;159129,56;1,110629731E10;348802
WINFUT;16/08/2023;13:00:00;159651,81;159678,59;159337,12;159497,81;6777819834,00;212490
WINFUT;16/08/2023;12:50:00;159484,42;159671,89;159430,86;159645,11;4818197262,00;150956
WINFUT;16/08/2023;12:40:00;159551,37;159658,50;159410,77;159484,42;5844145890,00;183162
WINFUT;16/08/2023;12:30:00;159564,77;159718,76;159504,51;159551,37;6240300416,00;195478
WINFUT;16/08/2023;12:20:00;159611,63;159665,20;159437,55;159571,46;7931747158,00;248578
WINFUT;16/08/2023;12:10:00;159805,80;159859,36;159578,16;159611,63;9078024082,00;284207
WINFUT;16/08/2023;12:00:00;159959,79;159999,97;159772,32;159805,80;8558766201,00;267679
WINFUT;16/08/2023;11:50:00;159812,50;160234,31;159758,93;159953,10;1,482175745E10;463109
WINFUT;16/08/2023;11:40:00;160013,36;160100,40;159765,63;159805,80;1,347472605E10;421250
WINFUT;16/08/2023;11:30:00;159471,03;160053,53;159437,55;160013,36;2,021211161E10;632694
WINFUT;16/08/2023;11:20:00;159122,87;159564,77;159096,09;159464,33;1,212175008E10;380293
WINFUT;16/08/2023;11:10:00;159250,08;159504,51;159062,61;159122,87;1,456317325E10;457179
WINFUT;16/08/2023;11:00:00;159022,44;159276,86;158861,75;159250,08;1,077480981E10;338713
WINFUT;16/08/2023;10:50:00;159290,25;159310,34;158754,62;159022,44;1,419384403E10;446468
WINFUT;16/08/2023;10:40:00;159129,56;159397,38;158861,75;159283,56;1,687069446E10;530035
WINFUT;16/08/2023;10:30:00;158995,66;159303,64;158761,32;159136,26;1,930529886E10;606914
WINFUT;16/08/2023;10:20:00;158935,40;159377,29;158660,89;158995,66;2,402042969E10;755373
WINFUT;16/08/2023;10:10:00;158620,71;159035,83;158406,46;158935,40;2,083574318E10;656268
WINFUT;16/08/2023;10:00:00;158553,76;158654,19;158192,21;158620,71;1,976268985E10;623696
WINFUT;16/08/2023;09:50:00;158513,59;158593,93;158245,77;158553,76;1,195853605E10;377458
WINFUT;16/08/2023;09:40:00;158593,93;158614,02;158419,85;158506,89;7158257530,00;225786
WINFUT;16/08/2023;09:30:00;158714,45;158794,79;158506,89;158587,24;9144674258,00;288191
WINFUT;16/08/2023;09:20:00;158647,50;158721,15;158466,72;158714,45;7098579764,00;223855
WINFUT;16/08/2023;09:10:00;159089,39;159109,48;158573,85;158654,19;8248326248,00;259798
WINFUT;16/08/2023;09:00:00;158600,63;159129,56;158386,38;159082,70;1,356719899E10;427168
WINFUT;15/08/2023;17:50:00;158002,60;158111,86;157975,28;158111,86;1289259224,00;40782
WINFUT;15/08/2023;17:40:00;158152,84;158193,81;157975,28;157995,77;3864525706,00;122229
WINFUT;15/08/2023;17:30:00;158262,10;158316,73;158098,21;158159,67;5131838132,00;162196
WINFUT;15/08/2023;17:20:00;158337,22;158350,88;158180,15;158268,93;5193740290,00;164091
WINFUT;15/08/2023;17:10:00;158501,12;158542,09;158200,64;158344,05;6908291134,00;218096
WINFUT;15/08/2023;17:00:00;158521,60;158658,18;158439,66;158501,12;6575425535,00;207376
WINFUT;15/08/2023;16:50:00;158753,79;158842,57;158487,46;158521,60;7520057921,00;236972
WINFUT;15/08/2023;16:40:00;158589,89;158781,11;158576,24;158753,79;6176524804,00;194583
WINFUT;15/08/2023;16:30:00;158904,03;158917,69;158405,51;158589,89;1,795084859E10;565724
WINFUT;15/08/2023;16:20:00;159252,31;159347,91;158869,88;158904,03;1,199461355E10;376908
WINFUT;15/08/2023;16:10:00;159265,96;159279,62;158938,17;159252,31;1,048198528E10;329411
WINFUT;15/08/2023;16:00:00;159218,16;159293,28;159129,38;159265,96;4254684459,00;133609
WINFUT;15/08/2023;15:50:00;159224,99;159265,96;159122,56;159211,33;5437388389,00;170777
WINFUT;15/08/2023;15:40:00;159170,36;159327,43;159143,04;159224,99;4687348728,00;147168
WINFUT;15/08/2023;15:30:00;159238,65;159354,74;159149,87;159170,36;5875702136,00;184473
WINFUT;15/08/2023;15:20:00;159279,62;159341,08;159190,85;159238,65;5676131104,00;178190
WINFUT;15/08/2023;15:10:00;159375,23;159491,32;159265,96;159286,45;5796168681,00;181827
WINFUT;15/08/2023;15:00:00;159532,30;159586,93;159300,11;159375,23;7970153221,00;249938
WINFUT;15/08/2023;14:50:00;159388,89;159566,44;159245,48;159532,30;9318521672,00;292288
WINFUT;15/08/2023;14:40:00;159149,87;159450,35;159122,56;159395,72;8816606352,00;276720
WINFUT;15/08/2023;14:30:00;159286,45;159313,77;159108,90;159149,87;5889841513,00;184987
WINFUT;15/08/2023;14:20:00;159320,60;159382,06;159245,48;159279,62;5221386574,00;163869
WINFUT;15/08/2023;14:10:00;159211,33;159361,57;159149,87;159313,77;6058636476,00;190221
WINFUT;15/08/2023;14:00:00;159231,82;159327,43;159177,19;159218,16;4655042221,00;146161
WINFUT;15/08/2023;13:50:00;159067,92;159286,45;159026,95;159231,82;6036531909,00;189603
WINFUT;15/08/2023;13:40:00;159245,48;159293,28;158869,88;159061,09;9476464250,00;297837
WINFUT;15/08/2023;13:30:00;159067,92;159272,79;159020,12;159245,48;7035315705,00;220993
WINFUT;15/08/2023;13:20:00;159306,94;159334,25;158945,00;159074,75;9199346556,00;289090
WINFUT;15/08/2023;13:10:00;159436,69;159470,83;159184,02;159300,11;8506213310,00;266963
WINFUT;15/08/2023;13:00:00;159450,35;159586,93;159300,11;159443,52;6429843206,00;201640
WINFUT;15/08/2023;12:50:00;159559,61;159621,07;159347,91;159450,35;5942463950,00;186284
WINFUT;15/08/2023;12:40:00;159566,44;159655,22;159484,49;159559,61;6045563644,00;189431
WINFUT;15/08/2023;12:30:00;159743,99;159921,55;159511,81;159573,27;1,122958448E10;351563
WINFUT;15/08/2023;12:20:00;159388,89;159757,65;159313,77;159743,99;8618953445,00;270125
WINFUT;15/08/2023;12:10:00;159218,16;159573,27;159211,33;159395,72;1,345247482E10;421928
WINFUT;15/08/2023;12:00:00;158890,37;159265,96;158869,88;159218,16;8436005977,00;265094
WINFUT;15/08/2023;11:50:00;159108,90;159177,19;158835,74;158890,37;9876949966,00;310568
WINFUT;15/08/2023;11:40:00;159108,90;159347,91;159033,78;159108,90;1,0618239E10;333491
WINFUT;15/08/2023;11:30:00;159368,40;159470,83;158801,59;159108,90;2,102579791E10;660621
WINFUT;15/08/2023;11:20:00;159573,27;159846,43;159354,74;159368,40;1,33987339E10;419775
WINFUT;15/08/2023;11:10:00;159648,39;159880,57;159443,52;159573,27;1,553629655E10;486477
WINFUT;15/08/2023;11:00:00;160146,91;160160,56;159423,03;159648,39;1,88616163E10;590546
WINFUT;15/08/2023;10:50:00;159989,84;160310,80;159962,52;160153,73;1,491299945E10;465620
WINFUT;15/08/2023;10:40:00;159525,47;160133,25;159518,64;159996,67;1,931031586E10;603724
WINFUT;15/08/2023;10:30:00;160249,34;160290,32;159457,18;159525,47;2,316792583E10;724594
WINFUT;15/08/2023;10:20:00;160194,71;160379,09;159921,55;160249,34;1,695522094E10;529310
WINFUT;15/08/2023;10:10:00;160522,50;160754,69;160160,56;160201,54;2,302216837E10;717335
WINFUT;15/08/2023;10:00:00;160010,33;160570,30;159962,52;160522,50;2,272098783E10;708661
WINFUT;15/08/2023;09:50:00;160194,71;160242,51;159948,86;160010,33;1,175844772E10;367201
WINFUT;15/08/2023;09:40:00;159627,90;160208,37;159607,41;160194,71;1,317819068E10;411857
WINFUT;15/08/2023;09:30:00;159928,38;160030,81;159573,27;159627,90;1,789975479E10;560066
WINFUT;15/08/2023;09:20:00;159545,95;159928,38;159511,81;159921,55;9056038599,00;283608
WINFUT;15/08/2023;09:10:00;159709,85;159866,92;159498,15;159545,95;1,762420034E10;551786
WINFUT;15/08/2023;09:00:00;158528,43;159757,65;158173,32;159709,85;2,38369419E10;749547
WINFUT;14/08/2023;17:50:00;159457,18;159573,27;159402,54;159402,54;1535928240,00;48155
WINFUT;14/08/2023;17:40:00;159655,22;159675,70;159395,72;159464,01;4914852900,00;154069
WINFUT;14/08/2023;17:30:00;159757,65;159764,48;159614,24;159655,22;3256068725,00;101963
WINFUT;14/08/2023;17:20:00;159668,88;159805,46;159668,88;159750,82;2808028350,00;87891
WINFUT;14/08/2023;17:10:00;159716,68;159750,82;159614,24;159675,70;3988714302,00;124893
WINFUT;14/08/2023;17:00:00;159764,48;159784,97;159655,22;159709,85;5580084716,00;174682
WINFUT;14/08/2023;16:50:00;159682,53;159839,60;159675,70;159771,31;8523604978,00;266768
WINFUT;14/08/2023;16:40:00;159566,44;159737,17;159539,12;159682,53;5998273984,00;187852
WINFUT;14/08/2023;16:30:00;159443,52;159675,70;159436,69;159566,44;8760458357,00;274489
WINFUT;14/08/2023;16:20:00;159504,98;159600,59;159313,77;159443,52;1,076814272E10;337699
WINFUT;14/08/2023;16:10:00;159573,27;159668,88;159416,20;159498,15;7643589269,00;239541
WINFUT;14/08/2023;16:00:00;159593,76;159730,34;159518,64;159573,27;7657027316,00;239830
WINFUT;14/08/2023;15:50:00;159573,27;159682,53;159457,18;159593,76;7384546304,00;231367
WINFUT;14/08/2023;15:40:00;159511,81;159668,88;159491,32;159573,27;6330575512,00;198315
WINFUT;14/08/2023;15:30:00;159566,44;159771,31;159457,18;159511,81;9711013983,00;304185
WINFUT;14/08/2023;15:20:00;159819,11;159853,26;159484,49;159566,44;1,01008976E10;316291
WINFUT;14/08/2023;15:10:00;159832,77;159894,23;159689,36;159819,11;1,193573701E10;373459
WINFUT;14/08/2023;15:00:00;160010,33;160071,79;159819,11;159832,77;7249600887,00;226615
WINFUT;14/08/2023;14:50:00;159955,69;160037,64;159887,40;160010,33;6466293252,00;202107
WINFUT;14/08/2023;14:40:00;160119,59;160160,56;159942,04;159955,69;5383291942,00;168177
WINFUT;14/08/2023;14:30:00;160126,42;160194,71;159983,01;160119,59;7094194233,00;221580
WINFUT;14/08/2023;14:20:00;160078,62;160187,88;160078,62;160119,59;4329872124,00;135195
WINFUT;14/08/2023;14:10:00;160502,01;160502,01;160051,30;160085,44;8896374571,00;277519
WINFUT;14/08/2023;14:00:00;160112,76;160556,65;160112,76;160502,01;1,060018952E10;330461
WINFUT;14/08/2023;13:50:00;160194,71;160222,03;160058,13;160105,93;4811130761,00;150227
WINFUT;14/08/2023;13:40:00;160133,25;160201,54;160044,47;160187,88;4720357289,00;147404
WINFUT;14/08/2023;13:30:00;160256,17;160269,83;160099,10;160126,42;4717646405,00;147272
WINFUT;14/08/2023;13:20:00;160146,91;160290,32;160105,93;160256,17;5292322891,00;165177
WINFUT;14/08/2023;13:10:00;160222,03;160290,32;160085,44;160146,91;5583587997,00;174286
WINFUT;14/08/2023;13:00:00;160126,42;160406,41;160099,10;160222,03;9126058091,00;284713
WINFUT;14/08/2023;12:50:00;160133,25;160263,00;160105,93;160119,59;6100175287,00;190416
WINFUT;14/08/2023;12:40:00;160112,76;160160,56;159983,01;160140,08;5753483069,00;179714
WINFUT;14/08/2023;12:30:00;160058,13;160126,42;159866,92;160112,76;7053858498,00;220458
WINFUT;14/08/2023;12:20:00;159825,94;160099,10;159784,97;160058,13;7933895918,00;248027
WINFUT;14/08/2023;12:10:00;159784,97;159907,89;159621,07;159825,94;8664686690,00;271190
WINFUT;14/08/2023;12:00:00;159798,63;159832,77;159545,95;159791,80;1,181695862E10;369973
WINFUT;14/08/2023;11:50:00;160058,13;160153,73;159771,31;159805,46;9655980894,00;301827
WINFUT;14/08/2023;11:40:00;160283,49;160344,95;160010,33;160064,96;8980334040,00;280306
WINFUT;14/08/2023;11:30:00;159921,55;160338,12;159894,23;160283,49;9503321075,00;296737
WINFUT;14/08/2023;11:20:00;160105,93;160167,39;159907,89;159928,38;1,084297931E10;338721
WINFUT;14/08/2023;11:10:00;159996,67;160290,32;159928,38;160105,93;1,162003349E10;362802
WINFUT;14/08/2023;11:00:00;159976,18;160105,93;159730,34;159996,67;1,176076517E10;367719
WINFUT;14/08/2023;10:50:00;159648,39;160037,64;159634,73;159976,18;1,51781942E10;474839
WINFUT;14/08/2023;10:40:00;160044,47;160153,73;159402,54;159648,39;2,313446488E10;723628
WINFUT;14/08/2023;10:30:00;160583,96;160713,71;160003,50;160051,30;2,616929656E10;815811
WINFUT;14/08/2023;10:20:00;160870,78;160952,73;160481,53;160583,96;2,058066182E10;640435
WINFUT;14/08/2023;10:10:00;160734,20;160980,04;160508,84;160870,78;2,021352552E10;628621
WINFUT;14/08/2023;10:00:00;160884,44;161150,77;160385,92;160741,03;2,334689638E10;725901
WINFUT;14/08/2023;09:50:00;160741,03;160904,93;160706,88;160877,61;8626436928,00;268256
WINFUT;14/08/2023;09:40:00;160413,24;160747,86;160413,24;160747,86;8820725374,00;274626
WINFUT;14/08/2023;09:30:00;160467,87;160529,33;160228,85;160413,24;1,401903391E10;437031
WINFUT;14/08/2023;09:20:00;160570,30;160809,32;160413,24;160474,70;1,132457132E10;352563
WINFUT;14/08/2023;09:10:00;160536,16;160720,54;160420,07;160570,30;1,224857358E10;381424
WINFUT;14/08/2023;09:00:00;161396,61;161478,56;160481,53;160542,99;1,441770323E10;448367
WINFUT;11/08/2023;17:50:00;161533,19;161587,83;161451,25;161560,51;1021851768,00;31630
WINFUT;11/08/2023;17:40:00;161492,22;161567,34;161423,93;161540,02;2874387885,00;88989
WINFUT;11/08/2023;17:30:00;161410,27;161519,54;161362,47;161485,39;2871658740,00;88934
WINFUT;11/08/2023;17:20:00;161396,61;161451,25;161301,01;161410,27;3038244894,00;94128
WINFUT;11/08/2023;17:10:00;161430,76;161444,42;161355,64;161396,61;2504855577,00;77602
WINFUT;11/08/2023;17:00:00;161301,01;161464,90;161287,35;161437,59;5505618600,00;170569
WINFUT;11/08/2023;16:50:00;161178,09;161355,64;161137,11;161301,01;7420616829,00;230090
WINFUT;11/08/2023;16:40:00;161164,43;161266,86;161130,28;161184,91;5155895677,00;159924
WINFUT;11/08/2023;16:30:00;161123,45;161410,27;161089,31;161157,60;1,059201064E10;328441
WINFUT;11/08/2023;16:20:00;160952,73;161205,40;160891,27;161123,45;8921365072,00;276966
WINFUT;11/08/2023;16:10:00;160959,56;161027,85;160863,95;160952,73;5196464765,00;161448
WINFUT;11/08/2023;16:00:00;160993,70;161109,80;160932,24;160952,73;6716275478,00;208552
WINFUT;11/08/2023;15:50:00;160836,64;161068,82;160829,81;160993,70;8056584464,00;250290
WINFUT;11/08/2023;15:40:00;160788,83;160898,10;160741,03;160836,64;5126507290,00;159393
WINFUT;11/08/2023;15:30:00;160604,45;160816,15;160549,82;160788,83;8662956868,00;269560
WINFUT;11/08/2023;15:20:00;160973,22;160986,87;160583,96;160604,45;9060366398,00;281761
WINFUT;11/08/2023;15:10:00;160877,61;161014,19;160549,82;160980,04;1,247710117E10;388132
WINFUT;11/08/2023;15:00:00;160911,75;161061,99;160850,29;160877,61;7814461410,00;242762
WINFUT;11/08/2023;14:50:00;160816,15;160939,07;160768,35;160904,93;5408178638,00;168109
WINFUT;11/08/2023;14:40:00;160809,32;160891,27;160665,91;160809,32;9624098755,00;299288
WINFUT;11/08/2023;14:30:00;161191,74;161232,72;160665,91;160802,49;1,25767915E10;390713
WINFUT;11/08/2023;14:20:00;161027,85;161260,03;160952,73;161184,91;7721375381,00;239584
WINFUT;11/08/2023;14:10:00;161219,06;161239,55;160802,49;161027,85;1,665501869E10;517201
WINFUT;11/08/2023;14:00:00;161574,17;161785,87;161123,45;161219,06;1,671823651E10;517775
WINFUT;11/08/2023;13:50:00;162100,00;162140,97;161546,85;161574,17;1,080216694E10;333736
WINFUT;11/08/2023;13:40:00;162175,12;162229,75;162038,54;162093,17;5389623186,00;166220
WINFUT;11/08/2023;13:30:00;162222,92;162325,36;162100,00;162175,12;6421377460,00;197929
WINFUT;11/08/2023;13:20:00;162339,02;162564,37;162168,29;162222,92;1,088309733E10;335148
WINFUT;11/08/2023;13:10:00;162052,20;162366,33;161970,25;162345,84;8316009082,00;256455
WINFUT;11/08/2023;13:00:00;162113,66;162229,75;162031,71;162045,37;8645016124,00;266632
WINFUT;11/08/2023;12:50:00;161942,93;162127,32;161922,45;162106,83;5692997362,00;175669
WINFUT;11/08/2023;12:40:00;162079,51;162127,32;161867,81;161942,93;1,055041695E10;325640
WINFUT;11/08/2023;12:30:00;162100,00;162209,26;162024,88;162079,51;8123018557,00;250527
WINFUT;11/08/2023;12:20:00;162052,20;162257,07;162038,54;162100,00;7186617792,00;221587
WINFUT;11/08/2023;12:10:00;162407,31;162414,13;161963,42;162052,20;1,031032149E10;317967
WINFUT;11/08/2023;12:00:00;162304,87;162564,37;162298,04;162407,31;8296457924,00;255387
WINFUT;11/08/2023;11:50:00;162325,36;162455,11;162147,80;162304,87;1,05501247E10;325017
WINFUT;11/08/2023;11:40:00;162523,40;162646,32;162236,58;162332,19;1,030325159E10;317140
WINFUT;11/08/2023;11:30:00;162434,62;162530,23;162304,87;162516,57;8576461139,00;263999
WINFUT;11/08/2023;11:20:00;162482,42;162605,35;162216,09;162427,79;1,322474172E10;407195
WINFUT;11/08/2023;11:10:00;162475,60;162830,70;162359,50;162475,60;1,259766926E10;387470
WINFUT;11/08/2023;11:00:00;162332,19;162789,73;162277,55;162475,60;1,848540749E10;568595
WINFUT;11/08/2023;10:50:00;162393,65;162434,62;162079,51;162339,02;1,351864045E10;416659
WINFUT;11/08/2023;10:40:00;162789,73;162885,34;162304,87;162393,65;1,60220263E10;492760
WINFUT;11/08/2023;10:30:00;162605,35;162796,56;162345,84;162782,90;1,897795244E10;583695
WINFUT;11/08/2023;10:20:00;162619,00;162885,34;162434,62;162605,35;1,77473417E10;545461
WINFUT;11/08/2023;10:10:00;161833,67;162776,07;161820,01;162612,18;2,333134146E10;718598
WINFUT;11/08/2023;10:00:00;161799,52;161977,08;161724,41;161840,50;1,088249829E10;336188
WINFUT;11/08/2023;09:50:00;161874,64;161977,08;161717,58;161806,35;1,074100775E10;331867
WINFUT;11/08/2023;09:40:00;162366,33;162386,82;161847,33;161867,81;1,285381018E10;396541
WINFUT;11/08/2023;09:30:00;162263,90;162543,89;162059,03;162366,33;1,721267981E10;530211
WINFUT;11/08/2023;09:20:00;162257,07;162386,82;162161,46;162257,07;9133488015,00;281415
WINFUT;11/08/2023;09:10:00;161942,93;162298,04;161888,30;162250,24;1,096185087E10;338129
WINFUT;11/08/2023;09:00:00;161642,46;162018,05;161205,40;161949,76;1,79538702E10;555324
WINFUT;10/08/2023;17:50:00;161321,49;161444,42;161287,35;161287,35;1328632230,00;41170
WINFUT;10/08/2023;17:40:00;161492,22;161533,19;161301,01;161314,67;4293793766,00;133017
WINFUT;10/08/2023;17:30:00;161683,43;161697,09;161423,93;161499,05;5033174512,00;155798
WINFUT;10/08/2023;17:20:00;161656,12;161751,72;161587,83;161690,26;3698681190,00;114393
WINFUT;10/08/2023;17:10:00;161785,87;161820,01;161621,97;161656,12;4290085749,00;132650
WINFUT;10/08/2023;17:00:00;161820,01;161963,42;161758,55;161792,70;5344979735,00;165122
WINFUT;10/08/2023;16:50:00;161772,21;161908,79;161731,23;161820,01;5440232035,00;168096
WINFUT;10/08/2023;16:40:00;161772,21;161867,81;161656,12;161772,21;7582299660,00;234349
WINFUT;10/08/2023;16:30:00;161710,75;161888,30;161533,19;161772,21;1,266737111E10;391637
WINFUT;10/08/2023;16:20:00;162147,80;162168,29;161676,60;161710,75;1,637036919E10;505506
WINFUT;10/08/2023;16:10:00;162359,50;162414,13;162140,97;162147,80;5642355571,00;173838
WINFUT;10/08/2023;16:00:00;162400,48;162407,31;162154,63;162359,50;6816378738,00;210031
WINFUT;10/08/2023;15:50:00;162318,53;162434,62;162298,04;162393,65;4768557411,00;146840
WINFUT;10/08/2023;15:40:00;162298,04;162420,96;162175,12;162311,70;5919804136,00;182364
WINFUT;10/08/2023;15:30:00;162250,24;162359,50;162188,78;162298,04;4798852842,00;147864
WINFUT;10/08/2023;15:20:00;162325,36;162407,31;162243,41;162250,24;5044299974,00;155377
WINFUT;10/08/2023;15:10:00;162373,16;162441,45;162257,07;162325,36;6386816157,00;196710
WINFUT;10/08/2023;15:00:00;162079,51;162455,11;162052,20;162379,99;8529898830,00;262797
WINFUT;10/08/2023;14:50:00;162318,53;162434,62;162038,54;162079,51;9952396386,00;306786
WINFUT;10/08/2023;14:40:00;162209,26;162407,31;162147,80;162311,70;7580244113,00;233564
WINFUT;10/08/2023;14:30:00;162311,70;162332,19;162106,83;162209,26;1,007151239E10;310459
WINFUT;10/08/2023;14:20:00;162468,77;162489,25;162250,24;162311,70;6590191498,00;202948
WINFUT;10/08/2023;14:10:00;162455,11;162523,40;162325,36;162468,77;5638663098,00;173558
WINFUT;10/08/2023;14:00:00;162482,42;162557,54;162318,53;162448,28;8585196480,00;264236
WINFUT;10/08/2023;13:50:00;162673,64;162680,47;162352,67;162475,60;8373469788,00;257618
WINFUT;10/08/2023;13:40:00;162625,83;162694,12;162468,77;162673,64;8324810380,00;256003
WINFUT;10/08/2023;13:30:00;162195,61;162666,81;162168,29;162632,66;9633534326,00;296531
WINFUT;10/08/2023;13:20:00;162455,11;162523,40;162086,34;162195,61;1,260560165E10;388414
WINFUT;10/08/2023;13:10:00;162571,20;162653,15;162434,62;162455,11;5613830249,00;172675
WINFUT;10/08/2023;13:00:00;162687,29;162721,44;162523,40;162578,03;5418919738,00;166616
WINFUT;10/08/2023;12:50:00;162304,87;162728,27;162195,61;162694,12;1,226373834E10;377453
WINFUT;10/08/2023;12:40:00;162646,32;162694,12;162284,38;162304,87;1,012192988E10;311497
WINFUT;10/08/2023;12:30:00;162653,15;162680,47;162448,28;162639,49;7414593164,00;228043
WINFUT;10/08/2023;12:20:00;162700,95;162714,61;162468,77;162646,32;8150695803,00;250666
WINFUT;10/08/2023;12:10:00;162523,40;162741,93;162414,13;162700,95;8609142494,00;264766
WINFUT;10/08/2023;12:00:00;162796,56;162817,05;162475,60;162523,40;9994875953,00;307286
WINFUT;10/08/2023;11:50:00;162516,57;162810,22;162482,42;162796,56;1,001814849E10;307992
WINFUT;10/08/2023;11:40:00;162905,82;162912,65;162400,48;162523,40;1,596997639E10;491027
WINFUT;10/08/2023;11:30:00;162994,60;163076,55;162858,02;162912,65;8471222599,00;259914
WINFUT;10/08/2023;11:20:00;162919,48;163021,92;162714,61;162994,60;1,205929273E10;370203
WINFUT;10/08/2023;11:10:00;162871,68;163124,35;162803,39;162919,48;1,14651961E10;351778
WINFUT;10/08/2023;11:00:00;163431,66;163479,46;162823,87;162864,85;1,80667318E10;553633
WINFUT;10/08/2023;10:50:00;163001,43;163479,46;162680,47;163438,48;1,825932062E10;560029
WINFUT;10/08/2023;10:40:00;162694,12;163219,96;162605,35;163001,43;1,824786922E10;560104
WINFUT;10/08/2023;10:30:00;162659,98;162871,68;162325,36;162700,95;2,674842454E10;822599
WINFUT;10/08/2023;10:20:00;162933,14;163206,30;162632,66;162653,15;1,956531564E10;600534
WINFUT;10/08/2023;10:10:00;162707,78;163062,89;162632,66;162939,97;1,4874512E10;456730
WINFUT;10/08/2023;10:00:00;162919,48;163062,89;162632,66;162707,78;1,721152386E10;528419
WINFUT;10/08/2023;09:50:00;162858,02;162953,63;162700,95;162919,48;8050991559,00;247235
WINFUT;10/08/2023;09:40:00;162632,66;162953,63;162482,42;162858,02;1,369720379E10;421031
WINFUT;10/08/2023;09:30:00;162912,65;163247,27;162619,00;162625,83;1,844369422E10;565849
WINFUT;10/08/2023;09:20:00;163035,57;163076,55;162687,29;162912,65;1,103984369E10;338948
WINFUT;10/08/2023;09:10:00;162885,34;163056,06;162755,58;163035,57;9481606511,00;291035
WINFUT;10/08/2023;09:00:00;162666,81;163062,89;162229,75;162885,34;1,587092065E10;487465
WINFUT;09/08/2023;17:50:00;162086,34;162120,49;162011,22;162011,22;1109904730,00;34243
WINFUT;09/08/2023;17:40:00;162045,37;162093,17;161970,25;162079,51;3249067625,00;100257
WINFUT;09/08/2023;17:30:00;162024,88;162093,17;162004,39;162052,20;2318998155,00;71553
WINFUT;09/08/2023;17:20:00;162052,20;162113,66;161997,57;162024,88;2653658357,00;81872
WINFUT;09/08/2023;17:10:00;162004,39;162120,49;161983,91;162045,37;3994646638,00;123243
WINFUT;09/08/2023;17:00:00;161936,10;162072,68;161881,47;162004,39;4920373028,00;151875
WINFUT;09/08/2023;16:50:00;161847,33;162038,54;161826,84;161942,93;8713989838,00;269031
WINFUT;09/08/2023;16:40:00;161963,42;162004,39;161792,70;161840,50;8074904449,00;249384
WINFUT;09/08/2023;16:30:00;161867,81;162011,22;161799,52;161970,25;9943048157,00;307025
WINFUT;09/08/2023;16:20:00;161758,55;161881,47;161717,58;161874,64;8078974251,00;249656
WINFUT;09/08/2023;16:10:00;161710,75;161826,84;161635,63;161751,72;6392250109,00;197632
WINFUT;09/08/2023;16:00:00;161724,41;161854,16;161656,12;161710,75;6755206417,00;208804
WINFUT;09/08/2023;15:50:00;161840,50;161881,47;161697,09;161724,41;6031983383,00;186411
WINFUT;09/08/2023;15:40:00;161826,84;161867,81;161690,26;161833,67;7059657984,00;218175
WINFUT;09/08/2023;15:30:00;161915,62;162018,05;161806,35;161833,67;6099751349,00;188376
WINFUT;09/08/2023;15:20:00;161963,42;162072,68;161799,52;161908,79;9680432397,00;298897
WINFUT;09/08/2023;15:10:00;161779,04;162045,37;161758,55;161963,42;7525628424,00;232400
WINFUT;09/08/2023;15:00:00;161826,84;161970,25;161744,89;161779,04;8306919360,00;256619
WINFUT;09/08/2023;14:50:00;161738,06;161867,81;161717,58;161833,67;4857686939,00;150112
WINFUT;09/08/2023;14:40:00;161779,04;161997,57;161731,23;161744,89;7957619724,00;245826
WINFUT;09/08/2023;14:30:00;161738,06;161840,50;161669,77;161779,04;6696815561,00;207013
WINFUT;09/08/2023;14:20:00;161860,99;161895,13;161724,41;161744,89;5661528674,00;174932
WINFUT;09/08/2023;14:10:00;161785,87;161956,59;161772,21;161860,99;6948980844,00;214666
WINFUT;09/08/2023;14:00:00;161662,94;161813,18;161656,12;161792,70;5533995796,00;171080
WINFUT;09/08/2023;13:50:00;161635,63;161751,72;161560,51;161669,77;6533090521,00;202062
WINFUT;09/08/2023;13:40:00;161669,77;161669,77;161369,30;161628,80;1,018164633E10;315174
WINFUT;09/08/2023;13:30:00;161628,80;161703,92;161567,34;161669,77;5341106342,00;165227
WINFUT;09/08/2023;13:20:00;161512,71;161751,72;161464,90;161621,97;7160785537,00;221510
WINFUT;09/08/2023;13:10:00;161703,92;161724,41;161485,39;161519,54;6394677863,00;197860
WINFUT;09/08/2023;13:00:00;161519,54;161867,81;161499,05;161703,92;9929878619,00;307064
WINFUT;09/08/2023;12:50:00;161417,10;161553,68;161341,98;161519,54;7295199840,00;225915
WINFUT;09/08/2023;12:40:00;161615,14;161717,58;161382,96;161410,27;8271938408,00;256011
WINFUT;09/08/2023;12:30:00;161376,13;161697,09;161362,47;161615,14;8194336372,00;253608
WINFUT;09/08/2023;12:20:00;161540,02;161546,85;161348,81;161369,30;1,026420639E10;317896
WINFUT;09/08/2023;12:10:00;161799,52;161867,81;161294,18;161540,02;1,793582475E10;555114
WINFUT;09/08/2023;12:00:00;161806,35;162018,05;161642,46;161806,35;1,371604569E10;423748
WINFUT;09/08/2023;11:50:00;162359,50;162393,65;161772,21;161806,35;1,352397071E10;417256
WINFUT;09/08/2023;11:40:00;162168,29;162427,79;162024,88;162352,67;1,110086149E10;342080
WINFUT;09/08/2023;11:30:00;162038,54;162379,99;161922,45;162168,29;1,496230642E10;461395
WINFUT;09/08/2023;11:20:00;162482,42;162523,40;161806,35;162038,54;2,02546253E10;624695
WINFUT;09/08/2023;11:10:00;162366,33;162530,23;162147,80;162482,42;1,730803794E10;533056
WINFUT;09/08/2023;11:00:00;162496,08;162557,54;162209,26;162366,33;1,69954816E10;523246
WINFUT;09/08/2023;10:50:00;162216,09;162516,57;161860,99;162496,08;1,904215381E10;587193
WINFUT;09/08/2023;10:40:00;162079,51;162557,54;162045,37;162216,09;2,436294473E10;750706
WINFUT;09/08/2023;10:30:00;162024,88;162100,00;161574,17;162079,51;2,331939554E10;720601
WINFUT;09/08/2023;10:20:00;162359,50;162441,45;161888,30;162024,88;2,149086062E10;662906
WINFUT;09/08/2023;10:10:00;162550,71;162578,03;162181,95;162359,50;1,877910573E10;578207
WINFUT;09/08/2023;10:00:00;162475,60;162632,66;162031,71;162550,71;2,68952227E10;828280
WINFUT;09/08/2023;09:50:00;162598,52;162721,44;162427,79;162482,42;9911705933,00;304834
WINFUT;09/08/2023;09:40:00;162673,64;162687,29;162461,94;162605,35;1,00556368E10;309289
WINFUT;09/08/2023;09:30:00;162728,27;162782,90;162407,31;162673,64;1,649464893E10;507299
WINFUT;09/08/2023;09:20:00;162639,49;162796,56;162557,54;162728,27;8454452671,00;259870
WINFUT;09/08/2023;09:10:00;162721,44;162748,76;162448,28;162639,49;1,456673958E10;447892
WINFUT;09/08/2023;09:00:00;163540,92;163540,92;162666,81;162721,44;1,508075294E10;462524
WINFUT;08/08/2023;17:50:00;163138,01;163172,15;162871,68;162871,68;1437984178,00;44101
WINFUT;08/08/2023;17:40:00;162905,82;163138,01;162837,53;163131,18;3956952276,00;121397
WINFUT;08/08/2023;17:30:00;162926,31;162980,94;162851,19;162912,65;3024590673,00;92827
WINFUT;08/08/2023;17:20:00;162946,80;163015,09;162871,68;162926,31;3583998817,00;109983
WINFUT;08/08/2023;17:10:00;163042,40;163062,89;162912,65;162946,80;2417882814,00;74175
WINFUT;08/08/2023;17:00:00;162994,60;163138,01;162987,77;163042,40;4526738734,00;138799
WINFUT;08/08/2023;16:50:00;163049,23;163062,89;162858,02;162994,60;6937524435,00;212858
WINFUT;08/08/2023;16:40:00;163049,23;163144,84;163008,26;163056,06;5207463189,00;159662
WINFUT;08/08/2023;16:30:00;163247,27;163274,59;162878,51;163049,23;1,217469787E10;373330
WINFUT;08/08/2023;16:20:00;163165,32;163281,42;163138,01;163254,10;3719333487,00;113941
WINFUT;08/08/2023;16:10:00;163240,44;163267,76;163144,84;163158,50;3795891668,00;116293
WINFUT;08/08/2023;16:00:00;163233,61;163329,22;163124,35;163240,44;8152749285,00;249732
WINFUT;08/08/2023;15:50:00;163226,79;163377,02;163178,98;163240,44;6465585935,00;198009
WINFUT;08/08/2023;15:40:00;163172,15;163260,93;163131,18;163226,79;5270955584,00;161488
WINFUT;08/08/2023;15:30:00;163158,50;163199,47;162946,80;163172,15;8165204721,00;250346
WINFUT;08/08/2023;15:20:00;163274,59;163315,56;163103,86;163158,50;5816743891,00;178214
WINFUT;08/08/2023;15:10:00;163138,01;163315,56;163124,35;163274,59;5306236982,00;162519
WINFUT;08/08/2023;15:00:00;163568,24;163581,89;163069,72;163131,18;1,143367016E10;350046
WINFUT;08/08/2023;14:50:00;163431,66;163738,96;163418,00;163568,24;1,16104068E10;354858
WINFUT;08/08/2023;14:40:00;163472,63;163527,26;163329,22;163431,66;6333860315,00;193772
WINFUT;08/08/2023;14:30:00;163540,92;163691,16;163315,56;163472,63;1,544064001E10;472165
WINFUT;08/08/2023;14:20:00;163254,10;163554,58;163226,79;163547,75;1,13899415E10;348547
WINFUT;08/08/2023;14:10:00;163185,81;163356,54;163117,52;163254,10;1,109721566E10;339890
WINFUT;08/08/2023;14:00:00;162939,97;163206,30;162912,65;163178,98;9917777074,00;304104
WINFUT;08/08/2023;13:50:00;162892,16;162980,94;162748,76;162939,97;7148108078,00;219440
WINFUT;08/08/2023;13:40:00;162926,31;162994,60;162837,53;162892,16;4573629945,00;140364
WINFUT;08/08/2023;13:30:00;162974,11;163090,21;162830,70;162926,31;5888244716,00;180641
WINFUT;08/08/2023;13:20:00;163056,06;163185,81;162939,97;162967,28;6106809303,00;187220
WINFUT;08/08/2023;13:10:00;162892,16;163124,35;162864,85;163049,23;6842772014,00;209874
WINFUT;08/08/2023;13:00:00;163049,23;163192,64;162796,56;162892,16;8402133629,00;257748
WINFUT;08/08/2023;12:50:00;163103,86;163172,15;162960,45;163056,06;5712751032,00;175169
WINFUT;08/08/2023;12:40:00;163083,38;163158,50;162933,14;163097,03;6056233639,00;185732
WINFUT;08/08/2023;12:30:00;162905,82;163158,50;162817,05;163083,38;9589869754,00;294146
WINFUT;08/08/2023;12:20:00;162960,45;162994,60;162735,10;162905,82;7457239383,00;228963
WINFUT;08/08/2023;12:10:00;162612,18;163062,89;162543,89;162960,45;1,483500199E10;455508
WINFUT;08/08/2023;12:00:00;162195,61;162619,00;162154,63;162605,35;8586710337,00;264407
WINFUT;08/08/2023;11:50:00;162530,23;162557,54;162154,63;162202,44;1,082540098E10;333498
WINFUT;08/08/2023;11:40:00;162209,26;162721,44;162168,29;162523,40;1,556251119E10;478829
WINFUT;08/08/2023;11:30:00;162448,28;162455,11;162113,66;162209,26;1,148023164E10;353762
WINFUT;08/08/2023;11:20:00;161738,06;162461,94;161608,31;162448,28;1,633253567E10;504063
WINFUT;08/08/2023;11:10:00;162093,17;162147,80;161601,48;161738,06;1,619800603E10;500275
WINFUT;08/08/2023;11:00:00;161779,04;162120,49;161594,65;162100,00;1,625367651E10;502116
WINFUT;08/08/2023;10:50:00;161328,32;161840,50;161178,09;161772,21;1,619266928E10;501194
WINFUT;08/08/2023;10:40:00;161601,48;161820,01;161171,26;161328,32;1,944918656E10;601775
WINFUT;08/08/2023;10:30:00;161649,29;161806,35;161184,91;161601,48;2,330513022E10;721327
WINFUT;08/08/2023;10:20:00;161253,20;161676,60;161075,65;161649,29;1,9208446E10;595367
WINFUT;08/08/2023;10:10:00;161321,49;161656,12;161150,77;161260,03;2,284725099E10;707695
WINFUT;08/08/2023;10:00:00;161143,94;161348,81;160925,41;161321,49;1,456356169E10;451927
WINFUT;08/08/2023;09:50:00;161314,67;161341,98;161082,48;161137,11;7259587815,00;225188
WINFUT;08/08/2023;09:40:00;161123,45;161362,47;160966,39;161321,49;1,018909096E10;316177
WINFUT;08/08/2023;09:30:00;160891,27;161164,43;160788,83;161116,62;1,096132549E10;340479
WINFUT;08/08/2023;09:20:00;161123,45;161184,91;160638,59;160891,27;1,686179266E10;523890
WINFUT;08/08/2023;09:10:00;161444,42;161526,36;161027,85;161116,62;1,37186635E10;425289
WINFUT;08/08/2023;09:00:00;162086,34;162093,17;161219,06;161451,25;2,107223909E10;652299
WINFUT;07/08/2023;17:50:00;163138,01;163288,25;163097,03;163254,10;1347932072,00;41298
WINFUT;07/08/2023;17:40:00;163315,56;163315,56;163076,55;163138,01;4345059552,00;133103
WINFUT;07/08/2023;17:30:00;163458,97;163499,95;163267,76;163322,39;4977958178,00;152361
WINFUT;07/08/2023;17:20:00;163636,53;163704,82;163397,51;163458,97;4903616594,00;149921
WINFUT;07/08/2023;17:10:00;163616,04;163697,99;163561,41;163643,35;3326834934,00;101654
WINFUT;07/08/2023;17:00:00;163609,21;163677,50;163527,26;163616,04;5469938981,00;167184
WINFUT;07/08/2023;16:50:00;163499,95;163732,13;163486,29;163609,21;7542485043,00;230512
WINFUT;07/08/2023;16:40:00;163616,04;163684,33;163452,14;163499,95;5138037067,00;157081
WINFUT;07/08/2023;16:30:00;163670,67;163691,16;163445,31;163622,87;7517836737,00;229790
WINFUT;07/08/2023;16:20:00;163602,38;163745,79;163575,06;163663,84;5827666322,00;178036
WINFUT;07/08/2023;16:10:00;163568,24;163622,87;163465,80;163602,38;6295512327,00;192466
WINFUT;07/08/2023;16:00:00;163711,64;163752,62;163513,60;163561,41;8027819854,00;245293
WINFUT;07/08/2023;15:50:00;163779,93;163786,76;163540,92;163711,64;7397636646,00;225998
WINFUT;07/08/2023;15:40:00;163711,64;163861,88;163704,82;163779,93;5634867590,00;172014
WINFUT;07/08/2023;15:30:00;163752,62;163861,88;163643,35;163711,64;7889539167,00;240911
WINFUT;07/08/2023;15:20:00;163766,28;163827,74;163636,53;163745,79;6561466152,00;200389
WINFUT;07/08/2023;15:10:00;163882,37;163896,03;163718,47;163766,28;6863399222,00;209516
WINFUT;07/08/2023;15:00:00;163814,08;164032,61;163807,25;163882,37;9611201333,00;293177
WINFUT;07/08/2023;14:50:00;163704,82;163827,74;163650,18;163820,91;7052839156,00;215381
WINFUT;07/08/2023;14:40:00;163554,58;163752,62;163547,75;163704,82;8071606893,00;246607
WINFUT;07/08/2023;14:30:00;163424,83;163616,04;163397,51;163554,58;8317437517,00;254343
WINFUT;07/08/2023;14:20:00;163397,51;163493,12;163370,19;163418,00;4698134880,00;143739
WINFUT;07/08/2023;14:10:00;163438,48;163452,14;163226,79;163397,51;7441205000,00;227777
WINFUT;07/08/2023;14:00:00;163513,60;163581,89;163404,34;163431,66;5724085807,00;175056
WINFUT;07/08/2023;13:50:00;163329,22;163568,24;163308,73;163520,43;6167209113,00;188644
WINFUT;07/08/2023;13:40:00;163424,83;163472,63;163281,42;163329,22;4327190200,00;132430
WINFUT;07/08/2023;13:30:00;163356,54;163458,97;163260,93;163424,83;4456946386,00;136401
WINFUT;07/08/2023;13:20:00;163356,54;163411,17;163213,13;163363,37;4525767241,00;138566
WINFUT;07/08/2023;13:10:00;163342,88;163411,17;163267,76;163349,71;4392777268,00;134459
WINFUT;07/08/2023;13:00:00;163315,56;163383,85;163233,61;163336,05;3841519338,00;117621
WINFUT;07/08/2023;12:50:00;163349,71;163424,83;163247,27;163308,73;4667307154,00;142882
WINFUT;07/08/2023;12:40:00;163260,93;163370,19;163178,98;163349,71;6509443865,00;199324
WINFUT;07/08/2023;12:30:00;163247,27;163370,19;163042,40;163267,76;1,043158044E10;319553
WINFUT;07/08/2023;12:20:00;163165,32;163431,66;163124,35;163240,44;9621147674,00;294632
WINFUT;07/08/2023;12:10:00;162871,68;163336,05;162858,02;163165,32;1,259948902E10;386128
WINFUT;07/08/2023;12:00:00;163069,72;163260,93;162844,36;162864,85;1,164638425E10;357099
WINFUT;07/08/2023;11:50:00;163657,01;163711,64;162905,82;163076,55;2,008837854E10;615378
WINFUT;07/08/2023;11:40:00;163336,05;163684,33;163322,39;163657,01;1,007512177E10;308088
WINFUT;07/08/2023;11:30:00;163301,90;163479,46;163206,30;163329,22;7748205181,00;237173
WINFUT;07/08/2023;11:20:00;163390,68;163445,31;163185,81;163301,90;8117779346,00;248549
WINFUT;07/08/2023;11:10:00;163165,32;163499,95;163097,03;163397,51;1,071042918E10;327856
WINFUT;07/08/2023;11:00:00;163445,31;163465,80;162974,11;163165,32;1,752690796E10;536913
WINFUT;07/08/2023;10:50:00;163479,46;163636,53;162994,60;163445,31;1,791903616E10;548494
WINFUT;07/08/2023;10:40:00;163909,69;164025,78;163015,09;163486,29;2,780120744E10;850662
WINFUT;07/08/2023;10:30:00;164080,41;164216,99;163779,93;163909,69;1,974199593E10;601900
WINFUT;07/08/2023;10:20:00;163677,50;164572,10;163636,53;164080,41;2,909637677E10;886007
WINFUT;07/08/2023;10:10:00;163820,91;163834,57;163322,39;163677,50;2,444983116E10;747329
WINFUT;07/08/2023;10:00:00;163841,40;163868,71;163499,95;163814,08;1,827392368E10;558158
WINFUT;07/08/2023;09:50:00;163738,96;163916,51;163711,64;163841,40;7395734348,00;225742
WINFUT;07/08/2023;09:40:00;163807,25;163909,69;163670,67;163732,13;7305215906,00;222999
WINFUT;07/08/2023;09:30:00;163732,13;163998,46;163622,87;163814,08;1,093971646E10;333850
WINFUT;07/08/2023;09:20:00;163568,24;163971,15;163520,43;163732,13;1,188209852E10;362732
WINFUT;07/08/2023;09:10:00;163568,24;163786,76;163534,09;163575,06;9046838111,00;276389
WINFUT;07/08/2023;09:00:00;164114,56;164148,70;163486,29;163568,24;1,411748838E10;431209
WINFUT;04/08/2023;17:50:00;163704,82;163800,42;163677,50;163732,13;1033043425,00;31546
WINFUT;04/08/2023;17:40:00;163643,35;163732,13;163595,55;163704,82;2952009697,00;90179
WINFUT;04/08/2023;17:30:00;163800,42;163848,22;163595,55;163636,53;3614354273,00;110396
WINFUT;04/08/2023;17:20:00;163807,25;163861,88;163684,33;163793,59;3067066460,00;93636
WINFUT;04/08/2023;17:10:00;163827,74;163882,37;163650,18;163814,08;5445148271,00;166252
WINFUT;04/08/2023;17:00:00;163301,90;163855,05;163295,08;163834,57;8213787131,00;250968
WINFUT;04/08/2023;16:50:00;163581,89;163622,87;163267,76;163301,90;9465005378,00;289537
WINFUT;04/08/2023;16:40:00;163445,31;163622,87;163356,54;163575,06;1,121245438E10;342902
WINFUT;04/08/2023;16:30:00;163616,04;164005,29;163397,51;163438,48;1,388544532E10;424007
WINFUT;04/08/2023;16:20:00;163725,30;163841,40;163506,77;163609,21;1,120904529E10;342486
WINFUT;04/08/2023;16:10:00;163657,01;163998,46;163643,35;163732,13;9993764146,00;304950
WINFUT;04/08/2023;16:00:00;164066,75;164121,38;163616,04;163657,01;1,438002566E10;438780
WINFUT;04/08/2023;15:50:00;164053,09;164339,91;163834,57;164059,92;1,621625928E10;494125
WINFUT;04/08/2023;15:40:00;164135,04;164210,16;163916,51;164046,27;1,229576068E10;374763
WINFUT;04/08/2023;15:30:00;164312,60;164421,86;164059,92;164128,21;1,406011644E10;428118
WINFUT;04/08/2023;15:20:00;164865,75;164906,72;164094,07;164305,77;2,264125521E10;688469
WINFUT;04/08/2023;15:10:00;164838,43;165056,96;164667,70;164865,75;1,448067656E10;439162
WINFUT;04/08/2023;15:00:00;165425,72;165473,53;164722,34;164838,43;2,060606127E10;624426
WINFUT;04/08/2023;14:50:00;165616,94;165651,08;165330,12;165425,72;8694972653,00;262694
WINFUT;04/08/2023;14:40:00;165623,76;165657,91;165534,99;165616,94;4671673408,00;141048
WINFUT;04/08/2023;14:30:00;165644,25;165733,03;165487,18;165616,94;8090996946,00;244278
WINFUT;04/08/2023;14:20:00;165746,69;165753,52;165569,13;165637,42;6085390543,00;183700
WINFUT;04/08/2023;14:10:00;165760,34;165835,46;165623,76;165739,86;8738189397,00;263635
WINFUT;04/08/2023;14:00:00;166047,16;166067,65;165657,91;165760,34;1,015933772E10;306258
WINFUT;04/08/2023;13:50:00;166040,33;166149,60;165985,70;166047,16;5762485467,00;173504
WINFUT;04/08/2023;13:40:00;166190,57;166204,23;166013,02;166040,33;6591648034,00;198432
WINFUT;04/08/2023;13:30:00;166286,18;166368,13;166170,09;166190,57;4780351490,00;143768
WINFUT;04/08/2023;13:20:00;166252,03;166415,93;166170,09;166286,18;7861070148,00;236380
WINFUT;04/08/2023;13:10:00;166217,89;166265,69;166115,45;166245,20;7081411899,00;213041
WINFUT;04/08/2023;13:00:00;166279,35;166395,44;166211,06;166217,89;4706805144,00;141520
WINFUT;04/08/2023;12:50:00;166388,61;166415,93;166197,40;166279,35;7345990816,00;220867
WINFUT;04/08/2023;12:40:00;166293,01;166538,85;166170,09;166388,61;1,181835354E10;355184
WINFUT;04/08/2023;12:30:00;166040,33;166354,47;166006,19;166293,01;1,13962453E10;342872
WINFUT;04/08/2023;12:20:00;165808,15;166067,65;165787,66;166047,16;6649747551,00;200330
WINFUT;04/08/2023;12:10:00;165801,32;166013,02;165760,34;165814,98;7907900527,00;238370
WINFUT;04/08/2023;12:00:00;165917,41;166094,97;165657,91;165801,32;1,461137144E10;440493
WINFUT;04/08/2023;11:50:00;165610,11;165924,24;165569,13;165917,41;8466492769,00;255431
WINFUT;04/08/2023;11:40:00;165623,76;165855,95;165569,13;165616,94;9711579554,00;293000
WINFUT;04/08/2023;11:30:00;165521,33;165869,61;165405,24;165623,76;1,657311164E10;500160
WINFUT;04/08/2023;11:20:00;165391,58;165603,28;165084,27;165521,33;2,208889883E10;667965
WINFUT;04/08/2023;11:10:00;164305,77;165405,24;164298,94;165398,41;2,119676904E10;642742
WINFUT;04/08/2023;11:00:00;164005,29;164367,23;163950,66;164312,60;1,784608945E10;543544
WINFUT;04/08/2023;10:50:00;164742,82;165063,79;163991,63;163998,46;2,385755016E10;724733
WINFUT;04/08/2023;10:40:00;164660,88;165220,85;164626,73;164742,82;2,304977338E10;698798
WINFUT;04/08/2023;10:30:00;164968,18;165022,81;164517,47;164654,05;2,164476876E10;656952
WINFUT;04/08/2023;10:20:00;164517,47;165036,47;164408,20;164968,18;2,719894288E10;825306
WINFUT;04/08/2023;10:10:00;164135,04;164640,39;164025,78;164510,64;2,065150524E10;628546
WINFUT;04/08/2023;10:00:00;164367,23;164496,98;164012,12;164141,87;1,69170183E10;514962
WINFUT;04/08/2023;09:50:00;164203,33;164640,39;164100,90;164367,23;1,641370303E10;499347
WINFUT;04/08/2023;09:40:00;163677,50;164476,49;163616,04;164203,33;1,839519629E10;560147
WINFUT;04/08/2023;09:30:00;164012,12;164339,91;163418,00;163670,67;2,277747816E10;695228
WINFUT;04/08/2023;09:20:00;163964,32;164196,50;163848,22;164018,95;1,007121157E10;307026
WINFUT;04/08/2023;09:10:00;164025,78;164230,65;163793,59;163957,49;1,379562504E10;420588
WINFUT;04/08/2023;09:00:00;164824,77;164838,43;164012,12;164018,95;1,656326119E10;503849
WINFUT;03/08/2023;17:50:00;164797,46;165015,98;164797,46;164858,92;1634500765,00;49556
WINFUT;03/08/2023;17:40:00;164968,18;164975,01;164715,51;164790,63;4397005728,00;133393
WINFUT;03/08/2023;17:30:00;165104,76;165207,20;164886,23;164968,18;5770570650,00;174864
WINFUT;03/08/2023;17:20:00;165336,95;165357,43;165056,96;165104,76;5397502220,00;163387
WINFUT;03/08/2023;17:10:00;165575,96;165575,96;165220,85;165343,78;6085275692,00;183989
WINFUT;03/08/2023;17:00:00;164954,52;165575,96;164940,86;165569,13;8368687189,00;253204
WINFUT;03/08/2023;16:50:00;165364,26;165398,41;164934,04;164954,52;8458718765,00;255979
WINFUT;03/08/2023;16:40:00;165248,17;165466,70;165200,37;165357,43;6534120501,00;197606
WINFUT;03/08/2023;16:30:00;165050,13;165432,55;165036,47;165248,17;1,127412217E10;341043
WINFUT;03/08/2023;16:20:00;165309,63;165336,95;164981,84;165050,13;1,250170965E10;378465
WINFUT;03/08/2023;16:10:00;165480,36;165630,59;165132,08;165309,63;1,723967188E10;521210
WINFUT;03/08/2023;16:00:00;165931,07;165978,87;165418,89;165480,36;1,273062412E10;384100
WINFUT;03/08/2023;15:50:00;166013,02;166149,60;165862,78;165924,24;8924293876,00;268791
WINFUT;03/08/2023;15:40:00;165965,21;166115,45;165951,56;166013,02;6369966982,00;191830
WINFUT;03/08/2023;15:30:00;166074,48;166142,77;165862,78;165965,21;7507750762,00;226123
WINFUT;03/08/2023;15:20:00;166040,33;166163,26;166033,50;166074,48;4075769610,00;122691
WINFUT;03/08/2023;15:10:00;166088,14;166122,28;165951,56;166040,33;6480416264,00;195151
WINFUT;03/08/2023;15:00:00;166258,86;166299,84;166060,82;166088,14;6710426251,00;201912
WINFUT;03/08/2023;14:50:00;166299,84;166627,63;166204,23;166265,69;1,233481044E10;370632
WINFUT;03/08/2023;14:40:00;166422,76;166443,25;166108,62;166306,67;8986663399,00;270283
WINFUT;03/08/2023;14:30:00;166183,74;166429,59;166108,62;166422,76;8658638681,00;260405
WINFUT;03/08/2023;14:20:00;166026,68;166238,38;166019,85;166183,74;5800543717,00;174561
WINFUT;03/08/2023;14:10:00;165555,47;166245,20;165473,53;166019,85;1,458467654E10;439543
WINFUT;03/08/2023;14:00:00;165842,29;165958,39;165507,67;165555,47;1,014680405E10;306114
WINFUT;03/08/2023;13:50:00;165931,07;166040,33;165746,69;165842,29;7627102750,00;229925
WINFUT;03/08/2023;13:40:00;165931,07;166013,02;165821,81;165931,07;7471363442,00;225144
WINFUT;03/08/2023;13:30:00;165985,70;166142,77;165896,92;165931,07;7718557655,00;232497
WINFUT;03/08/2023;13:20:00;166299,84;166374,96;165917,41;165978,87;9613487459,00;289307
WINFUT;03/08/2023;13:10:00;166402,27;166504,71;166204,23;166293,01;6469582912,00;194462
WINFUT;03/08/2023;13:00:00;166477,39;166477,39;166272,52;166402,27;7195803170,00;216227
WINFUT;03/08/2023;12:50:00;166730,06;166764,21;166422,76;166484,22;7004389717,00;210248
WINFUT;03/08/2023;12:40:00;166689,09;166764,21;166545,68;166736,89;6194927204,00;185846
WINFUT;03/08/2023;12:30:00;166648,12;166818,84;166497,88;166689,09;1,073773001E10;322161
WINFUT;03/08/2023;12:20:00;166511,54;166771,04;166463,73;166654,94;1,071696293E10;321564
WINFUT;03/08/2023;12:10:00;166142,77;166586,65;166122,28;166511,54;8679689425,00;260943
WINFUT;03/08/2023;12:00:00;166053,99;166272,52;165999,36;166135,94;9906861353,00;298174
WINFUT;03/08/2023;11:50:00;166443,25;166504,71;165787,66;166047,16;1,516137176E10;456220
WINFUT;03/08/2023;11:40:00;166067,65;166613,97;166040,33;166443,25;1,626415424E10;488904
WINFUT;03/08/2023;11:30:00;165412,07;166163,26;165377,92;166074,48;1,597456067E10;481765
WINFUT;03/08/2023;11:20:00;166047,16;166047,16;165371,09;165418,89;1,721434051E10;519739
WINFUT;03/08/2023;11:10:00;165876,44;166211,06;165616,94;166047,16;1,887533337E10;568894
WINFUT;03/08/2023;11:00:00;165917,41;166135,94;165521,33;165869,61;2,42130215E10;730019
WINFUT;03/08/2023;10:50:00;166648,12;166784,70;165890,10;165917,41;3,253748066E10;977867
WINFUT;03/08/2023;10:40:00;167624,66;167672,47;166634,46;166654,94;2,371962181E10;709709
WINFUT;03/08/2023;10:30:00;167078,34;168218,79;167071,51;167624,66;3,305126948E10;985062
WINFUT;03/08/2023;10:20:00;166846,16;167638,32;166771,04;167078,34;2,823973051E10;844242
WINFUT;03/08/2023;10:10:00;167139,80;167249,07;166695,92;166839,33;1,987485563E10;595436
WINFUT;03/08/2023;10:00:00;167085,17;167426,62;166812,01;167132,97;2,038742062E10;610222
WINFUT;03/08/2023;09:50:00;166921,28;167167,12;166859,81;167085,17;8673782151,00;259619
WINFUT;03/08/2023;09:40:00;167078,34;167126,15;166798,35;166921,28;9855331840,00;295145
WINFUT;03/08/2023;09:30:00;167112,49;167296,87;166839,33;167071,51;1,374966173E10;411589
WINFUT;03/08/2023;09:20:00;166702,75;167146,63;166600,31;167112,49;1,410533257E10;422643
WINFUT;03/08/2023;09:10:00;167098,83;167126,15;166682,26;166695,92;1,010961515E10;302818
WINFUT;03/08/2023;09:00:00;166955,42;167856,85;166873,47;167092,00;1,910363904E10;571176
WINFUT;02/08/2023;17:50:00;165528,16;165589,62;165412,07;165459,87;1530497950,00;46243
WINFUT;02/08/2023;17:40:00;165651,08;165733,03;165528,16;165528,16;3307002465,00;99833
WINFUT;02/08/2023;17:30:00;165978,87;166067,65;165555,47;165657,91;5820832546,00;175485
WINFUT;02/08/2023;17:20:00;165842,29;166040,33;165808,15;165978,87;5055658115,00;152320
WINFUT;02/08/2023;17:10:00;165774,00;165965,21;165767,17;165835,46;5515525061,00;166254
WINFUT;02/08/2023;17:00:00;165541,82;165808,15;165541,82;165774,00;5737693957,00;173117
WINFUT;02/08/2023;16:50:00;165698,88;165774,00;165534,99;165541,82;7338922877,00;221513
WINFUT;02/08/2023;16:40:00;165623,76;165814,98;165548,65;165692,05;8863176807,00;267475
WINFUT;02/08/2023;16:30:00;165808,15;165849,12;165575,96;165623,76;1,024709727E10;309232
WINFUT;02/08/2023;16:20:00;166258,86;166381,78;165774,00;165808,15;1,463522931E10;440807
WINFUT;02/08/2023;16:10:00;165753,52;166422,76;165685,23;166265,69;2,123326503E10;639106
WINFUT;02/08/2023;16:00:00;165507,67;165794,49;165480,36;165753,52;9158301915,00;276386
WINFUT;02/08/2023;15:50:00;165521,33;165630,59;165432,55;165507,67;7207018995,00;217688
WINFUT;02/08/2023;15:40:00;165487,18;165569,13;165425,72;165514,50;6178399412,00;186662
WINFUT;02/08/2023;15:30:00;165712,54;165726,20;165473,53;165487,18;7250617320,00;218962
WINFUT;02/08/2023;15:20:00;165651,08;165733,03;165541,82;165705,71;9351292956,00;282283
WINFUT;02/08/2023;15:10:00;165371,09;165671,57;165336,95;165644,25;9757715483,00;294832
WINFUT;02/08/2023;15:00:00;165138,91;165377,92;165104,76;165364,26;7574036629,00;229145
WINFUT;02/08/2023;14:50:00;165077,44;165179,88;165043,30;165138,91;5296516234,00;160395
WINFUT;02/08/2023;14:40:00;165145,73;165159,39;164961,35;165077,44;6362954403,00;192769
WINFUT;02/08/2023;14:30:00;165118,42;165179,88;165036,47;165152,56;4664974454,00;141252
WINFUT;02/08/2023;14:20:00;165132,08;165186,71;165002,33;165118,42;5262912887,00;159375
WINFUT;02/08/2023;14:10:00;165261,83;165371,09;165111,59;165138,91;7071678509,00;214008
WINFUT;02/08/2023;14:00:00;164961,35;165295,97;164927,21;165261,83;1,040351012E10;314949
WINFUT;02/08/2023;13:50:00;164995,50;165002,33;164681,36;164961,35;8856464553,00;268652
WINFUT;02/08/2023;13:40:00;165159,39;165179,88;164968,18;164995,50;5390177638,00;163299
WINFUT;02/08/2023;13:30:00;165002,33;165207,20;164906,72;165166,22;7546254795,00;228587
WINFUT;02/08/2023;13:20:00;165111,59;165132,08;164906,72;165002,33;5644670818,00;171038
WINFUT;02/08/2023;13:10:00;165036,47;165152,56;164975,01;165111,59;4670968826,00;141494
WINFUT;02/08/2023;13:00:00;165097,93;165132,08;164824,77;165036,47;7923809794,00;240140
WINFUT;02/08/2023;12:50:00;165118,42;165200,37;165084,27;165091,10;3749561912,00;113532
WINFUT;02/08/2023;12:40:00;165132,08;165275,49;165077,44;165118,42;6459082500,00;195534
WINFUT;02/08/2023;12:30:00;165173,05;165193,54;165015,98;165125,25;7898076078,00;239194
WINFUT;02/08/2023;12:20:00;164797,46;165343,78;164797,46;165173,05;1,319793923E10;399658
WINFUT;02/08/2023;12:10:00;164742,82;164906,72;164722,34;164804,28;7891018745,00;239371
WINFUT;02/08/2023;12:00:00;164469,66;164770,14;164462,83;164742,82;9251114033,00;280980
WINFUT;02/08/2023;11:50:00;165043,30;165084,27;164257,96;164469,66;2,359666589E10;716707
WINFUT;02/08/2023;11:40:00;165473,53;165569,13;164954,52;165043,30;2,335411081E10;707026
WINFUT;02/08/2023;11:30:00;165507,67;165767,17;165446,21;165473,53;1,328797651E10;401202
WINFUT;02/08/2023;11:20:00;165575,96;165651,08;165377,92;165507,67;1,169299827E10;353230
WINFUT;02/08/2023;11:10:00;165487,18;165589,62;165193,54;165569,13;1,579137956E10;477439
WINFUT;02/08/2023;11:00:00;165760,34;165849,12;165480,36;165494,01;1,392601414E10;420188
WINFUT;02/08/2023;10:50:00;165507,67;165774,00;165439,38;165760,34;1,184418827E10;357644
WINFUT;02/08/2023;10:40:00;165391,58;165589,62;165070,62;165500,84;1,888816136E10;571187
WINFUT;02/08/2023;10:30:00;165890,10;165965,21;165214,02;165391,58;2,402627813E10;725809
WINFUT;02/08/2023;10:20:00;165582,79;165937,90;165575,96;165883,27;1,208971164E10;364730
WINFUT;02/08/2023;10:10:00;165698,88;165937,90;165384,75;165589,62;2,144123947E10;647106
WINFUT;02/08/2023;10:00:00;165692,05;165855,95;165330,12;165698,88;1,979987726E10;597707
WINFUT;02/08/2023;09:50:00;165794,49;165869,61;165664,74;165692,05;6565428561,00;198037
WINFUT;02/08/2023;09:40:00;165842,29;165855,95;165651,08;165787,66;6590565117,00;198796
WINFUT;02/08/2023;09:30:00;165569,13;165855,95;165507,67;165842,29;1,15211257E10;347642
WINFUT;02/08/2023;09:20:00;165391,58;165644,25;165241,34;165569,13;1,306160496E10;394712
WINFUT;02/08/2023;09:10:00;165453,04;165562,30;165166,22;165391,58;9996059830,00;302218
WINFUT;02/08/2023;09:00:00;165302,80;165794,49;165118,42;165459,87;1,749455091E10;528660
WINFUT;01/08/2023;17:50:00;166170,09;166245,20;166108,62;166108,62;1173591765,00;35312
WINFUT;01/08/2023;17:40:00;166381,78;166470,56;166149,60;166163,26;3719003933,00;111788
WINFUT;01/08/2023;17:30:00;166374,96;166429,59;166354,47;166381,78;1585865807,00;47655
WINFUT;01/08/2023;17:20:00;166374,96;166470,56;166299,84;166374,96;2993715689,00;89969
WINFUT;01/08/2023;17:10:00;166491,05;166532,02;166368,13;166381,78;3066143674,00;92106
WINFUT;01/08/2023;17:00:00;166395,44;166559,34;166381,78;166484,22;4602468755,00;138224
WINFUT;01/08/2023;16:50:00;166340,81;166477,39;166272,52;166388,61;6586625092,00;197938
WINFUT;01/08/2023;16:40:00;166320,32;166388,61;166238,38;166347,64;5918188428,00;177929
WINFUT;01/08/2023;16:30:00;166306,67;166839,33;166299,84;166313,49;1,744341647E10;523627
WINFUT;01/08/2023;16:20:00;166108,62;166388,61;165999,36;166299,84;7891818676,00;237479
WINFUT;01/08/2023;16:10:00;166149,60;166258,86;166053,99;166108,62;6808976770,00;204917
WINFUT;01/08/2023;16:00:00;166149,60;166252,03;166067,65;166149,60;4742870552,00;142730
WINFUT;01/08/2023;15:50:00;166252,03;166258,86;166088,14;166149,60;6029379270,00;181426
WINFUT;01/08/2023;15:40:00;166040,33;166313,49;165972,04;166245,20;6717962753,00;202190
WINFUT;01/08/2023;15:30:00;165978,87;166074,48;165937,90;166040,33;5079805913,00;153006
WINFUT;01/08/2023;15:20:00;166135,94;166142,77;165890,10;165972,04;7859829111,00;236745
WINFUT;01/08/2023;15:10:00;165999,36;166217,89;165985,70;166135,94;8841484957,00;266142
WINFUT;01/08/2023;15:00:00;166060,82;166067,65;165903,75;166006,19;6019857314,00;181361
WINFUT;01/08/2023;14:50:00;166047,16;166094,97;165931,07;166053,99;7434805021,00;223914
WINFUT;01/08/2023;14:40:00;166047,16;166361,30;166040,33;166047,16;1,178261485E10;354474
WINFUT;01/08/2023;14:30:00;165698,88;166115,45;165664,74;166053,99;9332009145,00;281283
WINFUT;01/08/2023;14:20:00;165692,05;165801,32;165678,40;165698,88;6119949741,00;184612
WINFUT;01/08/2023;14:10:00;165575,96;165760,34;165534,99;165685,23;5493154379,00;165796
WINFUT;01/08/2023;14:00:00;165575,96;165664,74;165528,16;165575,96;4603014186,00;138987
WINFUT;01/08/2023;13:50:00;165541,82;165637,42;165514,50;165575,96;4280200928,00;129258
WINFUT;01/08/2023;13:40:00;165596,45;165692,05;165521,33;165541,82;5155493478,00;155666
WINFUT;01/08/2023;13:30:00;165282,31;165664,74;165227,68;165589,62;9865677513,00;298112
WINFUT;01/08/2023;13:20:00;165207,20;165377,92;165186,71;165289,14;6017185202,00;182018
WINFUT;01/08/2023;13:10:00;165036,47;165234,51;164886,23;165207,20;1,091038516E10;330501
WINFUT;01/08/2023;13:00:00;165555,47;165562,30;164981,84;165029,64;1,409727834E10;426554
WINFUT;01/08/2023;12:50:00;165739,86;165780,83;165494,01;165555,47;9802874168,00;295962
WINFUT;01/08/2023;12:40:00;165978,87;166006,19;165733,03;165733,03;7685646434,00;231682
WINFUT;01/08/2023;12:30:00;165814,98;166081,31;165746,69;165972,04;7712767326,00;232394
WINFUT;01/08/2023;12:20:00;165692,05;165855,95;165651,08;165814,98;5669918619,00;171022
WINFUT;01/08/2023;12:10:00;165985,70;166006,19;165630,59;165685,23;1,015714274E10;306237
WINFUT;01/08/2023;12:00:00;165705,71;165999,36;165541,82;165978,87;1,078737201E10;325386
WINFUT;01/08/2023;11:50:00;165910,58;165924,24;165562,30;165705,71;1,29140236E10;389619
WINFUT;01/08/2023;11:40:00;165924,24;166040,33;165821,81;165917,41;8598184224,00;259085
WINFUT;01/08/2023;11:30:00;166238,38;166306,67;165678,40;165924,24;1,446509111E10;435922
WINFUT;01/08/2023;11:20:00;165951,56;166333,98;165917,41;166238,38;1,393904153E10;419455
WINFUT;01/08/2023;11:10:00;166388,61;166511,54;165780,83;165951,56;1,794491848E10;540018
WINFUT;01/08/2023;11:00:00;166634,46;166934,93;166361,30;166388,61;1,678056108E10;503610
WINFUT;01/08/2023;10:50:00;166579,83;166921,28;166429,59;166641,29;2,231787539E10;669487
WINFUT;01/08/2023;10:40:00;165692,05;166668,60;165610,11;166579,83;2,079748082E10;626075
WINFUT;01/08/2023;10:30:00;166170,09;166197,40;165268,66;165698,88;3,115690766E10;940427
WINFUT;01/08/2023;10:20:00;166272,52;166443,25;166088,14;166170,09;1,429020672E10;429715
WINFUT;01/08/2023;10:10:00;166156,43;166620,80;165924,24;166279,35;2,298155202E10;690948
WINFUT;01/08/2023;10:00:00;165972,04;166272,52;165842,29;166156,43;2,171227302E10;653697
WINFUT;01/08/2023;09:50:00;166081,31;166122,28;165944,73;165972,04;7014009373,00;211231
WINFUT;01/08/2023;09:40:00;165931,07;166101,79;165862,78;166081,31;5949971993,00;179227
WINFUT;01/08/2023;09:30:00;166033,50;166047,16;165787,66;165931,07;9597228692,00;289229
WINFUT;01/08/2023;09:20:00;166108,62;166115,45;165814,98;166033,50;1,087968786E10;327810
WINFUT;01/08/2023;09:10:00;166224,72;166252,03;165965,21;166108,62;1,159538863E10;348946
WINFUT;01/08/2023;09:00:00;166934,93;166955,42;166204,23;166217,89;1,295948884E10;388943
WINFUT;31/07/2023;17:50:00;167433,45;167522,23;167337,84;167522,23;1198218110,00;35779
WINFUT;31/07/2023;17:40:00;167453,94;167535,89;167419,79;167426,62;2716726387,00;81107
WINFUT;31/07/2023;17:30:00;167508,57;167570,03;167440,28;167460,77;2250838284,00;67187
WINFUT;31/07/2023;17:20:00;167433,45;167556,37;167351,50;167508,57;3982040203,00;118902
WINFUT;31/07/2023;17:10:00;167433,45;167542,71;167412,96;167433,45;3767107666,00;112475
WINFUT;31/07/2023;17:00:00;167611,00;167645,15;167385,65;167426,62;6350306455,00;189542
WINFUT;31/07/2023;16:50:00;167419,79;167617,83;167399,31;167611,00;8128462330,00;242593
WINFUT;31/07/2023;16:40:00;167378,82;167535,89;167351,50;167419,79;6913687872,00;206454
WINFUT;31/07/2023;16:30:00;167249,07;167488,08;167242,24;167371,99;9274253856,00;277045
WINFUT;31/07/2023;16:20:00;167132,97;167262,73;167105,66;167249,07;5042092449,00;150794
WINFUT;31/07/2023;16:10:00;167085,17;167228,58;167037,37;167132,97;7164304401,00;214326
WINFUT;31/07/2023;16:00:00;167378,82;167399,31;167030,54;167085,17;1,081407861E10;323370
WINFUT;31/07/2023;15:50:00;167419,79;167481,25;167324,19;167371,99;6222764098,00;185866
WINFUT;31/07/2023;15:40:00;167365,16;167447,11;167303,70;167419,79;5953370533,00;177843
WINFUT;31/07/2023;15:30:00;167399,31;167433,45;167262,73;167365,16;6731317846,00;201117
WINFUT;31/07/2023;15:20:00;167453,94;167460,77;167290,04;167399,31;7535933467,00;225101
WINFUT;31/07/2023;15:10:00;167535,89;167686,12;167433,45;167453,94;8464061246,00;252570
WINFUT;31/07/2023;15:00:00;167467,60;167631,49;167447,11;167529,06;6741548859,00;201181
WINFUT;31/07/2023;14:50:00;167433,45;167529,06;167385,65;167460,77;4826993186,00;144126
WINFUT;31/07/2023;14:40:00;167535,89;167617,83;167371,99;167433,45;7939687820,00;237042
WINFUT;31/07/2023;14:30:00;167132,97;167590,52;167119,32;167542,71;1,043911896E10;311883
WINFUT;31/07/2023;14:20:00;166941,76;167208,09;166921,28;167126,15;6825580860,00;204222
WINFUT;31/07/2023;14:10:00;167303,70;167344,67;166825,67;166941,76;9713220493,00;290692
WINFUT;31/07/2023;14:00:00;167351,50;167399,31;167262,73;167296,87;5777098089,00;172630
WINFUT;31/07/2023;13:50:00;167453,94;167494,91;167337,84;167358,33;4207958582,00;125679
WINFUT;31/07/2023;13:40:00;167412,96;167515,40;167303,70;167460,77;6960509672,00;207887
WINFUT;31/07/2023;13:30:00;167392,48;167453,94;167344,67;167412,96;3916238441,00;116975
WINFUT;31/07/2023;13:20:00;167549,54;167556,37;167378,82;167385,65;4384493703,00;130915
WINFUT;31/07/2023;13:10:00;167549,54;167563,20;167460,77;167556,37;3230285171,00;96417
WINFUT;31/07/2023;13:00:00;167556,37;167583,69;167488,08;167556,37;3986518793,00;118976
WINFUT;31/07/2023;12:50:00;167740,76;167761,24;167501,74;167549,54;6162299816,00;183837
WINFUT;31/07/2023;12:40:00;167672,47;167768,07;167611,00;167733,93;5252595832,00;156611
WINFUT;31/07/2023;12:30:00;167624,66;167822,70;167556,37;167672,47;1,147614246E10;342200
WINFUT;31/07/2023;12:20:00;167576,86;167686,12;167549,54;167624,66;7307351289,00;217969
WINFUT;31/07/2023;12:10:00;167576,86;167617,83;167460,77;167576,86;8253611236,00;246307
WINFUT;31/07/2023;12:00:00;167337,84;167576,86;167310,53;167570,03;1,127578201E10;336700
WINFUT;31/07/2023;11:50:00;167194,44;167385,65;167167,12;167331,02;9881716047,00;295354
WINFUT;31/07/2023;11:40:00;167098,83;167235,41;167078,34;167194,44;4983653416,00;149062
WINFUT;31/07/2023;11:30:00;167160,29;167276,38;167023,71;167098,83;8278184932,00;247624
WINFUT;31/07/2023;11:20:00;167139,80;167228,58;167071,51;167167,12;7794708568,00;233176
WINFUT;31/07/2023;11:10:00;167221,75;167296,87;167057,86;167139,80;8504175643,00;254362
WINFUT;31/07/2023;11:00:00;167283,21;167631,49;167201,26;167228,58;1,591018633E10;475252
WINFUT;31/07/2023;10:50:00;167692,95;167733,93;167098,83;167283,21;1,775932986E10;530452
WINFUT;31/07/2023;10:40:00;167474,42;167713,44;167358,33;167686,12;1,387811058E10;414152
WINFUT;31/07/2023;10:30:00;166934,93;167515,40;166825,67;167481,25;2,125760358E10;635487
WINFUT;31/07/2023;10:20:00;166921,28;167201,26;166736,89;166934,93;2,258420382E10;676327
WINFUT;31/07/2023;10:10:00;166320,32;167016,88;166142,77;166907,62;2,270897488E10;681652
WINFUT;31/07/2023;10:00:00;166238,38;166470,56;166053,99;166327,15;2,100170228E10;631530
WINFUT;31/07/2023;09:50:00;166333,98;166361,30;166190,57;166238,38;5114343811,00;153800
WINFUT;31/07/2023;09:40:00;166333,98;166456,90;166224,72;166333,98;5788839199,00;174026
WINFUT;31/07/2023;09:30:00;166340,81;166409,10;166265,69;166327,15;5012919321,00;150690
WINFUT;31/07/2023;09:20:00;166450,07;166511,54;166293,01;166333,98;6402035220,00;192403
WINFUT;31/07/2023;09:10:00;166327,15;166613,97;166265,69;166450,07;1,060236862E10;318503
WINFUT;31/07/2023;09:00:00;165794,49;166429,59;165541,82;166333,98;1,403741264E10;422830
WINFUT;28/07/2023;17:50:00;164742,82;164906,72;164578,93;164879,40;1767872367,00;53656
WINFUT;28/07/2023;17:40:00;164824,77;164927,21;164742,82;164742,82;2606371196,00;79063
WINFUT;28/07/2023;17:30:00;165029,64;165070,62;164783,80;164831,60;3921259240,00;118897
WINFUT;28/07/2023;17:20:00;165179,88;165193,54;165002,33;165029,64;3613707165,00;109451
WINFUT;28/07/2023;17:10:00;165173,05;165289,14;165166,22;165179,88;2945079527,00;89120
WINFUT;28/07/2023;17:00:00;165214,02;165309,63;165084,27;165173,05;6467084189,00;195759
WINFUT;28/07/2023;16:50:00;165214,02;165357,43;165152,56;165220,85;6715377882,00;203186
WINFUT;28/07/2023;16:40:00;165207,20;165275,49;165145,73;165220,85;4917818222,00;148834
WINFUT;28/07/2023;16:30:00;164940,86;165309,63;164940,86;165207,20;9846945393,00;298105
WINFUT;28/07/2023;16:20:00;165043,30;165063,79;164899,89;164940,86;5084927757,00;154113
WINFUT;28/07/2023;16:10:00;164899,89;165104,76;164886,23;165043,30;5205827814,00;157752
WINFUT;28/07/2023;16:00:00;164920,38;165056,96;164865,75;164899,89;5242393729,00;158906
WINFUT;28/07/2023;15:50:00;164811,11;164961,35;164811,11;164913,55;3991318191,00;121023
WINFUT;28/07/2023;15:40:00;164811,11;164940,86;164742,82;164811,11;5863225348,00;177856
WINFUT;28/07/2023;15:30:00;164776,97;164893,06;164729,17;164804,28;4011461301,00;121696
WINFUT;28/07/2023;15:20:00;164886,23;164899,89;164749,65;164783,80;4809720881,00;145901
WINFUT;28/07/2023;15:10:00;164981,84;164995,50;164797,46;164879,40;4808382392,00;145807
WINFUT;28/07/2023;15:00:00;164893,06;165009,15;164824,77;164988,67;6592471852,00;199887
WINFUT;28/07/2023;14:50:00;164633,56;164913,55;164606,24;164893,06;7039982504,00;213605
WINFUT;28/07/2023;14:40:00;164735,99;164776,97;164613,07;164640,39;4557909876,00;138385
WINFUT;28/07/2023;14:30:00;164715,51;164763,31;164606,24;164742,82;5661612644,00;171884
WINFUT;28/07/2023;14:20:00;164865,75;164879,40;164640,39;164715,51;6762578218,00;205256
WINFUT;28/07/2023;14:10:00;164879,40;165015,98;164770,14;164865,75;8299298955,00;251661
WINFUT;28/07/2023;14:00:00;165050,13;165070,62;164858,92;164879,40;6032049919,00;182839
WINFUT;28/07/2023;13:50:00;165036,47;165097,93;164961,35;165050,13;3806239507,00;115322
WINFUT;28/07/2023;13:40:00;165043,30;165118,42;164981,84;165036,47;5247444300,00;158968
WINFUT;28/07/2023;13:30:00;165118,42;165214,02;165022,81;165043,30;4768486569,00;144385
WINFUT;28/07/2023;13:20:00;165118,42;165186,71;165043,30;165118,42;4926038771,00;149163
WINFUT;28/07/2023;13:10:00;165255,00;165384,75;165104,76;165111,59;9347963225,00;282821
WINFUT;28/07/2023;13:00:00;165214,02;165261,83;165132,08;165255,00;4995488477,00;151193
WINFUT;28/07/2023;12:50:00;165145,73;165241,34;165050,13;165220,85;4601069309,00;139293
WINFUT;28/07/2023;12:40:00;165125,25;165186,71;165056,96;165152,56;4155265117,00;125819
WINFUT;28/07/2023;12:30:00;165036,47;165132,08;164893,06;165125,25;5266889612,00;159602
WINFUT;28/07/2023;12:20:00;165125,25;165179,88;164886,23;165043,30;8400598982,00;254555
WINFUT;28/07/2023;12:10:00;164988,67;165179,88;164906,72;165132,08;7152725351,00;216690
WINFUT;28/07/2023;12:00:00;164858,92;165050,13;164756,48;164988,67;1,04539549E10;316948
WINFUT;28/07/2023;11:50:00;164606,24;164872,57;164544,78;164852,09;7371490622,00;223745
WINFUT;28/07/2023;11:40:00;164708,68;164797,46;164510,64;164599,41;9245860342,00;280755
WINFUT;28/07/2023;11:30:00;164633,56;164776,97;164517,47;164708,68;1,109479203E10;336926
WINFUT;28/07/2023;11:20:00;165091,10;165179,88;164572,10;164640,39;1,365520292E10;414112
WINFUT;28/07/2023;11:10:00;165070,62;165179,88;164831,60;165091,10;1,065894049E10;322953
WINFUT;28/07/2023;11:00:00;164954,52;165248,17;164804,28;165077,44;1,463578768E10;443466
WINFUT;28/07/2023;10:50:00;165009,15;165111,59;164715,51;164961,35;1,221225209E10;370298
WINFUT;28/07/2023;10:40:00;164695,02;165138,91;164640,39;165009,15;1,593993112E10;483361
WINFUT;28/07/2023;10:30:00;164961,35;165214,02;164449,18;164695,02;2,355579919E10;714795
WINFUT;28/07/2023;10:20:00;165774,00;165774,00;164940,86;164954,52;1,555500277E10;470262
WINFUT;28/07/2023;10:10:00;165295,97;165931,07;165050,13;165774,00;2,354824399E10;711611
WINFUT;28/07/2023;10:00:00;165562,30;165692,05;165214,02;165302,80;1,887625852E10;570517
WINFUT;28/07/2023;09:50:00;165767,17;165794,49;165521,33;165562,30;7308269429,00;220595
WINFUT;28/07/2023;09:40:00;165876,44;165876,44;165494,01;165760,34;1,271134219E10;383700
WINFUT;28/07/2023;09:30:00;166047,16;166306,67;165760,34;165876,44;1,621113231E10;488095
WINFUT;28/07/2023;09:20:00;165876,44;166081,31;165828,63;166047,16;7165863064,00;215904
WINFUT;28/07/2023;09:10:00;165739,86;165958,39;165603,28;165883,27;9319048194,00;281037
WINFUT;28/07/2023;09:00:00;165002,33;165774,00;164961,35;165739,86;1,241417568E10;375110
WINFUT;27/07/2023;17:50:00;164189,67;164292,11;164046,27;164196,50;1985549829,00;60462
WINFUT;27/07/2023;17:40:00;164558,44;164572,10;164018,95;164196,50;7554756674,00;229900
WINFUT;27/07/2023;17:30:00;164647,22;164701,85;164483,32;164558,44;4584285152,00;139248
WINFUT;27/07/2023;17:20:00;164776,97;164831,60;164531,12;164640,39;4480121168,00;136014
WINFUT;27/07/2023;17:10:00;164961,35;164961,35;164722,34;164776,97;5170568466,00;156861
WINFUT;27/07/2023;17:00:00;164729,17;164981,84;164667,70;164961,35;6218139441,00;188620
WINFUT;27/07/2023;16:50:00;164763,31;164940,86;164674,53;164722,34;8394007578,00;254615
WINFUT;27/07/2023;16:40:00;165138,91;165145,73;164647,22;164770,14;1,840618782E10;558382
WINFUT;27/07/2023;16:30:00;165241,34;165575,96;165036,47;165138,91;1,505055116E10;455297
WINFUT;27/07/2023;16:20:00;165569,13;165575,96;165173,05;165241,34;1,125111533E10;340185
WINFUT;27/07/2023;16:10:00;165459,87;165610,11;165418,89;165562,30;8015051353,00;242111
WINFUT;27/07/2023;16:00:00;165637,42;165664,74;165343,78;165459,87;1,332026959E10;402469
WINFUT;27/07/2023;15:50:00;165767,17;165814,98;165589,62;165644,25;8095461504,00;244277
WINFUT;27/07/2023;15:40:00;165589,62;165903,75;165562,30;165760,34;8372346451,00;252555
WINFUT;27/07/2023;15:30:00;165596,45;165712,54;165548,65;165589,62;7795433802,00;235333
WINFUT;27/07/2023;15:20:00;165712,54;165903,75;165589,62;165596,45;1,053685315E10;317818
WINFUT;27/07/2023;15:10:00;166081,31;166088,14;165534,99;165712,54;1,931937513E10;582809
WINFUT;27/07/2023;15:00:00;166347,64;166354,47;166053,99;166081,31;8117893259,00;244229
WINFUT;27/07/2023;14:50:00;166279,35;166395,44;166258,86;166354,47;4705066917,00;141442
WINFUT;27/07/2023;14:40:00;166388,61;166477,39;166170,09;166286,18;1,094401545E10;328975
WINFUT;27/07/2023;14:30:00;166463,73;166559,34;166333,98;166388,61;7073564709,00;212465
WINFUT;27/07/2023;14:20:00;166347,64;166484,22;166258,86;166470,56;7157218783,00;215081
WINFUT;27/07/2023;14:10:00;166374,96;166525,19;166320,32;166354,47;7252963754,00;217906
WINFUT;27/07/2023;14:00:00;166552,51;166593,48;166279,35;166368,13;1,124583019E10;337861
WINFUT;27/07/2023;13:50:00;166682,26;166709,58;166504,71;166552,51;6074019055,00;182311
WINFUT;27/07/2023;13:40:00;166764,21;166791,52;166607,14;166689,09;4737718819,00;142103
WINFUT;27/07/2023;13:30:00;166689,09;166812,01;166675,43;166764,21;4162341061,00;124811
WINFUT;27/07/2023;13:20:00;166627,63;166695,92;166579,83;166695,92;3716196048,00;111501
WINFUT;27/07/2023;13:10:00;166723,23;166818,84;166566,17;166634,46;5940284630,00;178185
WINFUT;27/07/2023;13:00:00;166723,23;166798,35;166648,12;166723,23;4543617163,00;136263
WINFUT;27/07/2023;12:50:00;166736,89;166825,67;166716,41;166730,06;3018095248,00;90489
WINFUT;27/07/2023;12:40:00;166771,04;166866,64;166702,75;166736,89;5522304076,00;165559
WINFUT;27/07/2023;12:30:00;166709,58;166791,52;166607,14;166771,04;5822088240,00;174616
WINFUT;27/07/2023;12:20:00;166702,75;166887,13;166661,77;166709,58;7355982838,00;220530
WINFUT;27/07/2023;12:10:00;166654,94;166846,16;166593,48;166695,92;8853284682,00;265535
WINFUT;27/07/2023;12:00:00;166586,65;166743,72;166545,68;166654,94;7370955887,00;221149
WINFUT;27/07/2023;11:50:00;166381,78;166641,29;166368,13;166586,65;8440677284,00;253436
WINFUT;27/07/2023;11:40:00;166320,32;166648,12;166265,69;166381,78;1,111662182E10;333917
WINFUT;27/07/2023;11:30:00;166204,23;166381,78;166115,45;166313,49;8352916084,00;251225
WINFUT;27/07/2023;11:20:00;166081,31;166463,73;165999,36;166204,23;1,619355622E10;487013
WINFUT;27/07/2023;11:10:00;166463,73;166484,22;166053,99;166081,31;1,657943763E10;498614
WINFUT;27/07/2023;11:00:00;166852,99;166859,81;166245,20;166456,90;1,853678706E10;556844
WINFUT;27/07/2023;10:50:00;166839,33;166955,42;166613,97;166859,81;1,334167609E10;400018
WINFUT;27/07/2023;10:40:00;166941,76;167153,46;166675,43;166846,16;2,145978936E10;642825
WINFUT;27/07/2023;10:30:00;167665,64;167836,36;166873,47;166941,76;3,045659339E10;910742
WINFUT;27/07/2023;10:20:00;168013,92;168068,55;167665,64;167665,64;2,017429659E10;600959
WINFUT;27/07/2023;10:10:00;168560,24;168655,84;168013,92;168020,74;1,90907236E10;566867
WINFUT;27/07/2023;10:00:00;168471,46;168696,82;168362,19;168560,24;1,324151157E10;392846
WINFUT;27/07/2023;09:50:00;168601,21;168621,70;168355,37;168471,46;8176515177,00;242691
WINFUT;27/07/2023;09:40:00;168621,70;168771,93;168450,97;168601,21;8122288042,00;240868
WINFUT;27/07/2023;09:30:00;168669,50;168785,59;168464,63;168628,53;1,029479921E10;305227
WINFUT;27/07/2023;09:20:00;168614,87;168710,47;168526,09;168662,67;4716376374,00;139855
WINFUT;27/07/2023;09:10:00;168437,31;168724,13;168430,48;168621,70;7449189055,00;220910
WINFUT;27/07/2023;09:00:00;168888,03;169188,50;168403,17;168437,31;1,674111879E10;496093
WINFUT;26/07/2023;17:50:00;168362,19;168437,31;168232,44;168232,44;1081231726,00;32118
WINFUT;26/07/2023;17:40:00;168464,63;168485,12;168334,88;168362,19;2449205825,00;72711
WINFUT;26/07/2023;17:30:00;168580,72;168642,18;168423,66;168457,80;2901633192,00;86085
WINFUT;26/07/2023;17:20:00;168724,13;168826,57;168519,26;168580,72;3943907687,00;116899
WINFUT;26/07/2023;17:10:00;168703,64;168785,59;168642,18;168717,30;2764457148,00;81926
WINFUT;26/07/2023;17:00:00;168833,40;168942,66;168621,70;168703,64;7122370293,00;210977
WINFUT;26/07/2023;16:50:00;168608,04;168847,05;168546,58;168833,40;7355520878,00;218054
WINFUT;26/07/2023;16:40:00;168423,66;168881,20;168403,17;168608,04;1,428746164E10;423471
WINFUT;26/07/2023;16:30:00;168041,23;168587,55;168020,74;168430,48;1,114093931E10;330950
WINFUT;26/07/2023;16:20:00;167972,94;168130,01;167884,16;168034,40;6842781449,00;203635
WINFUT;26/07/2023;16:10:00;167877,34;168102,69;167802,22;167966,11;9666408938,00;287758
WINFUT;26/07/2023;16:00:00;168177,81;168328,05;167802,22;167877,34;1,362750323E10;405376
WINFUT;26/07/2023;15:50:00;168464,63;168628,53;168095,86;168170,98;1,129074922E10;335296
WINFUT;26/07/2023;15:40:00;168539,75;168908,51;168389,51;168464,63;1,971169501E10;584273
WINFUT;26/07/2023;15:30:00;167802,22;168601,21;167774,90;168539,75;1,95984354E10;582640
WINFUT;26/07/2023;15:20:00;167686,12;167856,85;167529,06;167802,22;9408239049,00;280508
WINFUT;26/07/2023;15:10:00;167706,61;167795,39;167617,83;167686,12;5986587217,00;178495
WINFUT;26/07/2023;15:00:00;167378,82;167815,87;167208,09;167699,78;1,379199153E10;411467
WINFUT;26/07/2023;14:50:00;167344,67;167733,93;167092,00;167378,82;1,009615915E10;301436
WINFUT;26/07/2023;14:40:00;167385,65;167508,57;167296,87;167351,50;6609253194,00;197386
WINFUT;26/07/2023;14:30:00;167399,31;167426,62;167269,55;167385,65;4538618391,00;135594
WINFUT;26/07/2023;14:20:00;167399,31;167440,28;167317,36;167392,48;4646890677,00;138813
WINFUT;26/07/2023;14:10:00;167385,65;167522,23;167385,65;167399,31;4536186971,00;135442
WINFUT;26/07/2023;14:00:00;167611,00;167645,15;167378,82;167392,48;6081476438,00;181551
WINFUT;26/07/2023;13:50:00;167815,87;167870,51;167590,52;167611,00;7799095978,00;232474
WINFUT;26/07/2023;13:40:00;167631,49;167815,87;167617,83;167815,87;7638446210,00;227715
WINFUT;26/07/2023;13:30:00;167419,79;167638,32;167337,84;167631,49;5134255003,00;153288
WINFUT;26/07/2023;13:20:00;167392,48;167501,74;167378,82;167426,62;4476025766,00;133669
WINFUT;26/07/2023;13:10:00;167290,04;167406,13;167242,24;167392,48;3521427032,00;105227
WINFUT;26/07/2023;13:00:00;167371,99;167453,94;167228,58;167296,87;6901993621,00;206240
WINFUT;26/07/2023;12:50:00;167201,26;167406,13;167146,63;167378,82;5672430813,00;169528
WINFUT;26/07/2023;12:40:00;167187,61;167283,21;167098,83;167201,26;4896918514,00;146434
WINFUT;26/07/2023;12:30:00;167187,61;167228,58;167064,68;167187,61;4299982617,00;128630
WINFUT;26/07/2023;12:20:00;167132,97;167221,75;167037,37;167194,44;6076190803,00;181782
WINFUT;26/07/2023;12:10:00;167208,09;167337,84;167085,17;167139,80;7747448626,00;231681
WINFUT;26/07/2023;12:00:00;167583,69;167583,69;167126,15;167208,09;9909248715,00;296178
WINFUT;26/07/2023;11:50:00;167549,54;167604,18;167406,13;167576,86;6525757465,00;194791
WINFUT;26/07/2023;11:40:00;167317,36;167651,98;167296,87;167549,54;8675447972,00;258995
WINFUT;26/07/2023;11:30:00;167447,11;167481,25;167201,26;167310,53;9312234344,00;278243
WINFUT;26/07/2023;11:20:00;167098,83;167501,74;167030,54;167453,94;1,174275652E10;351044
WINFUT;26/07/2023;11:10:00;167235,41;167262,73;166928,10;167098,83;1,456388424E10;435843
WINFUT;26/07/2023;11:00:00;167740,76;167754,41;167201,26;167228,58;1,548131009E10;462241
WINFUT;26/07/2023;10:50:00;167740,76;167945,63;167604,18;167733,93;1,180200246E10;351727
WINFUT;26/07/2023;10:40:00;168075,38;168082,21;167604,18;167740,76;1,475935944E10;439723
WINFUT;26/07/2023;10:30:00;167310,53;168232,44;167262,73;168068,55;2,456988581E10;731970
WINFUT;26/07/2023;10:20:00;167563,20;167754,41;167296,87;167310,53;1,342834592E10;400727
WINFUT;26/07/2023;10:10:00;167720,27;167897,82;167481,25;167563,20;1,696084114E10;505751
WINFUT;26/07/2023;10:00:00;167303,70;167740,76;167208,09;167713,44;1,2743946E10;380616
WINFUT;26/07/2023;09:50:00;167385,65;167453,94;167153,46;167303,70;1,04219506E10;311487
WINFUT;26/07/2023;09:40:00;167802,22;167829,53;167269,55;167385,65;1,244189338E10;371413
WINFUT;26/07/2023;09:30:00;167624,66;167843,19;167385,65;167802,22;1,049446512E10;313048
WINFUT;26/07/2023;09:20:00;167317,36;167638,32;167310,53;167624,66;1,110354136E10;331464
WINFUT;26/07/2023;09:10:00;168136,84;168211,96;167262,73;167310,53;1,552437866E10;462695
WINFUT;26/07/2023;09:00:00;167515,40;168328,05;167358,33;168143,67;1,71465586E10;510432
WINFUT;25/07/2023;17:50:00;167918,31;168007,09;167788,56;167788,56;1348036444,00;40145
WINFUT;25/07/2023;17:40:00;167945,63;168027,57;167870,51;167918,31;3775119702,00;112384
WINFUT;25/07/2023;17:30:00;167938,80;167986,60;167843,19;167945,63;2765896286,00;82357
WINFUT;25/07/2023;17:20:00;167959,28;167986,60;167809,05;167938,80;3951467756,00;117675
WINFUT;25/07/2023;17:10:00;167972,94;168089,03;167925,14;167959,28;3787031605,00;112699
WINFUT;25/07/2023;17:00:00;168054,89;168123,18;167856,85;167986,60;6461014876,00;192308
WINFUT;25/07/2023;16:50:00;168054,89;168123,18;167884,16;168048,06;6928034270,00;206178
WINFUT;25/07/2023;16:40:00;168027,57;168123,18;167972,94;168054,89;6129372821,00;182369
WINFUT;25/07/2023;16:30:00;168170,98;168348,54;167925,14;168027,57;1,174750057E10;349314
WINFUT;25/07/2023;16:20:00;168287,08;168348,54;168082,21;168177,81;9256814600,00;275150
WINFUT;25/07/2023;16:10:00;168389,51;168464,63;168273,42;168280,25;4996426116,00;148372
WINFUT;25/07/2023;16:00:00;168348,54;168423,66;168300,73;168396,34;4983237624,00;147987
WINFUT;25/07/2023;15:50:00;168232,44;168375,85;168225,61;168341,71;6581603654,00;195531
WINFUT;25/07/2023;15:40:00;168403,17;168464,63;168225,61;168225,61;8400719105,00;249494
WINFUT;25/07/2023;15:30:00;168457,80;168642,18;168321,22;168403,17;1,116005769E10;331149
WINFUT;25/07/2023;15:20:00;168341,71;168485,12;168300,73;168457,80;6520186673,00;193596
WINFUT;25/07/2023;15:10:00;168328,05;168437,31;168266,59;168341,71;5919077983,00;175795
WINFUT;25/07/2023;15:00:00;168293,90;168410,00;168198,30;168321,22;6492519470,00;192890
WINFUT;25/07/2023;14:50:00;168198,30;168328,05;168130,01;168293,90;6369551220,00;189304
WINFUT;25/07/2023;14:40:00;168164,15;168375,85;168164,15;168191,47;7225946131,00;214716
WINFUT;25/07/2023;14:30:00;168130,01;168205,13;168089,03;168170,98;4654092602,00;138395
WINFUT;25/07/2023;14:20:00;168013,92;168184,64;167993,43;168130,01;6252605182,00;185994
WINFUT;25/07/2023;14:10:00;167863,68;168075,38;167843,19;168020,74;5177350044,00;154132
WINFUT;25/07/2023;14:00:00;167836,36;167945,63;167740,76;167863,68;6162130462,00;183574
WINFUT;25/07/2023;13:50:00;167959,28;168013,92;167815,87;167836,36;4748617552,00;141397
WINFUT;25/07/2023;13:40:00;167959,28;168000,26;167733,93;167959,28;7015633608,00;208945
WINFUT;25/07/2023;13:30:00;167979,77;168013,92;167809,05;167966,11;7333111988,00;218351
WINFUT;25/07/2023;13:20:00;167993,43;168109,52;167966,11;167986,60;5052570259,00;150335
WINFUT;25/07/2023;13:10:00;168061,72;168068,55;167877,34;167986,60;7879746454,00;234554
WINFUT;25/07/2023;13:00:00;168170,98;168218,79;168034,40;168054,89;5158388074,00;153419
WINFUT;25/07/2023;12:50:00;168143,67;168246,10;168027,57;168177,81;4935524550,00;146763
WINFUT;25/07/2023;12:40:00;168089,03;168266,59;168034,40;168150,50;6358526304,00;189068
WINFUT;25/07/2023;12:30:00;167890,99;168205,13;167774,90;168089,03;1,171825021E10;348721
WINFUT;25/07/2023;12:20:00;167856,85;167938,80;167658,81;167897,82;9198021654,00;274043
WINFUT;25/07/2023;12:10:00;167836,36;167931,97;167699,78;167856,85;8720154498,00;259805
WINFUT;25/07/2023;12:00:00;167822,70;168034,40;167815,87;167836,36;9425135268,00;280626
WINFUT;25/07/2023;11:50:00;168321,22;168355,37;167761,24;167822,70;1,953621493E10;581377
WINFUT;25/07/2023;11:40:00;168375,85;168505,60;168307,56;168321,22;8626192173,00;256128
WINFUT;25/07/2023;11:30:00;168601,21;168621,70;168300,73;168382,68;1,306487347E10;387720
WINFUT;25/07/2023;11:20:00;168744,62;168840,22;168546,58;168594,38;9399747667,00;278639
WINFUT;25/07/2023;11:10:00;168765,11;168990,46;168689,99;168744,62;1,075112905E10;318390
WINFUT;25/07/2023;11:00:00;168888,03;169113,38;168744,62;168758,28;1,375653513E10;407191
WINFUT;25/07/2023;10:50:00;168567,06;169195,33;168491,95;168888,03;1,77843818E10;526566
WINFUT;25/07/2023;10:40:00;168628,53;168935,83;168567,06;168567,06;1,677962578E10;497124
WINFUT;25/07/2023;10:30:00;169031,44;169086,07;168375,85;168635,35;2,558997221E10;758462
WINFUT;25/07/2023;10:20:00;168969,98;169352,40;168901,69;169031,44;1,562995121E10;462023
WINFUT;25/07/2023;10:10:00;169127,04;169290,94;168922,17;168969,98;1,82839632E10;540562
WINFUT;25/07/2023;10:00:00;169550,44;169714,34;168833,40;169133,87;2,411393816E10;712041
WINFUT;25/07/2023;09:50:00;169454,83;169577,76;169195,33;169550,44;1,18898308E10;350931
WINFUT;25/07/2023;09:40:00;169168,02;169482,15;169113,38;169448,01;1,144196261E10;337846
WINFUT;25/07/2023;09:30:00;169051,92;169386,54;169051,92;169174,85;1,380147409E10;407813
WINFUT;25/07/2023;09:20:00;169072,41;169202,16;168963,15;169058,75;1,078220349E10;318858
WINFUT;25/07/2023;09:10:00;168867,54;169099,73;168771,93;169072,41;8951016499,00;264921
WINFUT;25/07/2023;09:00:00;168205,13;169140,70;168130,01;168867,54;1,794852735E10;531610
WINFUT;24/07/2023;17:50:00;167597,35;167651,98;167515,40;167604,18;1385191746,00;41331
WINFUT;24/07/2023;17:40:00;167351,50;167658,81;167317,36;167597,35;5257284920,00;156955
WINFUT;24/07/2023;17:30:00;167331,02;167433,45;167296,87;167351,50;3536857086,00;105664
WINFUT;24/07/2023;17:20:00;167310,53;167385,65;167214,92;167324,19;3789287840,00;113234
WINFUT;24/07/2023;17:10:00;167208,09;167337,84;167180,78;167317,36;3397143960,00;101541
WINFUT;24/07/2023;17:00:00;167187,61;167310,53;167139,80;167208,09;7852293127,00;234774
WINFUT;24/07/2023;16:50:00;166852,99;167187,61;166839,33;167187,61;9420908357,00;282061
WINFUT;24/07/2023;16:40:00;166757,38;166866,64;166736,89;166852,99;4727533279,00;141715
WINFUT;24/07/2023;16:30:00;166730,06;166866,64;166661,77;166757,38;7719983421,00;231477
WINFUT;24/07/2023;16:20:00;166873,47;166914,45;166723,23;166736,89;6307686517,00;189029
WINFUT;24/07/2023;16:10:00;166818,84;166873,47;166689,09;166873,47;6237572499,00;187008
WINFUT;24/07/2023;16:00:00;166866,64;166893,96;166777,87;166825,67;4382516935,00;131349
WINFUT;24/07/2023;15:50:00;166798,35;166921,28;166764,21;166873,47;5356430796,00;160533
WINFUT;24/07/2023;15:40:00;166982,74;167010,05;166777,87;166798,35;6156395085,00;184442
WINFUT;24/07/2023;15:30:00;167085,17;167105,66;166764,21;166989,57;9643086008,00;288880
WINFUT;24/07/2023;15:20:00;167016,88;167112,49;166907,62;167085,17;6283419787,00;188109
WINFUT;24/07/2023;15:10:00;167010,05;167071,51;166934,93;167016,88;4994390409,00;149530
WINFUT;24/07/2023;15:00:00;166579,83;167208,09;166559,34;167010,05;1,275147461E10;382015
WINFUT;24/07/2023;14:50:00;166989,57;166996,39;166532,02;166573,00;1,355162885E10;406411
WINFUT;24/07/2023;14:40:00;166941,76;167119,32;166873,47;166982,74;1,01940994E10;305191
WINFUT;24/07/2023;14:30:00;167167,12;167180,78;166934,93;166941,76;7777178667,00;232740
WINFUT;24/07/2023;14:20:00;167269,55;167283,21;167146,63;167167,12;4404444996,00;131711
WINFUT;24/07/2023;14:10:00;167235,41;167324,19;167132,97;167269,55;5063170342,00;151368
WINFUT;24/07/2023;14:00:00;167317,36;167412,96;167153,46;167235,41;8143072098,00;243381
WINFUT;24/07/2023;13:50:00;167290,04;167324,19;167201,26;167317,36;2917102855,00;87201
WINFUT;24/07/2023;13:40:00;167269,55;167303,70;167194,44;167283,21;3715432114,00;111076
WINFUT;24/07/2023;13:30:00;167221,75;167283,21;167187,61;167262,73;2617099420,00;78241
WINFUT;24/07/2023;13:20:00;167235,41;167337,84;167201,26;167228,58;4177688529,00;124880
WINFUT;24/07/2023;13:10:00;167317,36;167324,19;167187,61;167242,24;5060366712,00;151280
WINFUT;24/07/2023;13:00:00;167494,91;167522,23;167303,70;167317,36;5415668361,00;161774
WINFUT;24/07/2023;12:50:00;167563,20;167611,00;167453,94;167494,91;5231356517,00;156140
WINFUT;24/07/2023;12:40:00;167672,47;167733,93;167529,06;167556,37;8038783921,00;239782
WINFUT;24/07/2023;12:30:00;167331,02;167679,29;167290,04;167672,47;8847656812,00;264170
WINFUT;24/07/2023;12:20:00;167262,73;167692,95;167242,24;167331,02;1,302168571E10;388884
WINFUT;24/07/2023;12:10:00;167201,26;167337,84;167085,17;167255,90;9001279237,00;269155
WINFUT;24/07/2023;12:00:00;167126,15;167412,96;166982,74;167194,44;1,171797314E10;350467
WINFUT;24/07/2023;11:50:00;166873,47;167535,89;166743,72;167126,15;2,40721383E10;720128
WINFUT;24/07/2023;11:40:00;166026,68;166880,30;165910,58;166873,47;2,202514968E10;661990
WINFUT;24/07/2023;11:30:00;165630,59;166053,99;165521,33;166019,85;1,271386833E10;383428
WINFUT;24/07/2023;11:20:00;165596,45;165671,57;165323,29;165630,59;1,006578806E10;304086
WINFUT;24/07/2023;11:10:00;165712,54;165774,00;165391,58;165589,62;9865038424,00;297934
WINFUT;24/07/2023;11:00:00;165739,86;165896,92;165534,99;165712,54;1,146900975E10;346072
WINFUT;24/07/2023;10:50:00;166094,97;166245,20;165596,45;165739,86;1,738271177E10;524045
WINFUT;24/07/2023;10:40:00;165521,33;166108,62;165459,87;166088,14;1,488214319E10;448851
WINFUT;24/07/2023;10:30:00;165739,86;165985,70;165261,83;165528,16;2,064429342E10;623432
WINFUT;24/07/2023;10:20:00;165569,13;165862,78;165507,67;165739,86;1,314235105E10;396632
WINFUT;24/07/2023;10:10:00;165500,84;166204,23;165309,63;165569,13;3,063491986E10;924191
WINFUT;24/07/2023;10:00:00;165671,57;165726,20;165371,09;165500,84;1,449187541E10;437722
WINFUT;24/07/2023;09:50:00;165494,01;165842,29;165466,70;165664,74;1,041433261E10;314277
WINFUT;24/07/2023;09:40:00;165541,82;165637,42;165377,92;165494,01;9400632914,00;284015
WINFUT;24/07/2023;09:30:00;166026,68;166040,33;165453,04;165534,99;1,146634013E10;346085
WINFUT;24/07/2023;09:20:00;165507,67;166047,16;165453,04;166033,50;1,194115657E10;360246
WINFUT;24/07/2023;09:10:00;165767,17;165774,00;165439,38;165507,67;9824882492,00;296627
WINFUT;24/07/2023;09:00:00;165562,30;166081,31;165412,07;165767,17;1,129818808E10;340703
WINFUT;21/07/2023;17:50:00;165794,49;165985,70;165698,88;165985,70;1637490491,00;49366
WINFUT;21/07/2023;17:40:00;165801,32;165910,58;165739,86;165787,66;4261153132,00;128493
WINFUT;21/07/2023;17:30:00;165842,29;165890,10;165705,71;165801,32;4405060188,00;132848
WINFUT;21/07/2023;17:20:00;165753,52;165972,04;165733,03;165842,29;7379148551,00;222457
WINFUT;21/07/2023;17:10:00;165685,23;165821,81;165678,40;165746,69;4317117969,00;130218
WINFUT;21/07/2023;17:00:00;165692,05;165760,34;165623,76;165685,23;4598197183,00;138767
WINFUT;21/07/2023;16:50:00;165794,49;165842,29;165630,59;165692,05;7461878336,00;225097
WINFUT;21/07/2023;16:40:00;165630,59;165855,95;165623,76;165787,66;9176636160,00;276830
WINFUT;21/07/2023;16:30:00;165623,76;165733,03;165541,82;165630,59;8544925511,00;257945
WINFUT;21/07/2023;16:20:00;165453,04;165637,42;165418,89;165623,76;6811211508,00;205730
WINFUT;21/07/2023;16:10:00;165418,89;165487,18;165316,46;165453,04;7070810582,00;213750
WINFUT;21/07/2023;16:00:00;165562,30;165582,79;165398,41;165412,07;6467698722,00;195414
WINFUT;21/07/2023;15:50:00;165569,13;165719,37;165534,99;165555,47;6321103671,00;190852
WINFUT;21/07/2023;15:40:00;165616,94;165678,40;165555,47;165562,30;5280119435,00;159419
WINFUT;21/07/2023;15:30:00;165808,15;165883,27;165589,62;165623,76;1,09631333E10;330804
WINFUT;21/07/2023;15:20:00;165651,08;165849,12;165555,47;165814,98;8765263717,00;264521
WINFUT;21/07/2023;15:10:00;165377,92;165712,54;165377,92;165644,25;1,145291943E10;345961
WINFUT;21/07/2023;15:00:00;165097,93;165391,58;165056,96;165384,75;8992955309,00;272114
WINFUT;21/07/2023;14:50:00;165166,22;165207,20;165070,62;165097,93;5089298857,00;154097
WINFUT;21/07/2023;14:40:00;165186,71;165186,71;165050,13;165166,22;7768535374,00;235256
WINFUT;21/07/2023;14:30:00;165275,49;165289,14;165132,08;165186,71;7199734014,00;217918
WINFUT;21/07/2023;14:20:00;165473,53;165500,84;165193,54;165275,49;9168843957,00;277321
WINFUT;21/07/2023;14:10:00;165575,96;165616,94;165357,43;165480,36;7937331569,00;239851
WINFUT;21/07/2023;14:00:00;165603,28;165664,74;165562,30;165575,96;3927968275,00;118589
WINFUT;21/07/2023;13:50:00;165528,16;165671,57;165507,67;165610,11;6020018338,00;181758
WINFUT;21/07/2023;13:40:00;165555,47;165603,28;165494,01;165534,99;4283745075,00;129379
WINFUT;21/07/2023;13:30:00;165453,04;165603,28;165453,04;165548,65;5011637184,00;151371
WINFUT;21/07/2023;13:20:00;165555,47;165589,62;165432,55;165453,04;5332125522,00;161078
WINFUT;21/07/2023;13:10:00;165596,45;165623,76;165500,84;165562,30;4245711169,00;128227
WINFUT;21/07/2023;13:00:00;165657,91;165739,86;165534,99;165589,62;4990374800,00;150656
WINFUT;21/07/2023;12:50:00;165582,79;165726,20;165534,99;165657,91;5829017026,00;175968
WINFUT;21/07/2023;12:40:00;165644,25;165739,86;165528,16;165575,96;6078870375,00;183503
WINFUT;21/07/2023;12:30:00;165541,82;165767,17;165507,67;165644,25;9427160626,00;284592
WINFUT;21/07/2023;12:20:00;165828,63;165835,46;165534,99;165541,82;7690751488,00;232127
WINFUT;21/07/2023;12:10:00;165575,96;165917,41;165528,16;165821,81;1,356828561E10;409381
WINFUT;21/07/2023;12:00:00;165364,26;165603,28;165364,26;165575,96;7376085182,00;222829
WINFUT;21/07/2023;11:50:00;165487,18;165651,08;165350,60;165364,26;9457356843,00;285699
WINFUT;21/07/2023;11:40:00;165398,41;165514,50;165364,26;165487,18;6928883476,00;209404
WINFUT;21/07/2023;11:30:00;165555,47;165575,96;165302,80;165398,41;8181404846,00;247291
WINFUT;21/07/2023;11:20:00;165698,88;165733,03;165425,72;165548,65;1,128434801E10;340785
WINFUT;21/07/2023;11:10:00;165295,97;165937,90;165248,17;165705,71;1,66048299E10;501424
WINFUT;21/07/2023;11:00:00;165125,25;165494,01;164995,50;165295,97;2,008583462E10;607726
WINFUT;21/07/2023;10:50:00;164551,61;165152,56;164353,57;165125,25;2,365514682E10;717601
WINFUT;21/07/2023;10:40:00;164510,64;164756,48;164353,57;164558,44;1,831325641E10;556388
WINFUT;21/07/2023;10:30:00;164469,66;164633,56;164141,87;164510,64;2,314345787E10;703939
WINFUT;21/07/2023;10:20:00;163479,46;164476,49;163472,63;164469,66;2,83607557E10;864825
WINFUT;21/07/2023;10:10:00;162885,34;163499,95;162721,44;163486,29;2,010054301E10;616240
WINFUT;21/07/2023;10:00:00;162946,80;163342,88;162803,39;162885,34;1,798014004E10;551368
WINFUT;21/07/2023;09:50:00;162666,81;163131,18;162639,49;162946,80;1,495428646E10;458907
WINFUT;21/07/2023;09:40:00;162591,69;162721,44;162578,03;162666,81;5681916201,00;174677
WINFUT;21/07/2023;09:30:00;162550,71;162939,97;162516,57;162598,52;1,237144004E10;380039
WINFUT;21/07/2023;09:20:00;162434,62;162851,19;162339,02;162543,89;1,274330137E10;391903
WINFUT;21/07/2023;09:10:00;162591,69;162823,87;162386,82;162427,79;1,113071925E10;342251
WINFUT;21/07/2023;09:00:00;162666,81;162741,93;162304,87;162584,86;1,022226625E10;314498
WINFUT;20/07/2023;17:50:00;162817,05;163001,43;162680,47;163001,43;1239835124,00;38070
WINFUT;20/07/2023;17:40:00;162844,36;162878,51;162728,27;162823,87;2788376832,00;85634
WINFUT;20/07/2023;17:30:00;162830,70;162912,65;162769,24;162837,53;3106273320,00;95377
WINFUT;20/07/2023;17:20:00;162796,56;162905,82;162762,41;162823,87;3654299324,00;112206
WINFUT;20/07/2023;17:10:00;162666,81;162823,87;162612,18;162796,56;3225735068,00;99129
WINFUT;20/07/2023;17:00:00;162748,76;162776,07;162639,49;162666,81;4457744239,00;136993
WINFUT;20/07/2023;16:50:00;162735,10;162830,70;162694,12;162755,58;4700806863,00;144399
WINFUT;20/07/2023;16:40:00;162694,12;162926,31;162687,29;162741,93;7079967656,00;217423
WINFUT;20/07/2023;16:30:00;162598,52;162933,14;162591,69;162694,12;1,092504154E10;335572
WINFUT;20/07/2023;16:20:00;162414,13;162619,00;162407,31;162591,69;6925188672,00;213050
WINFUT;20/07/2023;16:10:00;162550,71;162584,86;162332,19;162414,13;6572536479,00;202305
WINFUT;20/07/2023;16:00:00;162461,94;162571,20;162393,65;162543,89;4196459530,00;129137
WINFUT;20/07/2023;15:50:00;162502,91;162571,20;162414,13;162461,94;5621304474,00;172978
WINFUT;20/07/2023;15:40:00;162373,16;162680,47;162366,33;162496,08;7203993692,00;221677
WINFUT;20/07/2023;15:30:00;162236,58;162434,62;162209,26;162373,16;6205075928,00;191101
WINFUT;20/07/2023;15:20:00;162482,42;162591,69;162222,92;162229,75;8343772816,00;256854
WINFUT;20/07/2023;15:10:00;162441,45;162496,08;162298,04;162482,42;5215371817,00;160569
WINFUT;20/07/2023;15:00:00;162441,45;162523,40;162222,92;162434,62;9350949980,00;287948
WINFUT;20/07/2023;14:50:00;162441,45;162461,94;162291,21;162434,62;5488742201,00;169028
WINFUT;20/07/2023;14:40:00;162427,79;162468,77;162352,67;162441,45;4517299801,00;139065
WINFUT;20/07/2023;14:30:00;162427,79;162564,37;162373,16;162427,79;6976290279,00;214700
WINFUT;20/07/2023;14:20:00;162373,16;162516,57;162366,33;162427,79;4307932151,00;132594
WINFUT;20/07/2023;14:10:00;162325,36;162448,28;162318,53;162373,16;3419747826,00;105295
WINFUT;20/07/2023;14:00:00;162304,87;162461,94;162270,73;162325,36;5848600461,00;180090
WINFUT;20/07/2023;13:50:00;162243,41;162366,33;162181,95;162311,70;5553793703,00;171103
WINFUT;20/07/2023;13:40:00;162298,04;162339,02;162175,12;162250,24;6890695011,00;212351
WINFUT;20/07/2023;13:30:00;162400,48;162475,60;162243,41;162298,04;7449416160,00;229413
WINFUT;20/07/2023;13:20:00;162523,40;162537,06;162339,02;162407,31;5206010035,00;160268
WINFUT;20/07/2023;13:10:00;162530,23;162557,54;162407,31;162516,57;4692505035,00;144399
WINFUT;20/07/2023;13:00:00;162584,86;162659,98;162434,62;162530,23;7454526595,00;229303
WINFUT;20/07/2023;12:50:00;162379,99;162584,86;162366,33;162584,86;5539562372,00;170478
WINFUT;20/07/2023;12:40:00;162359,50;162612,18;162291,21;162386,82;1,09314062E10;336445
WINFUT;20/07/2023;12:30:00;162659,98;162673,64;162195,61;162366,33;1,073852194E10;330598
WINFUT;20/07/2023;12:20:00;162769,24;162782,90;162605,35;162653,15;6977603680,00;214453
WINFUT;20/07/2023;12:10:00;162946,80;163069,72;162762,41;162762,41;1,029151063E10;315911
WINFUT;20/07/2023;12:00:00;162591,69;163035,57;162564,37;162953,63;1,398394512E10;429527
WINFUT;20/07/2023;11:50:00;162270,73;162639,49;162250,24;162591,69;1,101275881E10;339021
WINFUT;20/07/2023;11:40:00;162120,49;162434,62;161915,62;162270,73;1,574132872E10;485300
WINFUT;20/07/2023;11:30:00;162093,17;162325,36;161997,57;162120,49;1,14797039E10;353923
WINFUT;20/07/2023;11:20:00;162489,25;162550,71;161997,57;162093,17;1,226345255E10;377811
WINFUT;20/07/2023;11:10:00;162550,71;162598,52;162229,75;162496,08;1,500854583E10;462021
WINFUT;20/07/2023;11:00:00;162584,86;162741,93;162434,62;162557,54;1,497456942E10;460505
WINFUT;20/07/2023;10:50:00;162086,34;162680,47;162086,34;162591,69;1,760909194E10;542102
WINFUT;20/07/2023;10:40:00;161970,25;162188,78;161847,33;162086,34;1,713054337E10;528620
WINFUT;20/07/2023;10:30:00;162557,54;162598,52;161765,38;161970,25;2,796361685E10;862727
WINFUT;20/07/2023;10:20:00;162523,40;162864,85;162441,45;162550,71;1,415449535E10;435182
WINFUT;20/07/2023;10:10:00;162707,78;162926,31;162475,60;162530,23;1,851131364E10;568921
WINFUT;20/07/2023;10:00:00;162844,36;162946,80;162550,71;162707,78;1,397099343E10;429210
WINFUT;20/07/2023;09:50:00;162803,39;162994,60;162694,12;162844,36;8130934631,00;249673
WINFUT;20/07/2023;09:40:00;163035,57;163049,23;162728,27;162803,39;1,049478245E10;322180
WINFUT;20/07/2023;09:30:00;162762,41;163192,64;162694,12;163035,57;1,418350453E10;435023
WINFUT;20/07/2023;09:20:00;162714,61;162864,85;162619,00;162762,41;8157393514,00;250625
WINFUT;20/07/2023;09:10:00;162571,20;162728,27;162496,08;162721,44;9416349979,00;289551
WINFUT;20/07/2023;09:00:00;162461,94;162612,18;162018,05;162571,20;1,622430043E10;499743
WINFUT;19/07/2023;17:50:00;161983,91;162052,20;161922,45;162052,20;1018301049,00;31432
WINFUT;19/07/2023;17:40:00;162140,97;162147,80;161949,76;161983,91;3389517506,00;104603
WINFUT;19/07/2023;17:30:00;162106,83;162147,80;162052,20;162140,97;1632438971,00;50354
WINFUT;19/07/2023;17:20:00;162100,00;162175,12;161956,59;162100,00;4626257487,00;142733
WINFUT;19/07/2023;17:10:00;162059,03;162154,63;162011,22;162100,00;3526255448,00;108783
WINFUT;19/07/2023;17:00:00;162181,95;162222,92;162031,71;162052,20;3571976203,00;110168
WINFUT;19/07/2023;16:50:00;162045,37;162188,78;162045,37;162175,12;5301850940,00;163514
WINFUT;19/07/2023;16:40:00;162134,15;162140,97;161983,91;162045,37;5402996395,00;166693
WINFUT;19/07/2023;16:30:00;162209,26;162236,58;162059,03;162127,32;6267363920,00;193274
WINFUT;19/07/2023;16:20:00;162284,38;162325,36;162127,32;162209,26;6933948193,00;213708
WINFUT;19/07/2023;16:10:00;162345,84;162400,48;162250,24;162284,38;5374210644,00;165550
WINFUT;19/07/2023;16:00:00;162379,99;162578,03;162222,92;162345,84;1,009352043E10;310816
WINFUT;19/07/2023;15:50:00;162598,52;162666,81;162366,33;162379,99;1,025263817E10;315392
WINFUT;19/07/2023;15:40:00;162250,24;162803,39;162222,92;162598,52;1,961045095E10;603322
WINFUT;19/07/2023;15:30:00;161915,62;162339,02;161874,64;162257,07;1,469757329E10;453197
WINFUT;19/07/2023;15:20:00;161642,46;161997,57;161621,97;161908,79;1,112014827E10;343572
WINFUT;19/07/2023;15:10:00;161410,27;161669,77;161389,78;161642,46;7187263341,00;222448
WINFUT;19/07/2023;15:00:00;161458,07;161540,02;161403,44;161417,10;4848677126,00;150152
WINFUT;19/07/2023;14:50:00;161458,07;161519,54;161376,13;161458,07;4891097862,00;151474
WINFUT;19/07/2023;14:40:00;161526,36;161560,51;161403,44;161451,25;5244031531,00;162366
WINFUT;19/07/2023;14:30:00;161430,76;161635,63;161389,78;161526,36;8337174675,00;258074
WINFUT;19/07/2023;14:20:00;161410,27;161478,56;161307,84;161430,76;4791205122,00;148425
WINFUT;19/07/2023;14:10:00;161253,20;161451,25;161219,06;161417,10;6798878991,00;210668
WINFUT;19/07/2023;14:00:00;161287,35;161307,84;161102,97;161253,20;5416784605,00;168013
WINFUT;19/07/2023;13:50:00;161123,45;161307,84;161109,80;161280,52;5415419714,00;167956
WINFUT;19/07/2023;13:40:00;161157,60;161253,20;161102,97;161123,45;4769583222,00;147956
WINFUT;19/07/2023;13:30:00;161102,97;161198,57;161014,19;161164,43;5310953659,00;164807
WINFUT;19/07/2023;13:20:00;160993,70;161143,94;160945,90;161096,14;4524125866,00;140474
WINFUT;19/07/2023;13:10:00;160843,46;161109,80;160809,32;160993,70;6921306655,00;214972
WINFUT;19/07/2023;13:00:00;160788,83;160980,04;160741,03;160843,46;8499234442,00;264148
WINFUT;19/07/2023;12:50:00;161184,91;161191,74;160734,20;160782,00;1,315735688E10;408775
WINFUT;19/07/2023;12:40:00;161082,48;161273,69;161014,19;161191,74;6978242552,00;216493
WINFUT;19/07/2023;12:30:00;161314,67;161423,93;160966,39;161082,48;1,072065844E10;332595
WINFUT;19/07/2023;12:20:00;161164,43;161321,49;161034,68;161314,67;7182338258,00;222808
WINFUT;19/07/2023;12:10:00;161157,60;161314,67;161123,45;161157,60;5918915225,00;183569
WINFUT;19/07/2023;12:00:00;161553,68;161567,34;161075,65;161157,60;1,887234293E10;585146
WINFUT;19/07/2023;11:50:00;161703,92;161717,58;161519,54;161553,68;8094096414,00;250394
WINFUT;19/07/2023;11:40:00;161669,77;161860,99;161615,14;161710,75;9608336423,00;297078
WINFUT;19/07/2023;11:30:00;162072,68;162140,97;161540,02;161662,94;1,614919892E10;499009
WINFUT;19/07/2023;11:20:00;162202,44;162366,33;162065,86;162072,68;7925723281,00;244271
WINFUT;19/07/2023;11:10:00;162339,02;162352,67;161922,45;162209,26;1,150246896E10;354790
WINFUT;19/07/2023;11:00:00;162557,54;162605,35;162120,49;162345,84;1,358994936E10;418588
WINFUT;19/07/2023;10:50:00;162209,26;162584,86;162059,03;162550,71;1,195543564E10;368380
WINFUT;19/07/2023;10:40:00;162250,24;162257,07;161888,30;162209,26;1,423888872E10;439227
WINFUT;19/07/2023;10:30:00;161867,81;162612,18;161799,52;162243,41;2,312172531E10;712500
WINFUT;19/07/2023;10:20:00;161792,70;162113,66;161738,06;161860,99;1,551310049E10;478969
WINFUT;19/07/2023;10:10:00;161396,61;162031,71;161355,64;161785,87;2,416196462E10;747222
WINFUT;19/07/2023;10:00:00;161867,81;162045,37;161307,84;161396,61;2,132629437E10;659542
WINFUT;19/07/2023;09:50:00;162031,71;162127,32;161813,18;161867,81;1,038659435E10;320614
WINFUT;19/07/2023;09:40:00;161615,14;162031,71;161615,14;162031,71;1,043786042E10;322365
WINFUT;19/07/2023;09:30:00;161826,84;161860,99;161546,85;161621,97;1,598529488E10;494241
WINFUT;19/07/2023;09:20:00;162318,53;162332,19;161813,18;161833,67;1,119899564E10;345504
WINFUT;19/07/2023;09:10:00;162475,60;162605,35;162284,38;162318,53;8617186958,00;265236
WINFUT;19/07/2023;09:00:00;162735,10;162885,34;162311,70;162475,60;1,0364058E10;318812
WINFUT;18/07/2023;17:50:00;162455,11;162584,86;162427,79;162489,25;1106784548,00;34057
WINFUT;18/07/2023;17:40:00;162359,50;162489,25;162318,53;162455,11;3137212147,00;96590
WINFUT;18/07/2023;17:30:00;162181,95;162407,31;162100,00;162359,50;5064703475,00;156042
WINFUT;18/07/2023;17:20:00;162339,02;162345,84;162127,32;162181,95;4412436033,00;136017
WINFUT;18/07/2023;17:10:00;162496,08;162516,57;162257,07;162339,02;5117165686,00;157543
WINFUT;18/07/2023;17:00:00;162776,07;162817,05;162359,50;162496,08;7074982761,00;217569
WINFUT;18/07/2023;16:50:00;162789,73;162837,53;162721,44;162782,90;4667110629,00;143356
WINFUT;18/07/2023;16:40:00;162728,27;162871,68;162687,29;162789,73;5535352522,00;170018
WINFUT;18/07/2023;16:30:00;162434,62;162837,53;162427,79;162728,27;1,30278721E10;400432
WINFUT;18/07/2023;16:20:00;162420,96;162455,11;162284,38;162441,45;5399741660,00;166280
WINFUT;18/07/2023;16:10:00;162578,03;162612,18;162332,19;162420,96;7128186596,00;219400
WINFUT;18/07/2023;16:00:00;162530,23;162625,83;162263,90;162578,03;1,019777936E10;313823
WINFUT;18/07/2023;15:50:00;162721,44;162755,58;162475,60;162537,06;6481889341,00;199294
WINFUT;18/07/2023;15:40:00;162810,22;162912,65;162653,15;162721,44;7565284698,00;232393
WINFUT;18/07/2023;15:30:00;162707,78;162830,70;162639,49;162803,39;4684233521,00;143929
WINFUT;18/07/2023;15:20:00;162700,95;162721,44;162591,69;162707,78;3949678480,00;121405
WINFUT;18/07/2023;15:10:00;162673,64;162817,05;162584,86;162707,78;7299904053,00;224338
WINFUT;18/07/2023;15:00:00;162653,15;162782,90;162537,06;162673,64;6643017923,00;204207
WINFUT;18/07/2023;14:50:00;162782,90;162803,39;162612,18;162646,32;6460020275,00;198520
WINFUT;18/07/2023;14:40:00;162639,49;162837,53;162619,00;162782,90;7754079292,00;238238
WINFUT;18/07/2023;14:30:00;162475,60;162796,56;162461,94;162632,66;9690569396,00;297910
WINFUT;18/07/2023;14:20:00;162263,90;162530,23;162222,92;162482,42;7492318531,00;230688
WINFUT;18/07/2023;14:10:00;161936,10;162298,04;161813,18;162257,07;1,084267083E10;334462
WINFUT;18/07/2023;14:00:00;162086,34;162188,78;161710,75;161936,10;2,18966947E10;676063
WINFUT;18/07/2023;13:50:00;162584,86;162748,76;162045,37;162079,51;1,606642649E10;494407
WINFUT;18/07/2023;13:40:00;163206,30;163254,10;162557,54;162591,69;1,24959608E10;383609
WINFUT;18/07/2023;13:30:00;163165,32;163240,44;162994,60;163206,30;6562063511,00;201146
WINFUT;18/07/2023;13:20:00;163178,98;163254,10;163049,23;163172,15;5399486004,00;165482
WINFUT;18/07/2023;13:10:00;163178,98;163281,42;163144,84;163178,98;4165377859,00;127604
WINFUT;18/07/2023;13:00:00;163226,79;163329,22;163117,52;163178,98;5504095332,00;168624
WINFUT;18/07/2023;12:50:00;163103,86;163274,59;163049,23;163226,79;5125920765,00;157085
WINFUT;18/07/2023;12:40:00;163131,18;163178,98;163021,92;163103,86;4915231608,00;150668
WINFUT;18/07/2023;12:30:00;162858,02;163213,13;162844,36;163124,35;9083087457,00;278596
WINFUT;18/07/2023;12:20:00;163267,76;163295,08;162748,76;162864,85;1,025266131E10;314533
WINFUT;18/07/2023;12:10:00;163144,84;163329,22;163110,69;163267,76;5367057166,00;164382
WINFUT;18/07/2023;12:00:00;163336,05;163452,14;163110,69;163144,84;9609981944,00;294267
WINFUT;18/07/2023;11:50:00;163158,50;163418,00;163049,23;163336,05;1,022280143E10;313141
WINFUT;18/07/2023;11:40:00;163185,81;163308,73;162994,60;163158,50;1,132700695E10;347141
WINFUT;18/07/2023;11:30:00;163404,34;163534,09;163090,21;163178,98;1,29272349E10;395844
WINFUT;18/07/2023;11:20:00;163178,98;163424,83;163056,06;163404,34;1,214434004E10;371931
WINFUT;18/07/2023;11:10:00;163315,56;163431,66;163110,69;163185,81;1,152058367E10;352809
WINFUT;18/07/2023;11:00:00;163766,28;163807,25;163213,13;163315,56;1,347863602E10;412269
WINFUT;18/07/2023;10:50:00;163158,50;163841,40;163117,52;163766,28;2,193729138E10;670630
WINFUT;18/07/2023;10:40:00;163670,67;163704,82;162987,77;163151,67;1,987646421E10;608754
WINFUT;18/07/2023;10:30:00;162625,83;163704,82;162236,58;163677,50;2,765736268E10;849329
WINFUT;18/07/2023;10:20:00;162468,77;162659,98;162216,09;162632,66;1,734819816E10;534047
WINFUT;18/07/2023;10:10:00;162659,98;162905,82;162386,82;162475,60;2,161289953E10;664549
WINFUT;18/07/2023;10:00:00;162898,99;162926,31;162591,69;162653,15;1,446584315E10;444454
WINFUT;18/07/2023;09:50:00;163110,69;163165,32;162830,70;162905,82;9923854103,00;304428
WINFUT;18/07/2023;09:40:00;163117,52;163178,98;162591,69;163110,69;1,752036779E10;537830
WINFUT;18/07/2023;09:30:00;163131,18;163458,97;162953,63;163124,35;1,669898164E10;511783
WINFUT;18/07/2023;09:20:00;163158,50;163315,56;163090,21;163131,18;7301045668,00;223676
WINFUT;18/07/2023;09:10:00;163213,13;163247,27;163008,26;163165,32;7255061678,00;222402
WINFUT;18/07/2023;09:00:00;163213,13;163356,54;163001,43;163213,13;9473310303,00;290288
WINFUT;17/07/2023;17:50:00;163404,34;163411,17;163178,98;163315,56;1546409412,00;47351
WINFUT;17/07/2023;17:40:00;163452,14;163458,97;163356,54;163411,17;2793244787,00;85472
WINFUT;17/07/2023;17:30:00;163424,83;163472,63;163336,05;163452,14;3097383726,00;94783
WINFUT;17/07/2023;17:20:00;163418,00;163479,46;163226,79;163418,00;4874661024,00;149189
WINFUT;17/07/2023;17:10:00;163247,27;163465,80;163226,79;163424,83;4943189754,00;151302
WINFUT;17/07/2023;17:00:00;163247,27;163301,90;163165,32;163247,27;4298322997,00;131660
WINFUT;17/07/2023;16:50:00;163042,40;163267,76;163021,92;163247,27;5984318197,00;183396
WINFUT;17/07/2023;16:40:00;162987,77;163138,01;162933,14;163042,40;5601446579,00;171785
WINFUT;17/07/2023;16:30:00;162700,95;163083,38;162625,83;162994,60;8911689946,00;273621
WINFUT;17/07/2023;16:20:00;162871,68;162912,65;162653,15;162700,95;6288369435,00;193157
WINFUT;17/07/2023;16:10:00;162837,53;162933,14;162721,44;162871,68;5453894798,00;167494
WINFUT;17/07/2023;16:00:00;162748,76;162885,34;162741,93;162837,53;3388503391,00;104052
WINFUT;17/07/2023;15:50:00;162803,39;162878,51;162714,61;162755,58;3323094141,00;102056
WINFUT;17/07/2023;15:40:00;162823,87;162892,16;162700,95;162803,39;5358471740,00;164579
WINFUT;17/07/2023;15:30:00;162851,19;162871,68;162748,76;162830,70;4242953859,00;130300
WINFUT;17/07/2023;15:20:00;162830,70;162967,28;162810,22;162851,19;4349801803,00;133528
WINFUT;17/07/2023;15:10:00;162871,68;162980,94;162817,05;162830,70;4710249852,00;144580
WINFUT;17/07/2023;15:00:00;163103,86;163117,52;162864,85;162871,68;5826429779,00;178768
WINFUT;17/07/2023;14:50:00;163254,10;163329,22;163028,74;163110,69;7361151803,00;225554
WINFUT;17/07/2023;14:40:00;162994,60;163329,22;162939,97;163247,27;9405560882,00;288231
WINFUT;17/07/2023;14:30:00;162489,25;163213,13;162461,94;162994,60;1,406953985E10;431958
WINFUT;17/07/2023;14:20:00;162489,25;162550,71;162393,65;162489,25;4981181879,00;153297
WINFUT;17/07/2023;14:10:00;162537,06;162619,00;162455,11;162496,08;4254186188,00;130865
WINFUT;17/07/2023;14:00:00;162571,20;162632,66;162502,91;162530,23;4997551417,00;153720
WINFUT;17/07/2023;13:50:00;162564,37;162653,15;162530,23;162571,20;3651117612,00;112276
WINFUT;17/07/2023;13:40:00;162550,71;162694,12;162509,74;162564,37;6775953920,00;208360
WINFUT;17/07/2023;13:30:00;162591,69;162646,32;162441,45;162550,71;6679305528,00;205470
WINFUT;17/07/2023;13:20:00;162400,48;162619,00;162339,02;162591,69;6437915879,00;198097
WINFUT;17/07/2023;13:10:00;162304,87;162530,23;162291,21;162393,65;8000973476,00;246318
WINFUT;17/07/2023;13:00:00;162140,97;162339,02;162079,51;162298,04;6377086732,00;196611
WINFUT;17/07/2023;12:50:00;161977,08;162147,80;161867,81;162134,15;7089898335,00;218839
WINFUT;17/07/2023;12:40:00;161997,57;162072,68;161929,28;161983,91;4762728492,00;146988
WINFUT;17/07/2023;12:30:00;162127,32;162195,61;161956,59;161997,57;5856288780,00;180648
WINFUT;17/07/2023;12:20:00;162284,38;162352,67;162079,51;162127,32;6274294383,00;193413
WINFUT;17/07/2023;12:10:00;161929,28;162359,50;161874,64;162291,21;9278686386,00;286153
WINFUT;17/07/2023;12:00:00;161929,28;162072,68;161840,50;161929,28;7821877701,00;241461
WINFUT;17/07/2023;11:50:00;161738,06;162011,22;161656,12;161922,45;9080498162,00;280517
WINFUT;17/07/2023;11:40:00;161881,47;162045,37;161697,09;161731,23;8766403940,00;270754
WINFUT;17/07/2023;11:30:00;161915,62;162045,37;161751,72;161881,47;1,101219178E10;340109
WINFUT;17/07/2023;11:20:00;161724,41;161929,28;161669,77;161908,79;6004449660,00;185514
WINFUT;17/07/2023;11:10:00;161758,55;161997,57;161669,77;161717,58;1,127305001E10;348300
WINFUT;17/07/2023;11:00:00;162175,12;162461,94;161738,06;161751,72;1,793022443E10;552989
WINFUT;17/07/2023;10:50:00;161860,99;162584,86;161826,84;162175,12;2,177550053E10;671000
WINFUT;17/07/2023;10:40:00;160959,56;161888,30;160932,24;161860,99;1,606877019E10;497763
WINFUT;17/07/2023;10:30:00;161533,19;161656,12;160904,93;160959,56;2,163118539E10;670632
WINFUT;17/07/2023;10:20:00;162277,55;162325,36;161464,90;161533,19;1,939963181E10;599044
WINFUT;17/07/2023;10:10:00;161178,09;162373,16;161178,09;162270,73;2,588763757E10;800465
WINFUT;17/07/2023;10:00:00;161929,28;161929,28;161164,43;161184,91;2,187391579E10;677332
WINFUT;17/07/2023;09:50:00;162188,78;162202,44;161908,79;161929,28;8586423775,00;264879
WINFUT;17/07/2023;09:40:00;162031,71;162250,24;161942,93;162188,78;9483781730,00;292555
WINFUT;17/07/2023;09:30:00;162038,54;162257,07;162018,05;162024,88;9320162612,00;287399
WINFUT;17/07/2023;09:20:00;162229,75;162325,36;162038,54;162038,54;6256722384,00;192866
WINFUT;17/07/2023;09:10:00;162277,55;162373,16;162134,15;162236,58;6576051212,00;202659
WINFUT;17/07/2023;09:00:00;162120,49;162325,36;161731,23;162284,38;1,167595596E10;360266
WINFUT;14/07/2023;17:50:00;162366,33;162537,06;162352,67;162475,60;1318757020,00;40589
WINFUT;14/07/2023;17:40:00;162530,23;162557,54;162345,84;162373,16;2769073232,00;85213
WINFUT;14/07/2023;17:30:00;162434,62;162584,86;162393,65;162530,23;3155867271,00;97109
WINFUT;14/07/2023;17:20:00;162400,48;162523,40;162393,65;162427,79;2650756215,00;81583
WINFUT;14/07/2023;17:10:00;162284,38;162427,79;162202,44;162393,65;4991161036,00;153730
WINFUT;14/07/2023;17:00:00;162550,71;162605,35;162270,73;162291,21;6561084157,00;201914
WINFUT;14/07/2023;16:50:00;162461,94;162741,93;162427,79;162550,71;7030130331,00;216199
WINFUT;14/07/2023;16:40:00;162578,03;162653,15;162427,79;162461,94;5350978036,00;164606
WINFUT;14/07/2023;16:30:00;162414,13;162666,81;162414,13;162578,03;7076998476,00;217703
WINFUT;14/07/2023;16:20:00;162461,94;162509,74;162298,04;162420,96;6063362861,00;186683
WINFUT;14/07/2023;16:10:00;162400,48;162578,03;162325,36;162461,94;6128368148,00;188600
WINFUT;14/07/2023;16:00:00;162407,31;162441,45;162257,07;162400,48;6201184187,00;190985
WINFUT;14/07/2023;15:50:00;162571,20;162619,00;162359,50;162400,48;5157606235,00;158712
WINFUT;14/07/2023;15:40:00;162468,77;162591,69;162420,96;162578,03;4540528501,00;139698
WINFUT;14/07/2023;15:30:00;162509,74;162584,86;162291,21;162461,94;7815979171,00;240591
WINFUT;14/07/2023;15:20:00;162420,96;162666,81;162332,19;162509,74;8782414214,00;270259
WINFUT;14/07/2023;15:10:00;162605,35;162619,00;162304,87;162414,13;1,07233988E10;330093
WINFUT;14/07/2023;15:00:00;162625,83;162782,90;162557,54;162612,18;7699953721,00;236701
WINFUT;14/07/2023;14:50:00;162946,80;162953,63;162598,52;162632,66;8971084060,00;275539
WINFUT;14/07/2023;14:40:00;163015,09;163049,23;162878,51;162946,80;3468695855,00;106430
WINFUT;14/07/2023;14:30:00;163090,21;163172,15;162912,65;163021,92;6318369821,00;193783
WINFUT;14/07/2023;14:20:00;162844,36;163213,13;162741,93;163090,21;9800563941,00;300677
WINFUT;14/07/2023;14:10:00;162878,51;163001,43;162837,53;162844,36;4356181553,00;133694
WINFUT;14/07/2023;14:00:00;162967,28;163021,92;162830,70;162885,34;4832747305,00;148312
WINFUT;14/07/2023;13:50:00;162933,14;163124,35;162898,99;162967,28;7917414224,00;242864
WINFUT;14/07/2023;13:40:00;162810,22;162953,63;162776,07;162933,14;5875242592,00;180360
WINFUT;14/07/2023;13:30:00;162837,53;162980,94;162687,29;162803,39;8183033638,00;251275
WINFUT;14/07/2023;13:20:00;162782,90;163042,40;162728,27;162837,53;1,146232393E10;351877
WINFUT;14/07/2023;13:10:00;163424,83;163465,80;162769,24;162789,73;1,178891581E10;361288
WINFUT;14/07/2023;13:00:00;163499,95;163513,60;163370,19;163418,00;3964419472,00;121277
WINFUT;14/07/2023;12:50:00;163527,26;163588,72;163418,00;163499,95;3536354176,00;108136
WINFUT;14/07/2023;12:40:00;163540,92;163568,24;163438,48;163527,26;3771273301,00;115321
WINFUT;14/07/2023;12:30:00;163575,06;163650,18;163499,95;163540,92;3718821046,00;113676
WINFUT;14/07/2023;12:20:00;163697,99;163718,47;163458,97;163575,06;6349077025,00;194058
WINFUT;14/07/2023;12:10:00;163554,58;163752,62;163527,26;163697,99;6830984271,00;208724
WINFUT;14/07/2023;12:00:00;163431,66;163609,21;163336,05;163554,58;8791880066,00;268887
WINFUT;14/07/2023;11:50:00;163028,74;163458,97;163015,09;163431,66;1,223311609E10;374653
WINFUT;14/07/2023;11:40:00;163472,63;163581,89;162919,48;163028,74;1,438327997E10;440465
WINFUT;14/07/2023;11:30:00;163711,64;163916,51;163404,34;163472,63;1,308449573E10;399759
WINFUT;14/07/2023;11:20:00;163834,57;163950,66;163670,67;163711,64;1,004715029E10;306643
WINFUT;14/07/2023;11:10:00;164189,67;164203,33;163800,42;163834,57;1,021235892E10;311415
WINFUT;14/07/2023;11:00:00;163943,83;164333,08;163629,70;164189,67;1,892756799E10;577070
WINFUT;14/07/2023;10:50:00;163616,04;163977,98;163547,75;163950,66;1,242536335E10;379262
WINFUT;14/07/2023;10:40:00;163588,72;163684,33;163370,19;163616,04;1,332964819E10;407626
WINFUT;14/07/2023;10:30:00;163868,71;163923,34;163465,80;163581,89;1,804219328E10;551083
WINFUT;14/07/2023;10:20:00;164080,41;164094,07;163629,70;163868,71;1,832369757E10;559141
WINFUT;14/07/2023;10:10:00;164162,36;164421,86;163991,63;164080,41;1,891276282E10;575973
WINFUT;14/07/2023;10:00:00;164415,03;164654,05;164087,24;164155,53;2,053958876E10;624819
WINFUT;14/07/2023;09:50:00;164449,18;164510,64;164380,89;164415,03;5123180475,00;155776
WINFUT;14/07/2023;09:40:00;164435,52;164537,95;164367,23;164449,18;6902981519,00;209879
WINFUT;14/07/2023;09:30:00;164783,80;164804,28;164415,03;164442,35;1,236628031E10;375673
WINFUT;14/07/2023;09:20:00;164865,75;164961,35;164729,17;164776,97;7496890635,00;227378
WINFUT;14/07/2023;09:10:00;164756,48;164920,38;164674,53;164865,75;8373761570,00;254043
WINFUT;14/07/2023;09:00:00;164893,06;165214,02;164729,17;164763,31;1,405830434E10;426114
WINFUT;13/07/2023;17:50:00;164913,55;164913,55;164537,95;164537,95;1343623434,00;40783
WINFUT;13/07/2023;17:40:00;164817,94;164940,86;164797,46;164906,72;3125519498,00;94784
WINFUT;13/07/2023;17:30:00;164906,72;164927,21;164735,99;164817,94;4233192900,00;128424
WINFUT;13/07/2023;17:20:00;164865,75;164927,21;164790,63;164906,72;3351757795,00;101653
WINFUT;13/07/2023;17:10:00;164688,19;164899,89;164626,73;164858,92;4923781370,00;149404
WINFUT;13/07/2023;17:00:00;164701,85;164770,14;164619,90;164695,02;5726019517,00;173844
WINFUT;13/07/2023;16:50:00;164906,72;164913,55;164667,70;164701,85;6816670620,00;206835
WINFUT;13/07/2023;16:40:00;164872,57;164940,86;164824,77;164906,72;5308578797,00;160982
WINFUT;13/07/2023;16:30:00;164899,89;164934,04;164715,51;164865,75;7390667432,00;224168
WINFUT;13/07/2023;16:20:00;164893,06;164981,84;164858,92;164899,89;4703987723,00;142618
WINFUT;13/07/2023;16:10:00;164872,57;164913,55;164824,77;164886,23;4613796408,00;139920
WINFUT;13/07/2023;16:00:00;164804,28;164899,89;164756,48;164879,40;4856497738,00;147317
WINFUT;13/07/2023;15:50:00;164735,99;164838,43;164619,90;164804,28;7197835167,00;218438
WINFUT;13/07/2023;15:40:00;164838,43;164913,55;164626,73;164735,99;9802446153,00;297502
WINFUT;13/07/2023;15:30:00;165111,59;165125,25;164770,14;164831,60;8978045660,00;272189
WINFUT;13/07/2023;15:20:00;165104,76;165159,39;165022,81;165104,76;5732923864,00;173632
WINFUT;13/07/2023;15:10:00;165173,05;165227,68;165091,10;165104,76;5039391521,00;152564
WINFUT;13/07/2023;15:00:00;165111,59;165200,37;165050,13;165173,05;4816138593,00;145826
WINFUT;13/07/2023;14:50:00;165097,93;165179,88;165070,62;165104,76;3224439807,00;97643
WINFUT;13/07/2023;14:40:00;165029,64;165152,56;164865,75;165104,76;7519828919,00;227834
WINFUT;13/07/2023;14:30:00;165029,64;165084,27;164927,21;165029,64;5416525870,00;164135
WINFUT;13/07/2023;14:20:00;165084,27;165138,91;164940,86;165029,64;7510776772,00;227543
WINFUT;13/07/2023;14:10:00;165282,31;165289,14;165070,62;165091,10;6168045208,00;186694
WINFUT;13/07/2023;14:00:00;165336,95;165418,89;165241,34;165282,31;4756692207,00;143850
WINFUT;13/07/2023;13:50:00;165350,60;165432,55;165309,63;165330,12;3877802955,00;117252
WINFUT;13/07/2023;13:40:00;165357,43;165377,92;165268,66;165350,60;5341183426,00;161541
WINFUT;13/07/2023;13:30:00;165350,60;165500,84;165268,66;165357,43;9425104433,00;284940
WINFUT;13/07/2023;13:20:00;165193,54;165391,58;165152,56;165350,60;7147284461,00;216210
WINFUT;13/07/2023;13:10:00;165118,42;165255,00;165104,76;165200,37;4940222496,00;149536
WINFUT;13/07/2023;13:00:00;165077,44;165166,22;165036,47;165118,42;4068730893,00;123225
WINFUT;13/07/2023;12:50:00;165050,13;165104,76;165009,15;165084,27;3483239588,00;105515
WINFUT;13/07/2023;12:40:00;164927,21;165084,27;164817,94;165043,30;6132932496,00;185886
WINFUT;13/07/2023;12:30:00;164872,57;164975,01;164654,05;164920,38;9031327320,00;273969
WINFUT;13/07/2023;12:20:00;164975,01;165002,33;164865,75;164865,75;4800451847,00;145534
WINFUT;13/07/2023;12:10:00;164961,35;165043,30;164838,43;164968,18;8342462047,00;252899
WINFUT;13/07/2023;12:00:00;165200,37;165220,85;164934,04;164961,35;6790641535,00;205696
WINFUT;13/07/2023;11:50:00;165255,00;165261,83;165009,15;165200,37;7016323089,00;212448
WINFUT;13/07/2023;11:40:00;165214,02;165432,55;165152,56;165248,17;7796630634,00;235893
WINFUT;13/07/2023;11:30:00;165241,34;165289,14;165132,08;165207,20;6482081115,00;196169
WINFUT;13/07/2023;11:20:00;165207,20;165302,80;165022,81;165241,34;9884995084,00;299247
WINFUT;13/07/2023;11:10:00;165261,83;165289,14;165084,27;165207,20;9116059001,00;275933
WINFUT;13/07/2023;11:00:00;165234,51;165302,80;165002,33;165261,83;1,185749401E10;359034
WINFUT;13/07/2023;10:50:00;164886,23;165357,43;164708,68;165241,34;1,839799359E10;557285
WINFUT;13/07/2023;10:40:00;164476,49;165056,96;164456,01;164886,23;2,217340522E10;672785
WINFUT;13/07/2023;10:30:00;164428,69;164640,39;164176,02;164483,32;2,06836675E10;628993
WINFUT;13/07/2023;10:20:00;164100,90;164462,83;163957,49;164428,69;2,140879343E10;651734
WINFUT;13/07/2023;10:10:00;163192,64;164162,36;163049,23;164100,90;2,275717922E10;695418
WINFUT;13/07/2023;10:00:00;163103,86;163383,85;162960,45;163199,47;1,546818332E10;473928
WINFUT;13/07/2023;09:50:00;163233,61;163260,93;163028,74;163103,86;6685254581,00;204890
WINFUT;13/07/2023;09:40:00;163083,38;163458,97;163021,92;163226,79;1,220508021E10;373760
WINFUT;13/07/2023;09:30:00;163138,01;163322,39;162980,94;163083,38;1,281900007E10;392866
WINFUT;13/07/2023;09:20:00;163117,52;163363,37;162953,63;163138,01;9740168194,00;298377
WINFUT;13/07/2023;09:10:00;163684,33;163725,30;163110,69;163124,35;1,215451501E10;371990
WINFUT;13/07/2023;09:00:00;163069,72;163773,11;163049,23;163684,33;1,528667378E10;467554
WINFUT;12/07/2023;17:50:00;162318,53;162386,82;162257,07;162257,07;1089329928,00;33557
WINFUT;12/07/2023;17:40:00;162250,24;162400,48;162209,26;162325,36;3392508198,00;104516
WINFUT;12/07/2023;17:30:00;162202,44;162304,87;162086,34;162243,41;4293650399,00;132363
WINFUT;12/07/2023;17:20:00;162345,84;162352,67;162140,97;162202,44;4370817828,00;134709
WINFUT;12/07/2023;17:10:00;162414,13;162482,42;162257,07;162339,02;4599963804,00;141644
WINFUT;12/07/2023;17:00:00;162318,53;162557,54;162188,78;162414,13;7837259513,00;241322
WINFUT;12/07/2023;16:50:00;162625,83;162680,47;162236,58;162325,36;1,310097859E10;403144
WINFUT;12/07/2023;16:40:00;162735,10;162871,68;162598,52;162632,66;1,146145597E10;352186
WINFUT;12/07/2023;16:30:00;163001,43;163062,89;162700,95;162741,93;7671683930,00;235493
WINFUT;12/07/2023;16:20:00;163083,38;163151,67;162748,76;163001,43;1,00755954E10;309163
WINFUT;12/07/2023;16:10:00;163219,96;163281,42;162980,94;163090,21;6745163928,00;206736
WINFUT;12/07/2023;16:00:00;163158,50;163295,08;163090,21;163226,79;5436233171,00;166556
WINFUT;12/07/2023;15:50:00;163172,15;163322,39;163144,84;163165,32;6755670225,00;206944
WINFUT;12/07/2023;15:40:00;163076,55;163233,61;163028,74;163172,15;6967226292,00;213543
WINFUT;12/07/2023;15:30:00;163199,47;163226,79;163021,92;163076,55;5467795918,00;167591
WINFUT;12/07/2023;15:20:00;163158,50;163274,59;163158,50;163199,47;2921414803,00;89496
WINFUT;12/07/2023;15:10:00;163110,69;163233,61;163103,86;163165,32;4173343209,00;127878
WINFUT;12/07/2023;15:00:00;163131,18;163178,98;163001,43;163117,52;5432740312,00;166552
WINFUT;12/07/2023;14:50:00;162898,99;163206,30;162700,95;163131,18;1,100773453E10;337765
WINFUT;12/07/2023;14:40:00;163288,25;163322,39;162858,02;162898,99;1,057065483E10;324073
WINFUT;12/07/2023;14:30:00;163315,56;163390,68;163260,93;163295,08;4406723591,00;134911
WINFUT;12/07/2023;14:20:00;163233,61;163397,51;163185,81;163322,39;6176027647,00;189112
WINFUT;12/07/2023;14:10:00;163035,57;163267,76;162898,99;163233,61;1,238581727E10;379797
WINFUT;12/07/2023;14:00:00;163458,97;163513,60;163015,09;163035,57;8692081940,00;266127
WINFUT;12/07/2023;13:50:00;163527,26;163602,38;163445,31;163458,97;4518845928,00;138173
WINFUT;12/07/2023;13:40:00;163486,29;163534,09;163404,34;163520,43;4402143854,00;134640
WINFUT;12/07/2023;13:30:00;163670,67;163779,93;163452,14;163486,29;6622549978,00;202385
WINFUT;12/07/2023;13:20:00;163697,99;163820,91;163657,01;163670,67;3757676069,00;114749
WINFUT;12/07/2023;13:10:00;163629,70;163759,45;163527,26;163704,82;4890719281,00;149432
WINFUT;12/07/2023;13:00:00;163745,79;163807,25;163588,72;163629,70;5407085793,00;165166
WINFUT;12/07/2023;12:50:00;163499,95;163827,74;163486,29;163738,96;7384871854,00;225628
WINFUT;12/07/2023;12:40:00;163916,51;163937,00;163165,32;163493,12;1,83557447E10;561618
WINFUT;12/07/2023;12:30:00;163882,37;164046,27;163759,45;163923,34;9739111793,00;297065
WINFUT;12/07/2023;12:20:00;163902,86;163977,98;163732,13;163889,20;8959478373,00;273398
WINFUT;12/07/2023;12:10:00;164298,94;164326,25;163820,91;163902,86;1,082098479E10;329750
WINFUT;12/07/2023;12:00:00;164285,28;164449,18;164196,50;164305,77;8848031903,00;269214
WINFUT;12/07/2023;11:50:00;164182,85;164401,37;164073,58;164285,28;9792457651,00;298076
WINFUT;12/07/2023;11:40:00;164059,92;164210,16;163909,69;164182,85;9350807039,00;284956
WINFUT;12/07/2023;11:30:00;164141,87;164169,19;163896,03;164059,92;9325947184,00;284258
WINFUT;12/07/2023;11:20:00;164257,96;164312,60;163930,17;164148,70;1,132699536E10;345083
WINFUT;12/07/2023;11:10:00;164230,65;164326,25;164121,38;164257,96;7172246453,00;218369
WINFUT;12/07/2023;11:00:00;164182,85;164401,37;164128,21;164237,48;9002560058,00;274049
WINFUT;12/07/2023;10:50:00;163991,63;164380,89;163875,54;164182,85;1,347717365E10;410498
WINFUT;12/07/2023;10:40:00;164449,18;164544,78;163889,20;163991,63;1,883129141E10;573273
WINFUT;12/07/2023;10:30:00;163848,22;164483,32;163759,45;164442,35;2,39224044E10;728907
WINFUT;12/07/2023;10:20:00;163745,79;164066,75;163513,60;163848,22;1,458997499E10;445400
WINFUT;12/07/2023;10:10:00;163834,57;164059,92;163493,12;163752,62;1,586639856E10;484514
WINFUT;12/07/2023;10:00:00;163807,25;163909,69;163472,63;163834,57;1,311159272E10;400542
WINFUT;12/07/2023;09:50:00;163588,72;163875,54;163370,19;163800,42;1,231910685E10;376547
WINFUT;12/07/2023;09:40:00;164128,21;164141,87;163534,09;163588,72;1,433429451E10;437644
WINFUT;12/07/2023;09:30:00;162953,63;164380,89;162810,22;164128,21;2,322842182E10;707946
WINFUT;12/07/2023;09:20:00;162905,82;163547,75;162851,19;162946,80;1,184205322E10;362848
WINFUT;12/07/2023;09:10:00;163199,47;163329,22;162830,70;162898,99;1,140212251E10;349506
WINFUT;12/07/2023;09:00:00;163219,96;163390,68;162721,44;163192,64;1,349006364E10;413764
WINFUT;11/07/2023;17:50:00;162455,11;162803,39;162311,70;162803,39;1667589770,00;51281
WINFUT;11/07/2023;17:40:00;162516,57;162523,40;162400,48;162455,11;2909775053,00;89551
WINFUT;11/07/2023;17:30:00;162516,57;162537,06;162441,45;162509,74;3121906502,00;96067
WINFUT;11/07/2023;17:20:00;162250,24;162516,57;162243,41;162516,57;4662388745,00;143553
WINFUT;11/07/2023;17:10:00;162332,19;162393,65;162229,75;162250,24;4441947417,00;136848
WINFUT;11/07/2023;17:00:00;162468,77;162502,91;162284,38;162325,36;7088946133,00;218297
WINFUT;11/07/2023;16:50:00;162619,00;162632,66;162427,79;162468,77;5954206919,00;183187
WINFUT;11/07/2023;16:40:00;162482,42;162653,15;162400,48;162619,00;7091131969,00;218199
WINFUT;11/07/2023;16:30:00;162694,12;162700,95;162441,45;162482,42;7702987592,00;236941
WINFUT;11/07/2023;16:20:00;162748,76;162789,73;162632,66;162694,12;6558407441,00;201529
WINFUT;11/07/2023;16:10:00;162502,91;162782,90;162468,77;162748,76;8064178342,00;247950
WINFUT;11/07/2023;16:00:00;162414,13;162591,69;162386,82;162496,08;5873848753,00;180750
WINFUT;11/07/2023;15:50:00;162414,13;162441,45;162311,70;162420,96;4084389655,00;125761
WINFUT;11/07/2023;15:40:00;162352,67;162482,42;162318,53;162414,13;5266202824,00;162134
WINFUT;11/07/2023;15:30:00;162263,90;162427,79;162257,07;162352,67;6492487728,00;199949
WINFUT;11/07/2023;15:20:00;162318,53;162325,36;162093,17;162257,07;8498193592,00;261952
WINFUT;11/07/2023;15:10:00;162434,62;162461,94;162291,21;162311,70;5116706992,00;157572
WINFUT;11/07/2023;15:00:00;162441,45;162502,91;162291,21;162434,62;5397668121,00;166193
WINFUT;11/07/2023;14:50:00;162339,02;162461,94;162318,53;162441,45;5328277264,00;164056
WINFUT;11/07/2023;14:40:00;162407,31;162434,62;162277,55;162339,02;5007687522,00;154213
WINFUT;11/07/2023;14:30:00;162516,57;162571,20;162373,16;162400,48;4493106986,00;138280
WINFUT;11/07/2023;14:20:00;162420,96;162591,69;162386,82;162516,57;5697612749,00;175317
WINFUT;11/07/2023;14:10:00;162414,13;162625,83;162359,50;162414,13;9042858578,00;278267
WINFUT;11/07/2023;14:00:00;162400,48;162530,23;162304,87;162407,31;6966202159,00;214461
WINFUT;11/07/2023;13:50:00;162291,21;162461,94;162236,58;162400,48;9637768871,00;296803
WINFUT;11/07/2023;13:40:00;161799,52;162407,31;161799,52;162298,04;1,54238394E10;475564
WINFUT;11/07/2023;13:30:00;161649,29;161840,50;161628,80;161799,52;4604055300,00;142329
WINFUT;11/07/2023;13:20:00;161628,80;161820,01;161608,31;161656,12;7008416191,00;216711
WINFUT;11/07/2023;13:10:00;161574,17;161642,46;161533,19;161628,80;4072685726,00;126022
WINFUT;11/07/2023;13:00:00;161471,73;161594,65;161423,93;161574,17;4671854515,00;144618
WINFUT;11/07/2023;12:50:00;161662,94;161703,92;161444,42;161471,73;5922242919,00;183260
WINFUT;11/07/2023;12:40:00;161540,02;161710,75;161540,02;161662,94;5964398439,00;184494
WINFUT;11/07/2023;12:30:00;161635,63;161792,70;161464,90;161540,02;1,10331856E10;341235
WINFUT;11/07/2023;12:20:00;161417,10;161820,01;161389,78;161642,46;1,122932494E10;347361
WINFUT;11/07/2023;12:10:00;161027,85;161608,31;161021,02;161423,93;1,637038561E10;507322
WINFUT;11/07/2023;12:00:00;160877,61;161082,48;160481,53;161034,68;1,551768045E10;482518
WINFUT;11/07/2023;11:50:00;160870,78;160945,90;160795,66;160877,61;4396565326,00;136640
WINFUT;11/07/2023;11:40:00;160816,15;161000,53;160761,52;160870,78;7607943761,00;236455
WINFUT;11/07/2023;11:30:00;160822,98;160932,24;160713,71;160809,32;8571257953,00;266459
WINFUT;11/07/2023;11:20:00;160727,37;161075,65;160659,08;160829,81;1,338573877E10;415951
WINFUT;11/07/2023;11:10:00;160727,37;160754,69;160549,82;160720,54;7628404170,00;237424
WINFUT;11/07/2023;11:00:00;160474,70;160822,98;160372,26;160727,37;1,506613981E10;468949
WINFUT;11/07/2023;10:50:00;160030,81;160556,65;159880,57;160474,70;1,624188379E10;506796
WINFUT;11/07/2023;10:40:00;160522,50;160713,71;159839,60;160030,81;2,037643222E10;635640
WINFUT;11/07/2023;10:30:00;160727,37;161007,36;160488,36;160522,50;1,972630109E10;613679
WINFUT;11/07/2023;10:20:00;161014,19;161219,06;160228,85;160720,54;2,854608982E10;887678
WINFUT;11/07/2023;10:10:00;161970,25;162059,03;160959,56;161007,36;2,745246819E10;849171
WINFUT;11/07/2023;10:00:00;162359,50;162605,35;161922,45;161963,42;2,396286638E10;738199
WINFUT;11/07/2023;09:50:00;162373,16;162509,74;162298,04;162359,50;5671682474,00;174609
WINFUT;11/07/2023;09:40:00;162393,65;162516,57;162291,21;162373,16;7869567416,00;242279
WINFUT;11/07/2023;09:30:00;162222,92;162393,65;162093,17;162393,65;1,39485698E10;429903
WINFUT;11/07/2023;09:20:00;162892,16;162912,65;162216,09;162222,92;1,946655849E10;598826
WINFUT;11/07/2023;09:10:00;163301,90;163329,22;162796,56;162898,99;1,111849137E10;341088
WINFUT;11/07/2023;09:00:00;163513,60;163622,87;163090,21;163301,90;1,316190764E10;402867
WINFUT;10/07/2023;17:50:00;162619,00;162673,64;162550,71;162673,64;1318156735,00;40528
WINFUT;10/07/2023;17:40:00;162919,48;162980,94;162564,37;162625,83;5719168862,00;175682
WINFUT;10/07/2023;17:30:00;162885,34;163008,26;162858,02;162912,65;3758204481,00;115338
WINFUT;10/07/2023;17:20:00;162898,99;162912,65;162817,05;162892,16;3120782570,00;95807
WINFUT;10/07/2023;17:10:00;162946,80;163062,89;162851,19;162898,99;5901905137,00;181109
WINFUT;10/07/2023;17:00:00;163308,73;163315,56;162871,68;162946,80;7191170638,00;220486
WINFUT;10/07/2023;16:50:00;163172,15;163315,56;163049,23;163308,73;6940838830,00;212665
WINFUT;10/07/2023;16:40:00;163165,32;163226,79;163090,21;163172,15;5453910981,00;167140
WINFUT;10/07/2023;16:30:00;163158,50;163213,13;162987,77;163158,50;8061429574,00;247146
WINFUT;10/07/2023;16:20:00;163219,96;163295,08;163144,84;163158,50;4959861980,00;151947
WINFUT;10/07/2023;16:10:00;163274,59;163336,05;163192,64;163213,13;5915660043,00;181165
WINFUT;10/07/2023;16:00:00;163370,19;163452,14;163254,10;163281,42;5729086689,00;175353
WINFUT;10/07/2023;15:50:00;163322,39;163458,97;163308,73;163370,19;6455779452,00;197557
WINFUT;10/07/2023;15:40:00;163131,18;163356,54;163131,18;163322,39;7178186302,00;219827
WINFUT;10/07/2023;15:30:00;163322,39;163383,85;163001,43;163138,01;1,371314259E10;420205
WINFUT;10/07/2023;15:20:00;163465,80;163472,63;163315,56;163322,39;7021376240,00;214870
WINFUT;10/07/2023;15:10:00;163377,02;163554,58;163377,02;163465,80;5692462835,00;174101
WINFUT;10/07/2023;15:00:00;163458,97;163520,43;163315,56;163377,02;6058903255,00;185387
WINFUT;10/07/2023;14:50:00;163404,34;163554,58;163390,68;163452,14;6879637527,00;210418
WINFUT;10/07/2023;14:40:00;163295,08;163472,63;163274,59;163404,34;6205597059,00;189895
WINFUT;10/07/2023;14:30:00;163383,85;163547,75;163247,27;163295,08;9791900999,00;299625
WINFUT;10/07/2023;14:20:00;163465,80;163527,26;163322,39;163390,68;6663032941,00;203866
WINFUT;10/07/2023;14:10:00;163568,24;163581,89;163431,66;163472,63;4328005740,00;132367
WINFUT;10/07/2023;14:00:00;163540,92;163602,38;163452,14;163575,06;6652271782,00;203406
WINFUT;10/07/2023;13:50:00;163356,54;163609,21;163308,73;163534,09;6711749241,00;205257
WINFUT;10/07/2023;13:40:00;163657,01;163663,84;163274,59;163356,54;9395549275,00;287343
WINFUT;10/07/2023;13:30:00;163636,53;163718,47;163588,72;163657,01;4161300353,00;127129
WINFUT;10/07/2023;13:20:00;163773,11;163820,91;163568,24;163629,70;7044822441,00;215201
WINFUT;10/07/2023;13:10:00;163766,28;163807,25;163650,18;163779,93;6618873173,00;202123
WINFUT;10/07/2023;13:00:00;164203,33;164278,45;163732,13;163766,28;9987231792,00;304546
WINFUT;10/07/2023;12:50:00;163814,08;164305,77;163793,59;164210,16;9594842593,00;292450
WINFUT;10/07/2023;12:40:00;163820,91;163889,20;163745,79;163814,08;5095466652,00;155523
WINFUT;10/07/2023;12:30:00;163725,30;163855,05;163670,67;163820,91;4538398057,00;138564
WINFUT;10/07/2023;12:20:00;163622,87;163855,05;163540,92;163725,30;8448329944,00;258046
WINFUT;10/07/2023;12:10:00;163445,31;163657,01;163411,17;163629,70;7847146104,00;239968
WINFUT;10/07/2023;12:00:00;163902,86;163984,80;163404,34;163445,31;9053512770,00;276497
WINFUT;10/07/2023;11:50:00;163998,46;164012,12;163779,93;163896,03;6480838370,00;197733
WINFUT;10/07/2023;11:40:00;163773,11;164032,61;163718,47;163991,63;9209613282,00;280948
WINFUT;10/07/2023;11:30:00;163861,88;163991,63;163609,21;163766,28;1,137182776E10;347099
WINFUT;10/07/2023;11:20:00;164169,19;164189,67;163636,53;163861,88;1,351361855E10;412236
WINFUT;10/07/2023;11:10:00;164176,02;164210,16;163670,67;164169,19;1,43729117E10;438326
WINFUT;10/07/2023;11:00:00;163752,62;164271,62;163657,01;164176,02;1,436530327E10;438102
WINFUT;10/07/2023;10:50:00;164080,41;164121,38;163684,33;163752,62;1,506284887E10;459664
WINFUT;10/07/2023;10:40:00;163561,41;164135,04;163486,29;164080,41;1,802918414E10;550224
WINFUT;10/07/2023;10:30:00;163657,01;164025,78;163527,26;163568,24;1,710537589E10;522215
WINFUT;10/07/2023;10:20:00;163561,41;164053,09;163506,77;163663,84;1,776518709E10;542279
WINFUT;10/07/2023;10:10:00;163977,98;164005,29;163295,08;163554,58;2,190123475E10;669361
WINFUT;10/07/2023;10:00:00;163786,76;164012,12;163622,87;163977,98;1,439318411E10;439341
WINFUT;10/07/2023;09:50:00;163738,96;163943,83;163711,64;163786,76;7992018722,00;243901
WINFUT;10/07/2023;09:40:00;163575,06;163868,71;163568,24;163738,96;9336048600,00;285136
WINFUT;10/07/2023;09:30:00;163527,26;163793,59;163520,43;163575,06;8415393998,00;257104
WINFUT;10/07/2023;09:20:00;163622,87;163779,93;163513,60;163534,09;8726516956,00;266655
WINFUT;10/07/2023;09:10:00;163663,84;163807,25;163595,55;163622,87;6629281273,00;202483
WINFUT;10/07/2023;09:00:00;163800,42;164155,53;163370,19;163663,84;1,439032005E10;439300
WINFUT;07/07/2023;17:50:00;164203,33;164257,96;164059,92;164059,92;1181379686,00;35983
WINFUT;07/07/2023;17:40:00;164367,23;164415,03;164135,04;164196,50;3501147932,00;106554
WINFUT;07/07/2023;17:30:00;164496,98;164503,81;164326,25;164374,06;3479496613,00;105827
WINFUT;07/07/2023;17:20:00;164483,32;164640,39;164462,83;164496,98;3562660172,00;108253
WINFUT;07/07/2023;17:10:00;164360,40;164558,44;164312,60;164483,32;4580733429,00;139278
WINFUT;07/07/2023;17:00:00;164578,93;164626,73;164353,57;164360,40;7721880902,00;234760
WINFUT;07/07/2023;16:50:00;164893,06;165015,98;164490,15;164578,93;1,321913278E10;401236
WINFUT;07/07/2023;16:40:00;165125,25;165125,25;164831,60;164899,89;8000066439,00;242462
WINFUT;07/07/2023;16:30:00;165084,27;165282,31;165084,27;165132,08;6549542450,00;198270
WINFUT;07/07/2023;16:20:00;165070,62;165214,02;164981,84;165084,27;7209730542,00;218349
WINFUT;07/07/2023;16:10:00;165077,44;165159,39;165043,30;165070,62;4572646998,00;138477
WINFUT;07/07/2023;16:00:00;165289,14;165364,26;165015,98;165077,44;7356813313,00;222694
WINFUT;07/07/2023;15:50:00;165193,54;165343,78;165193,54;165295,97;3585787838,00;108482
WINFUT;07/07/2023;15:40:00;165255,00;165323,29;165145,73;165193,54;4972734176,00;150465
WINFUT;07/07/2023;15:30:00;165330,12;165384,75;165241,34;165255,00;5228240802,00;158124
WINFUT;07/07/2023;15:20:00;165398,41;165514,50;165316,46;165336,95;5131524099,00;155109
WINFUT;07/07/2023;15:10:00;165330,12;165555,47;165323,29;165398,41;9457255956,00;285794
WINFUT;07/07/2023;15:00:00;165227,68;165384,75;165214,02;165330,12;6623025521,00;200344
WINFUT;07/07/2023;14:50:00;165241,34;165350,60;165138,91;165227,68;6923335359,00;209504
WINFUT;07/07/2023;14:40:00;165275,49;165418,89;165200,37;165241,34;6904245835,00;208830
WINFUT;07/07/2023;14:30:00;165241,34;165371,09;165173,05;165268,66;7737244667,00;234075
WINFUT;07/07/2023;14:20:00;165063,79;165241,34;165022,81;165234,51;5179705431,00;156862
WINFUT;07/07/2023;14:10:00;165255,00;165309,63;165022,81;165070,62;5974099054,00;180843
WINFUT;07/07/2023;14:00:00;165070,62;165309,63;165002,33;165261,83;6824837201,00;206634
WINFUT;07/07/2023;13:50:00;165152,56;165193,54;165015,98;165063,79;6323249811,00;191497
WINFUT;07/07/2023;13:40:00;164906,72;165241,34;164893,06;165152,56;9605737848,00;290919
WINFUT;07/07/2023;13:30:00;164831,60;165002,33;164804,28;164906,72;7171977936,00;217474
WINFUT;07/07/2023;13:20:00;164790,63;164858,92;164674,53;164831,60;5005467068,00;151896
WINFUT;07/07/2023;13:10:00;164749,65;164865,75;164688,19;164790,63;4478539419,00;135904
WINFUT;07/07/2023;13:00:00;164824,77;164886,23;164708,68;164749,65;5391502938,00;163578
WINFUT;07/07/2023;12:50:00;164790,63;164852,09;164688,19;164824,77;4173818125,00;126666
WINFUT;07/07/2023;12:40:00;164524,30;164797,46;164496,98;164797,46;5035909450,00;152909
WINFUT;07/07/2023;12:30:00;164811,11;164831,60;164496,98;164524,30;6041866067,00;183444
WINFUT;07/07/2023;12:20:00;164674,53;164811,11;164592,59;164804,28;7219673238,00;219182
WINFUT;07/07/2023;12:10:00;164551,61;164695,02;164428,69;164681,36;6541393522,00;198735
WINFUT;07/07/2023;12:00:00;164298,94;164599,41;164244,31;164551,61;9065361784,00;275635
WINFUT;07/07/2023;11:50:00;164517,47;164578,93;164216,99;164298,94;9922770888,00;301825
WINFUT;07/07/2023;11:40:00;164886,23;164893,06;164476,49;164510,64;9415067211,00;285830
WINFUT;07/07/2023;11:30:00;164940,86;165193,54;164865,75;164879,40;1,401983946E10;424696
WINFUT;07/07/2023;11:20:00;164927,21;164988,67;164817,94;164947,69;1,170099646E10;354759
WINFUT;07/07/2023;11:10:00;164387,72;164968,18;164367,23;164947,69;1,299807021E10;394802
WINFUT;07/07/2023;11:00:00;164251,14;164531,12;164073,58;164387,72;1,363798802E10;414923
WINFUT;07/07/2023;10:50:00;164640,39;164715,51;164107,73;164251,14;1,402532769E10;426795
WINFUT;07/07/2023;10:40:00;164476,49;164756,48;164319,43;164640,39;1,409940939E10;428438
WINFUT;07/07/2023;10:30:00;164216,99;164667,70;164189,67;164476,49;2,217649907E10;674418
WINFUT;07/07/2023;10:20:00;163151,67;164339,91;163144,84;164216,99;2,363473228E10;721406
WINFUT;07/07/2023;10:10:00;163288,25;163452,14;163028,74;163151,67;1,415714054E10;433678
WINFUT;07/07/2023;10:00:00;163117,52;163315,56;162803,39;163288,25;1,885321228E10;578301
WINFUT;07/07/2023;09:50:00;163465,80;163609,21;163103,86;163117,52;1,134191239E10;347073
WINFUT;07/07/2023;09:40:00;163800,42;163841,40;163281,42;163465,80;1,386985558E10;424098
WINFUT;07/07/2023;09:30:00;163049,23;164189,67;162953,63;163800,42;2,178546182E10;665089
WINFUT;07/07/2023;09:20:00;163076,55;163151,67;162817,05;163056,06;8095208742,00;248387
WINFUT;07/07/2023;09:10:00;163418,00;163486,29;162967,28;163069,72;1,23666E10;378831
WINFUT;07/07/2023;09:00:00;163329,22;163595,55;163254,10;163418,00;1,21635855E10;372145
WINFUT;06/07/2023;17:50:00;162564,37;162782,90;162537,06;162735,10;1202965524,00;36980
WINFUT;06/07/2023;17:40:00;162619,00;162673,64;162496,08;162564,37;3087610592,00;94956
WINFUT;06/07/2023;17:30:00;162482,42;162680,47;162455,11;162619,00;4180354579,00;128562
WINFUT;06/07/2023;17:20:00;162625,83;162632,66;162393,65;162482,42;4277729580,00;131624
WINFUT;06/07/2023;17:10:00;162420,96;162646,32;162366,33;162625,83;4453523217,00;137034
WINFUT;06/07/2023;17:00:00;162591,69;162632,66;162345,84;162420,96;8474825467,00;260840
WINFUT;06/07/2023;16:50:00;162728,27;162796,56;162557,54;162591,69;6475764317,00;199041
WINFUT;06/07/2023;16:40:00;162700,95;162762,41;162530,23;162728,27;8467588640,00;260324
WINFUT;06/07/2023;16:30:00;162694,12;162912,65;162653,15;162700,95;7126060158,00;218882
WINFUT;06/07/2023;16:20:00;162728,27;162858,02;162673,64;162694,12;6566077813,00;201706
WINFUT;06/07/2023;16:10:00;162728,27;162755,58;162612,18;162721,44;4515010415,00;138765
WINFUT;06/07/2023;16:00:00;162851,19;162878,51;162632,66;162735,10;6343003070,00;194915
WINFUT;06/07/2023;15:50:00;162851,19;162885,34;162714,61;162858,02;6552790236,00;201245
WINFUT;06/07/2023;15:40:00;162905,82;162926,31;162700,95;162851,19;8891638384,00;273057
WINFUT;06/07/2023;15:30:00;162980,94;163090,21;162878,51;162898,99;5926863531,00;181827
WINFUT;06/07/2023;15:20:00;163056,06;163124,35;162939,97;162980,94;6371962480,00;195407
WINFUT;06/07/2023;15:10:00;162844,36;163097,03;162823,87;163056,06;8725790861,00;267702
WINFUT;06/07/2023;15:00:00;162728,27;162878,51;162700,95;162837,53;7060131030,00;216846
WINFUT;06/07/2023;14:50:00;162721,44;162789,73;162598,52;162728,27;6410593339,00;197015
WINFUT;06/07/2023;14:40:00;162748,76;162851,19;162707,78;162721,44;5038178193,00;154763
WINFUT;06/07/2023;14:30:00;162823,87;162837,53;162659,98;162748,76;5459145703,00;167723
WINFUT;06/07/2023;14:20:00;162830,70;162926,31;162741,93;162830,70;5923813163,00;181897
WINFUT;06/07/2023;14:10:00;162741,93;162898,99;162728,27;162823,87;4706731384,00;144532
WINFUT;06/07/2023;14:00:00;162605,35;162871,68;162591,69;162741,93;6956169372,00;213700
WINFUT;06/07/2023;13:50:00;162789,73;162823,87;162564,37;162598,52;6377568500,00;196012
WINFUT;06/07/2023;13:40:00;162564,37;162871,68;162557,54;162789,73;7721355728,00;237234
WINFUT;06/07/2023;13:30:00;162584,86;162796,56;162530,23;162571,20;9058679359,00;278451
WINFUT;06/07/2023;13:20:00;162400,48;162646,32;162386,82;162578,03;7521645783,00;231402
WINFUT;06/07/2023;13:10:00;162366,33;162420,96;162052,20;162407,31;1,128423054E10;347753
WINFUT;06/07/2023;13:00:00;162386,82;162502,91;162298,04;162366,33;6992230862,00;215267
WINFUT;06/07/2023;12:50:00;162325,36;162407,31;162161,46;162379,99;6584543347,00;202833
WINFUT;06/07/2023;12:40:00;162379,99;162386,82;162134,15;162325,36;8129850142,00;250494
WINFUT;06/07/2023;12:30:00;162434,62;162591,69;162243,41;162379,99;8747689670,00;269275
WINFUT;06/07/2023;12:20:00;162448,28;162557,54;162373,16;162434,62;6442274388,00;198275
WINFUT;06/07/2023;12:10:00;162578,03;162605,35;162161,46;162441,45;1,315468557E10;404929
WINFUT;06/07/2023;12:00:00;162277,55;162653,15;162168,29;162584,86;1,280797505E10;394214
WINFUT;06/07/2023;11:50:00;162598,52;162680,47;162222,92;162277,55;1,778120881E10;547246
WINFUT;06/07/2023;11:40:00;162796,56;162844,36;162475,60;162598,52;1,234357218E10;379463
WINFUT;06/07/2023;11:30:00;162974,11;163103,86;162700,95;162789,73;1,496061145E10;459292
WINFUT;06/07/2023;11:20:00;163151,67;163329,22;162953,63;162967,28;1,253902525E10;384331
WINFUT;06/07/2023;11:10:00;163090,21;163206,30;162919,48;163151,67;1,173679121E10;359861
WINFUT;06/07/2023;11:00:00;163247,27;163274,59;162905,82;163097,03;1,713305834E10;525245
WINFUT;06/07/2023;10:50:00;163561,41;163704,82;163219,96;163247,27;1,485635426E10;454555
WINFUT;06/07/2023;10:40:00;164380,89;164421,86;163390,68;163561,41;2,240589261E10;683997
WINFUT;06/07/2023;10:30:00;163711,64;164517,47;163677,50;164380,89;2,246879311E10;684535
WINFUT;06/07/2023;10:20:00;164012,12;164551,61;163704,82;163711,64;2,607149514E10;794262
WINFUT;06/07/2023;10:10:00;164456,01;164585,76;163977,98;164012,12;1,80087532E10;548130
WINFUT;06/07/2023;10:00:00;164162,36;164469,66;164032,61;164462,83;1,609445784E10;490078
WINFUT;06/07/2023;09:50:00;164107,73;164182,85;163896,03;164162,36;9864293826,00;300608
WINFUT;06/07/2023;09:40:00;164121,38;164196,50;164032,61;164114,56;6749725460,00;205645
WINFUT;06/07/2023;09:30:00;164346,74;164346,74;163964,32;164121,38;1,346274642E10;410145
WINFUT;06/07/2023;09:20:00;164367,23;164374,06;164066,75;164339,91;1,288912809E10;392436
WINFUT;06/07/2023;09:10:00;164599,41;164688,19;164264,79;164367,23;1,161129475E10;352998
WINFUT;06/07/2023;09:00:00;165261,83;165268,66;164585,76;164599,41;1,234635471E10;374486
WINFUT;05/07/2023;17:50:00;165569,13;165644,25;165494,01;165494,01;1170531544,00;35357
WINFUT;05/07/2023;17:40:00;165644,25;165657,91;165548,65;165575,96;2968256732,00;89620
WINFUT;05/07/2023;17:30:00;165869,61;165931,07;165616,94;165644,25;4342395895,00;130966
WINFUT;05/07/2023;17:20:00;165733,03;165910,58;165678,40;165869,61;4015311622,00;121089
WINFUT;05/07/2023;17:10:00;165623,76;165746,69;165623,76;165726,20;2777825567,00;83826
WINFUT;05/07/2023;17:00:00;165780,83;165787,66;165473,53;165630,59;7506569627,00;226627
WINFUT;05/07/2023;16:50:00;165726,20;165855,95;165671,57;165780,83;5383406317,00;162391
WINFUT;05/07/2023;16:40:00;165705,71;165808,15;165671,57;165719,37;4430977878,00;133671
WINFUT;05/07/2023;16:30:00;165767,17;165787,66;165534,99;165705,71;9324646791,00;281406
WINFUT;05/07/2023;16:20:00;165931,07;166088,14;165753,52;165774,00;7670283084,00;231151
WINFUT;05/07/2023;16:10:00;165985,70;166006,19;165849,12;165931,07;5634444907,00;169792
WINFUT;05/07/2023;16:00:00;165849,12;166108,62;165794,49;165985,70;7075698839,00;213189
WINFUT;05/07/2023;15:50:00;165924,24;165972,04;165808,15;165855,95;4837034268,00;145788
WINFUT;05/07/2023;15:40:00;165869,61;165951,56;165739,86;165924,24;7853433538,00;236756
WINFUT;05/07/2023;15:30:00;165985,70;166033,50;165814,98;165869,61;1,033165523E10;311344
WINFUT;05/07/2023;15:20:00;166094,97;166142,77;165978,87;165992,53;6793013513,00;204536
WINFUT;05/07/2023;15:10:00;166422,76;166470,56;166074,48;166088,14;9232836301,00;277662
WINFUT;05/07/2023;15:00:00;166293,01;166607,14;166204,23;166422,76;1,250182813E10;375684
WINFUT;05/07/2023;14:50:00;166176,91;166306,67;166094,97;166286,18;7492297876,00;225396
WINFUT;05/07/2023;14:40:00;166163,26;166368,13;166129,11;166170,09;9214653134,00;277147
WINFUT;05/07/2023;14:30:00;166040,33;166238,38;166040,33;166163,26;7511083910,00;226016
WINFUT;05/07/2023;14:20:00;166047,16;166190,57;165978,87;166040,33;7805432624,00;234987
WINFUT;05/07/2023;14:10:00;166040,33;166217,89;165910,58;166053,99;9212386423,00;277373
WINFUT;05/07/2023;14:00:00;165849,12;166129,11;165760,34;166040,33;1,213614314E10;365603
WINFUT;05/07/2023;13:50:00;165726,20;165931,07;165582,79;165849,12;8959945841,00;270279
WINFUT;05/07/2023;13:40:00;165610,11;165896,92;165507,67;165719,37;8647945110,00;260932
WINFUT;05/07/2023;13:30:00;165855,95;166006,19;165548,65;165616,94;1,363064894E10;411156
WINFUT;05/07/2023;13:20:00;165268,66;165883,27;165255,00;165855,95;1,372407901E10;414260
WINFUT;05/07/2023;13:10:00;165234,51;165412,07;165166,22;165268,66;7543675985,00;228193
WINFUT;05/07/2023;13:00:00;165357,43;165364,26;165193,54;165227,68;4906792684,00;148450
WINFUT;05/07/2023;12:50:00;165295,97;165418,89;165275,49;165357,43;4939258647,00;149362
WINFUT;05/07/2023;12:40:00;165432,55;165500,84;165289,14;165295,97;6150363499,00;185940
WINFUT;05/07/2023;12:30:00;165323,29;165453,04;165268,66;165425,72;5372574102,00;162454
WINFUT;05/07/2023;12:20:00;165261,83;165418,89;165207,20;165323,29;6452226135,00;195160
WINFUT;05/07/2023;12:10:00;165029,64;165309,63;165002,33;165255,00;8140274967,00;246442
WINFUT;05/07/2023;12:00:00;165323,29;165377,92;164975,01;165022,81;1,142869504E10;345932
WINFUT;05/07/2023;11:50:00;165459,87;165507,67;165282,31;165323,29;9697626170,00;293141
WINFUT;05/07/2023;11:40:00;165685,23;165780,83;165364,26;165466,70;1,19008144E10;359330
WINFUT;05/07/2023;11:30:00;165808,15;165978,87;165582,79;165685,23;1,631782718E10;492126
WINFUT;05/07/2023;11:20:00;165637,42;165814,98;165425,72;165808,15;1,474859795E10;445331
WINFUT;05/07/2023;11:10:00;165289,14;165719,37;165193,54;165637,42;1,856431253E10;560937
WINFUT;05/07/2023;11:00:00;164886,23;165302,80;164790,63;165282,31;1,458872347E10;441962
WINFUT;05/07/2023;10:50:00;164920,38;165214,02;164817,94;164886,23;1,973784831E10;598134
WINFUT;05/07/2023;10:40:00;164865,75;164947,69;164469,66;164920,38;1,685453922E10;511673
WINFUT;05/07/2023;10:30:00;164804,28;164954,52;164394,54;164865,75;2,41673867E10;733780
WINFUT;05/07/2023;10:20:00;164585,76;164893,06;164408,20;164797,46;1,582872832E10;480690
WINFUT;05/07/2023;10:10:00;164394,54;164817,94;164374,06;164592,59;1,73043351E10;525704
WINFUT;05/07/2023;10:00:00;164141,87;164510,64;164025,78;164401,37;1,541396645E10;469096
WINFUT;05/07/2023;09:50:00;164005,29;164216,99;163923,34;164141,87;9020565040,00;274880
WINFUT;05/07/2023;09:40:00;163650,18;164059,92;163616,04;164005,29;8247211503,00;251749
WINFUT;05/07/2023;09:30:00;163855,05;163950,66;163527,26;163643,35;1,313709172E10;401248
WINFUT;05/07/2023;09:20:00;164066,75;164319,43;163773,11;163855,05;1,581159573E10;481873
WINFUT;05/07/2023;09:10:00;164018,95;164100,90;163848,22;164066,75;1,013244446E10;309010
WINFUT;05/07/2023;09:00:00;164401,37;164845,26;163930,17;164018,95;1,63523629E10;497522
WINFUT;04/07/2023;17:50:00;164975,01;165118,42;164940,86;165118,42;1060553667,00;32135
WINFUT;04/07/2023;17:40:00;164988,67;165029,64;164934,04;164975,01;2227803720,00;67517
WINFUT;04/07/2023;17:30:00;164934,04;165022,81;164920,38;164988,67;2477058978,00;75076
WINFUT;04/07/2023;17:20:00;164988,67;164988,67;164852,09;164940,86;2707933810,00;82106
WINFUT;04/07/2023;17:10:00;164831,60;165029,64;164722,34;164981,84;5398603435,00;163721
WINFUT;04/07/2023;17:00:00;165043,30;165056,96;164804,28;164831,60;4981894708,00;151034
WINFUT;04/07/2023;16:50:00;165091,10;165091,10;164968,18;165050,13;3201167257,00;96982
WINFUT;04/07/2023;16:40:00;165248,17;165268,66;164968,18;165091,10;6030935254,00;182644
WINFUT;04/07/2023;16:30:00;165316,46;165371,09;165186,71;165241,34;3929284379,00;118869
WINFUT;04/07/2023;16:20:00;165330,12;165343,78;165227,68;165316,46;3214195483,00;97237
WINFUT;04/07/2023;16:10:00;165275,49;165412,07;165234,51;165336,95;5664857939,00;171325
WINFUT;04/07/2023;16:00:00;165118,42;165302,80;165084,27;165275,49;4624490653,00;139951
WINFUT;04/07/2023;15:50:00;165132,08;165193,54;164954,52;165118,42;5965304928,00;180658
WINFUT;04/07/2023;15:40:00;165132,08;165166,22;164749,65;165132,08;9842847405,00;298343
WINFUT;04/07/2023;15:30:00;165145,73;165207,20;165084,27;165125,25;3357406354,00;101649
WINFUT;04/07/2023;15:20:00;165118,42;165200,37;165029,64;165152,56;4471390941,00;135395
WINFUT;04/07/2023;15:10:00;164879,40;165152,56;164872,57;165118,42;6051596364,00;183354
WINFUT;04/07/2023;15:00:00;164906,72;165015,98;164558,44;164886,23;1,324687341E10;401959
WINFUT;04/07/2023;14:50:00;165200,37;165261,83;164790,63;164906,72;9432600921,00;285714
WINFUT;04/07/2023;14:40:00;165125,25;165234,51;164988,67;165193,54;8436130505,00;255454
WINFUT;04/07/2023;14:30:00;165548,65;165555,47;165036,47;165132,08;6835776391,00;206767
WINFUT;04/07/2023;14:20:00;165575,96;165582,79;165487,18;165541,82;2412902837,00;72882
WINFUT;04/07/2023;14:10:00;165541,82;165616,94;165487,18;165575,96;3097655961,00;93549
WINFUT;04/07/2023;14:00:00;165555,47;165582,79;165412,07;165534,99;4906022701,00;148218
WINFUT;04/07/2023;13:50:00;165459,87;165630,59;165412,07;165548,65;5295097963,00;159946
WINFUT;04/07/2023;13:40:00;165575,96;165644,25;165343,78;165453,04;6924948195,00;209239
WINFUT;04/07/2023;13:30:00;165637,42;165712,54;165548,65;165575,96;5327098431,00;160814
WINFUT;04/07/2023;13:20:00;165555,47;165692,05;165541,82;165630,59;4008800595,00;121009
WINFUT;04/07/2023;13:10:00;165644,25;165692,05;165473,53;165562,30;5147721524,00;155445
WINFUT;04/07/2023;13:00:00;165487,18;165651,08;165466,70;165651,08;4365698854,00;131845
WINFUT;04/07/2023;12:50:00;165644,25;165664,74;165446,21;165487,18;5194118700,00;156867
WINFUT;04/07/2023;12:40:00;165487,18;165719,37;165480,36;165644,25;6764775782,00;204234
WINFUT;04/07/2023;12:30:00;165500,84;165569,13;165425,72;165494,01;4900721484,00;148066
WINFUT;04/07/2023;12:20:00;165507,67;165644,25;165473,53;165507,67;5792258807,00;174945
WINFUT;04/07/2023;12:10:00;165350,60;165569,13;165316,46;165507,67;7354571603,00;222239
WINFUT;04/07/2023;12:00:00;165186,71;165453,04;165179,88;165343,78;9160404076,00;277038
WINFUT;04/07/2023;11:50:00;165405,24;165575,96;165050,13;165186,71;1,301470298E10;393574
WINFUT;04/07/2023;11:40:00;165179,88;165466,70;164927,21;165405,24;1,67889542E10;508003
WINFUT;04/07/2023;11:30:00;165760,34;165780,83;165050,13;165186,71;1,79356677E10;542206
WINFUT;04/07/2023;11:20:00;165575,96;165869,61;165459,87;165767,17;1,348789134E10;407113
WINFUT;04/07/2023;11:10:00;165541,82;165698,88;165446,21;165575,96;1,100492668E10;332289
WINFUT;04/07/2023;11:00:00;165268,66;165630,59;165220,85;165541,82;1,587435287E10;479727
WINFUT;04/07/2023;10:50:00;164995,50;165289,14;164975,01;165275,49;9449664352,00;286102
WINFUT;04/07/2023;10:40:00;165295,97;165323,29;164872,57;165002,33;1,396468557E10;423055
WINFUT;04/07/2023;10:30:00;165166,22;165425,72;165056,96;165295,97;1,462639571E10;442622
WINFUT;04/07/2023;10:20:00;165384,75;165453,04;164920,38;165166,22;1,762616531E10;533677
WINFUT;04/07/2023;10:10:00;165350,60;165473,53;165159,39;165384,75;1,560554222E10;471938
WINFUT;04/07/2023;10:00:00;165391,58;165610,11;165302,80;165350,60;1,378074482E10;416480
WINFUT;04/07/2023;09:50:00;165453,04;165569,13;165371,09;165391,58;6403715433,00;193518
WINFUT;04/07/2023;09:40:00;165562,30;165644,25;165418,89;165453,04;8264783322,00;249642
WINFUT;04/07/2023;09:30:00;165664,74;165712,54;165541,82;165555,47;6385128598,00;192772
WINFUT;04/07/2023;09:20:00;165712,54;165801,32;165569,13;165664,74;7383096927,00;222829
WINFUT;04/07/2023;09:10:00;165705,71;165883,27;165685,23;165719,37;6499488823,00;196033
WINFUT;04/07/2023;09:00:00;165862,78;166067,65;165678,40;165712,54;8434192938,00;254295
WINFUT;03/07/2023;17:50:00;166122,28;166211,06;166074,48;166135,94;1385182479,00;41690
WINFUT;03/07/2023;17:40:00;166245,20;166245,20;166088,14;166122,28;3646224576,00;109728
WINFUT;03/07/2023;17:30:00;166026,68;166245,20;165972,04;166245,20;3926238421,00;118192
WINFUT;03/07/2023;17:20:00;166013,02;166040,33;165951,56;166033,50;2671675136,00;80474
WINFUT;03/07/2023;17:10:00;166040,33;166101,79;165992,53;166013,02;2825586535,00;85081
WINFUT;03/07/2023;17:00:00;166088,14;166129,11;165944,73;166040,33;4893311135,00;147367
WINFUT;03/07/2023;16:50:00;165890,10;166135,94;165890,10;166088,14;6960147744,00;209576
WINFUT;03/07/2023;16:40:00;165849,12;165917,41;165808,15;165890,10;3309295327,00;99756
WINFUT;03/07/2023;16:30:00;165910,58;165944,73;165801,32;165849,12;2882694624,00;86902
WINFUT;03/07/2023;16:20:00;165869,61;165931,07;165814,98;165917,41;3518881403,00;106072
WINFUT;03/07/2023;16:10:00;165862,78;165978,87;165849,12;165862,78;4815864241,00;145139
WINFUT;03/07/2023;16:00:00;165917,41;165999,36;165774,00;165869,61;5774023281,00;174031
WINFUT;03/07/2023;15:50:00;165855,95;165944,73;165842,29;165917,41;3674162027,00;110730
WINFUT;03/07/2023;15:40:00;165903,75;165944,73;165726,20;165862,78;5286359830,00;159392
WINFUT;03/07/2023;15:30:00;165924,24;165999,36;165883,27;165903,75;3466608973,00;104457
WINFUT;03/07/2023;15:20:00;165828,63;166013,02;165808,15;165917,41;5107865635,00;153949
WINFUT;03/07/2023;15:10:00;165733,03;165855,95;165726,20;165828,63;4018850552,00;121200
WINFUT;03/07/2023;15:00:00;165664,74;165774,00;165651,08;165739,86;4223423625,00;127430
WINFUT;03/07/2023;14:50:00;165849,12;165903,75;165644,25;165664,74;4423922033,00;133438
WINFUT;03/07/2023;14:40:00;165774,00;165924,24;165774,00;165849,12;3677491792,00;110860
WINFUT;03/07/2023;14:30:00;165828,63;165890,10;165712,54;165774,00;4523899657,00;136423
WINFUT;03/07/2023;14:20:00;165862,78;165876,44;165705,71;165828,63;6136160348,00;185050
WINFUT;03/07/2023;14:10:00;166040,33;166053,99;165828,63;165862,78;6613014192,00;199280
WINFUT;03/07/2023;14:00:00;166033,50;166272,52;165978,87;166040,33;1,240626947E10;373373
WINFUT;03/07/2023;13:50:00;165985,70;166047,16;165862,78;166040,33;5822149867,00;175413
WINFUT;03/07/2023;13:40:00;165890,10;166074,48;165890,10;165978,87;6296944964,00;189663
WINFUT;03/07/2023;13:30:00;165985,70;165999,36;165794,49;165890,10;5995987311,00;180719
WINFUT;03/07/2023;13:20:00;165972,04;166040,33;165951,56;165985,70;4073731174,00;122711
WINFUT;03/07/2023;13:10:00;166026,68;166094,97;165862,78;165965,21;6246868870,00;188186
WINFUT;03/07/2023;13:00:00;165958,39;166053,99;165828,63;166026,68;6898766480,00;207872
WINFUT;03/07/2023;12:50:00;165862,78;166163,26;165849,12;165965,21;1,121495953E10;337734
WINFUT;03/07/2023;12:40:00;165787,66;165937,90;165774,00;165869,61;5148977936,00;155215
WINFUT;03/07/2023;12:30:00;165855,95;165876,44;165630,59;165794,49;8413724604,00;253798
WINFUT;03/07/2023;12:20:00;165965,21;166006,19;165842,29;165855,95;6272202103,00;189023
WINFUT;03/07/2023;12:10:00;165876,44;166094,97;165801,32;165972,04;1,012556978E10;305077
WINFUT;03/07/2023;12:00:00;165842,29;165910,58;165733,03;165869,61;4845146999,00;146110
WINFUT;03/07/2023;11:50:00;165910,58;166047,16;165610,11;165849,12;1,206592202E10;363793
WINFUT;03/07/2023;11:40:00;165555,47;165937,90;165507,67;165910,58;1,106417377E10;333830
WINFUT;03/07/2023;11:30:00;165924,24;165944,73;165548,65;165555,47;1,017238084E10;306856
WINFUT;03/07/2023;11:20:00;165739,86;165937,90;165630,59;165924,24;1,412406724E10;425973
WINFUT;03/07/2023;11:10:00;165534,99;165746,69;165405,24;165746,69;1,081700243E10;326641
WINFUT;03/07/2023;11:00:00;165446,21;165780,83;165446,21;165534,99;1,311596294E10;396004
WINFUT;03/07/2023;10:50:00;165705,71;165719,37;165364,26;165453,04;1,071240777E10;323563
WINFUT;03/07/2023;10:40:00;165466,70;165862,78;165336,95;165705,71;1,49836981E10;452404
WINFUT;03/07/2023;10:30:00;165118,42;165507,67;165077,44;165459,87;1,689291461E10;510957
WINFUT;03/07/2023;10:20:00;165022,81;165357,43;164886,23;165118,42;1,874982096E10;567644
WINFUT;03/07/2023;10:10:00;164674,53;165091,10;164264,79;165022,81;2,564898931E10;778882
WINFUT;03/07/2023;10:00:00;164578,93;164715,51;164353,57;164681,36;1,820834175E10;553364
WINFUT;03/07/2023;09:50:00;164578,93;164763,31;164565,27;164585,76;6447026695,00;195758
WINFUT;03/07/2023;09:40:00;164599,41;164783,80;164524,30;164578,93;7345257203,00;223031
WINFUT;03/07/2023;09:30:00;164537,95;164804,28;164496,98;164599,41;1,259278251E10;382393
WINFUT;03/07/2023;09:20:00;164333,08;164606,24;164333,08;164544,78;6698005278,00;203628
WINFUT;03/07/2023;09:10:00;164360,40;164442,35;164298,94;164339,91;5683190763,00;172878
WINFUT;03/07/2023;09:00:00;163875,54;164374,06;163759,45;164367,23;1,088987903E10;331738
WINFUT;30/06/2023;17:50:00;163247,27;163356,54;163185,81;163213,13;1780291728,00;54524
WINFUT;30/06/2023;17:40:00;163534,09;163602,38;163144,84;163247,27;4363388127,00;133513
WINFUT;30/06/2023;17:30:00;163568,24;163697,99;163493,12;163534,09;3069968347,00;93824
WINFUT;30/06/2023;17:20:00;163650,18;163677,50;163499,95;163568,24;3127344188,00;95586
WINFUT;30/06/2023;17:10:00;163602,38;163677,50;163458,97;163657,01;5440544103,00;166307
WINFUT;30/06/2023;17:00:00;163902,86;163971,15;163547,75;163602,38;8826219866,00;269488
WINFUT;30/06/2023;16:50:00;164066,75;164087,24;163848,22;163896,03;9148036319,00;278984
WINFUT;30/06/2023;16:40:00;164237,48;164244,31;163971,15;164066,75;9201220842,00;280395
WINFUT;30/06/2023;16:30:00;164517,47;164729,17;164189,67;164237,48;1,03125406E10;313474
WINFUT;30/06/2023;16:20:00;164797,46;164852,09;164442,35;164524,30;8255864244,00;250753
WINFUT;30/06/2023;16:10:00;164824,77;164886,23;164715,51;164797,46;6116737860,00;185571
WINFUT;30/06/2023;16:00:00;164954,52;164961,35;164797,46;164824,77;4893886413,00;148421
WINFUT;30/06/2023;15:50:00;164927,21;165104,76;164865,75;164954,52;6963913860,00;211046
WINFUT;30/06/2023;15:40:00;164831,60;165015,98;164783,80;164927,21;5113506158,00;155033
WINFUT;30/06/2023;15:30:00;164954,52;165043,30;164776,97;164831,60;9836444840,00;298283
WINFUT;30/06/2023;15:20:00;164660,88;164981,84;164626,73;164961,35;8156768740,00;247454
WINFUT;30/06/2023;15:10:00;164456,01;164735,99;164449,18;164667,70;7962731720,00;241866
WINFUT;30/06/2023;15:00:00;164503,81;164503,81;164353,57;164456,01;4479839025,00;136227
WINFUT;30/06/2023;14:50:00;164066,75;164510,64;164066,75;164510,64;9734889476,00;296315
WINFUT;30/06/2023;14:40:00;164490,15;164565,27;163964,32;164073,58;1,284559951E10;391029
WINFUT;30/06/2023;14:30:00;164449,18;164613,07;164326,25;164490,15;9029581433,00;274499
WINFUT;30/06/2023;14:20:00;164824,77;164906,72;164394,54;164449,18;1,224430445E10;371988
WINFUT;30/06/2023;14:10:00;164995,50;165022,81;164749,65;164824,77;6628373302,00;201001
WINFUT;30/06/2023;14:00:00;165227,68;165248,17;164927,21;164995,50;6339129102,00;191991
WINFUT;30/06/2023;13:50:00;165138,91;165248,17;165056,96;165220,85;5947035506,00;180056
WINFUT;30/06/2023;13:40:00;165152,56;165159,39;164940,86;165138,91;7835872107,00;237401
WINFUT;30/06/2023;13:30:00;165104,76;165227,68;165009,15;165159,39;5453862235,00;165163
WINFUT;30/06/2023;13:20:00;165220,85;165220,85;165022,81;165111,59;6879597654,00;208335
WINFUT;30/06/2023;13:10:00;165118,42;165261,83;165091,10;165214,02;4804252660,00;145431
WINFUT;30/06/2023;13:00:00;165200,37;165418,89;165111,59;165118,42;8935599703,00;270355
WINFUT;30/06/2023;12:50:00;165268,66;165302,80;165132,08;165200,37;6087388837,00;184225
WINFUT;30/06/2023;12:40:00;165084,27;165391,58;165029,64;165268,66;9375019587,00;283694
WINFUT;30/06/2023;12:30:00;164729,17;165104,76;164695,02;165077,44;8904450431,00;269966
WINFUT;30/06/2023;12:20:00;165166,22;165316,46;164633,56;164729,17;1,340407385E10;406312
WINFUT;30/06/2023;12:10:00;165316,46;165425,72;165145,73;165166,22;9950523081,00;301018
WINFUT;30/06/2023;12:00:00;165214,02;165350,60;165138,91;165309,63;1,026842589E10;310708
WINFUT;30/06/2023;11:50:00;164763,31;165255,00;164749,65;165220,85;1,454850795E10;440932
WINFUT;30/06/2023;11:40:00;165487,18;165637,42;164708,68;164763,31;1,823574626E10;551840
WINFUT;30/06/2023;11:30:00;165603,28;165746,69;165398,41;165487,18;1,01810186E10;307483
WINFUT;30/06/2023;11:20:00;165582,79;165767,17;165446,21;165610,11;1,035072728E10;312479
WINFUT;30/06/2023;11:10:00;165391,58;165692,05;165357,43;165575,96;1,483532671E10;448152
WINFUT;30/06/2023;11:00:00;165295,97;165439,38;165022,81;165384,75;1,287620708E10;389600
WINFUT;30/06/2023;10:50:00;165056,96;165418,89;165029,64;165302,80;1,306206161E10;395178
WINFUT;30/06/2023;10:40:00;165015,98;165295,97;164872,57;165050,13;1,352273696E10;409534
WINFUT;30/06/2023;10:30:00;165173,05;165227,68;164831,60;165009,15;1,929669599E10;584648
WINFUT;30/06/2023;10:20:00;165220,85;165582,79;165152,56;165179,88;1,331626378E10;402711
WINFUT;30/06/2023;10:10:00;165671,57;165787,66;165138,91;165214,02;2,009639301E10;607394
WINFUT;30/06/2023;10:00:00;165746,69;165958,39;165575,96;165671,57;1,249269051E10;376847
WINFUT;30/06/2023;09:50:00;165828,63;165896,92;165698,88;165739,86;6542406641,00;197318
WINFUT;30/06/2023;09:40:00;165637,42;166013,02;165596,45;165821,81;1,12242027E10;338413
WINFUT;30/06/2023;09:30:00;165494,01;165985,70;165494,01;165644,25;1,600403124E10;482674
WINFUT;30/06/2023;09:20:00;165418,89;165575,96;165391,58;165500,84;7109508354,00;214811
WINFUT;30/06/2023;09:10:00;165022,81;165528,16;164845,26;165412,07;1,505387572E10;455550
WINFUT;30/06/2023;09:00:00;165070,62;165193,54;164681,36;165022,81;1,154480191E10;350056
WINFUT;29/06/2023;17:50:00;164913,55;164940,86;164749,65;164940,86;1530441045,00;46416
WINFUT;29/06/2023;17:40:00;164722,34;164961,35;164695,02;164927,21;3739829185,00;113433
WINFUT;29/06/2023;17:30:00;164619,90;164770,14;164585,76;164722,34;2704926327,00;82115
WINFUT;29/06/2023;17:20:00;164688,19;164715,51;164558,44;164613,07;3281547770,00;99674
WINFUT;29/06/2023;17:10:00;164763,31;164824,77;164537,95;164688,19;6122219415,00;185862
WINFUT;29/06/2023;17:00:00;164715,51;164783,80;164394,54;164756,48;8083458317,00;245544
WINFUT;29/06/2023;16:50:00;164483,32;164770,14;164374,06;164715,51;1,020235678E10;309899
WINFUT;29/06/2023;16:40:00;164537,95;164592,59;164285,28;164476,49;9220274148,00;280369
WINFUT;29/06/2023;16:30:00;164415,03;164544,78;164264,79;164537,95;8674580615,00;263850
WINFUT;29/06/2023;16:20:00;164066,75;164633,56;163950,66;164421,86;1,402284886E10;426741
WINFUT;29/06/2023;16:10:00;163943,83;164155,53;163896,03;164066,75;7151142025,00;217973
WINFUT;29/06/2023;16:00:00;163827,74;163998,46;163827,74;163950,66;6366089920,00;194194
WINFUT;29/06/2023;15:50:00;163902,86;163916,51;163677,50;163834,57;7652343055,00;233628
WINFUT;29/06/2023;15:40:00;163964,32;163977,98;163786,76;163896,03;5508982807,00;168079
WINFUT;29/06/2023;15:30:00;163950,66;164025,78;163868,71;163957,49;6363351169,00;194064
WINFUT;29/06/2023;15:20:00;163937,00;164251,14;163916,51;163957,49;9567149639,00;291589
WINFUT;29/06/2023;15:10:00;163855,05;163943,83;163814,08;163937,00;4931205276,00;150465
WINFUT;29/06/2023;15:00:00;163937,00;164046,27;163814,08;163861,88;7615656831,00;232299
WINFUT;29/06/2023;14:50:00;163868,71;163950,66;163827,74;163937,00;4739281660,00;144590
WINFUT;29/06/2023;14:40:00;163875,54;163930,17;163670,67;163861,88;7025522441,00;214439
WINFUT;29/06/2023;14:30:00;163848,22;163964,32;163663,84;163868,71;7961607509,00;242996
WINFUT;29/06/2023;14:20:00;163779,93;163861,88;163704,82;163848,22;4982449045,00;152100
WINFUT;29/06/2023;14:10:00;163861,88;163923,34;163745,79;163779,93;4683712058,00;142937
WINFUT;29/06/2023;14:00:00;163957,49;163964,32;163841,40;163861,88;4510917206,00;137621
WINFUT;29/06/2023;13:50:00;163991,63;164005,29;163875,54;163957,49;4287341425,00;130770
WINFUT;29/06/2023;13:40:00;164005,29;164025,78;163909,69;163991,63;4183309033,00;127561
WINFUT;29/06/2023;13:30:00;164100,90;164107,73;163977,98;164012,12;3690073033,00;112487
WINFUT;29/06/2023;13:20:00;164141,87;164230,65;164046,27;164107,73;4065166071,00;123845
WINFUT;29/06/2023;13:10:00;164162,36;164189,67;164018,95;164141,87;5536903109,00;168701
WINFUT;29/06/2023;13:00:00;164237,48;164257,96;164094,07;164169,19;6801935403,00;207159
WINFUT;29/06/2023;12:50:00;163814,08;164237,48;163807,25;164230,65;9624181790,00;293371
WINFUT;29/06/2023;12:40:00;163943,83;163984,80;163793,59;163807,25;5189854098,00;158329
WINFUT;29/06/2023;12:30:00;163786,76;163964,32;163697,99;163937,00;8217966674,00;250778
WINFUT;29/06/2023;12:20:00;163657,01;163820,91;163534,09;163793,59;7019965476,00;214462
WINFUT;29/06/2023;12:10:00;163807,25;163930,17;163581,89;163657,01;8946914081,00;273198
WINFUT;29/06/2023;12:00:00;163199,47;164046,27;163199,47;163807,25;1,912674681E10;584008
WINFUT;29/06/2023;11:50:00;163151,67;163349,71;163103,86;163206,30;7352893164,00;225236
WINFUT;29/06/2023;11:40:00;163042,40;163281,42;163001,43;163158,50;7920632217,00;242729
WINFUT;29/06/2023;11:30:00;163151,67;163219,96;162919,48;163042,40;8653237093,00;265321
WINFUT;29/06/2023;11:20:00;163213,13;163295,08;163062,89;163151,67;7273052916,00;222878
WINFUT;29/06/2023;11:10:00;162926,31;163322,39;162789,73;163219,96;1,37444498E10;421420
WINFUT;29/06/2023;11:00:00;163349,71;163465,80;162864,85;162933,14;1,461141416E10;447681
WINFUT;29/06/2023;10:50:00;163418,00;163547,75;163260,93;163349,71;1,035959145E10;317002
WINFUT;29/06/2023;10:40:00;163342,88;163602,38;163301,90;163411,17;1,482542886E10;453584
WINFUT;29/06/2023;10:30:00;163076,55;163479,46;162892,16;163336,05;1,977101469E10;605695
WINFUT;29/06/2023;10:20:00;162748,76;163103,86;162584,86;163076,55;1,630480691E10;500578
WINFUT;29/06/2023;10:10:00;162605,35;162776,07;162216,09;162755,58;1,604562938E10;493704
WINFUT;29/06/2023;10:00:00;162625,83;162707,78;162427,79;162605,35;1,037271019E10;319004
WINFUT;29/06/2023;09:50:00;162605,35;162741,93;162468,77;162625,83;1,038518757E10;319382
WINFUT;29/06/2023;09:40:00;162181,95;162817,05;162072,68;162605,35;1,566337805E10;482162
WINFUT;29/06/2023;09:30:00;161915,62;162202,44;161792,70;162175,12;1,33260827E10;411226
WINFUT;29/06/2023;09:20:00;161854,16;161970,25;161690,26;161922,45;7898821373,00;244032
WINFUT;29/06/2023;09:10:00;161826,84;161977,08;161676,60;161854,16;1,02662764E10;317243
WINFUT;29/06/2023;09:00:00;162687,29;162789,73;161772,21;161833,67;1,895403205E10;584351
WINFUT;28/06/2023;17:50:00;161936,10;162120,49;161888,30;161942,93;1616771832,00;49897
WINFUT;28/06/2023;17:40:00;162181,95;162414,13;161922,45;161929,28;5590352106,00;172311
WINFUT;28/06/2023;17:30:00;162045,37;162188,78;162024,88;162188,78;3307313215,00;102021
WINFUT;28/06/2023;17:20:00;161990,74;162093,17;161970,25;162045,37;2333513868,00;72009
WINFUT;28/06/2023;17:10:00;162113,66;162147,80;161956,59;161997,57;3546869004,00;109435
WINFUT;28/06/2023;17:00:00;162181,95;162229,75;162018,05;162113,66;5284063778,00;162967
WINFUT;28/06/2023;16:50:00;161990,74;162216,09;161779,04;162181,95;1,07499817E10;331798
WINFUT;28/06/2023;16:40:00;162263,90;162298,04;161970,25;161997,57;1,195166142E10;368599
WINFUT;28/06/2023;16:30:00;162543,89;162646,32;162243,41;162263,90;9220936591,00;283803
WINFUT;28/06/2023;16:20:00;162530,23;162707,78;162496,08;162537,06;7751255018,00;238348
WINFUT;28/06/2023;16:10:00;162482,42;162605,35;162461,94;162523,40;6572474761,00;202181
WINFUT;28/06/2023;16:00:00;162509,74;162564,37;162352,67;162482,42;6468151851,00;199057
WINFUT;28/06/2023;15:50:00;162571,20;162632,66;162427,79;162509,74;4546947090,00;139877
WINFUT;28/06/2023;15:40:00;162550,71;162646,32;162496,08;162571,20;4964398490,00;152681
WINFUT;28/06/2023;15:30:00;162564,37;162653,15;162468,77;162550,71;5838482004,00;179582
WINFUT;28/06/2023;15:20:00;162434,62;162598,52;162427,79;162564,37;5948750846,00;183015
WINFUT;28/06/2023;15:10:00;162359,50;162550,71;162352,67;162434,62;6018926114,00;185241
WINFUT;28/06/2023;15:00:00;162195,61;162427,79;162052,20;162359,50;1,025949925E10;316134
WINFUT;28/06/2023;14:50:00;162229,75;162448,28;162079,51;162188,78;1,219194901E10;375701
WINFUT;28/06/2023;14:40:00;162810,22;162823,87;162161,46;162236,58;1,501812838E10;462256
WINFUT;28/06/2023;14:30:00;162851,19;163015,09;162728,27;162803,39;8648684215,00;265553
WINFUT;28/06/2023;14:20:00;162987,77;163049,23;162810,22;162851,19;7892440260,00;242218
WINFUT;28/06/2023;14:10:00;163056,06;163097,03;162953,63;162980,94;4808830667,00;147489
WINFUT;28/06/2023;14:00:00;163076,55;163219,96;163049,23;163062,89;6152330443,00;188578
WINFUT;28/06/2023;13:50:00;163206,30;163247,27;162960,45;163083,38;6794298269,00;208325
WINFUT;28/06/2023;13:40:00;163192,64;163267,76;163028,74;163199,47;7766490296,00;238033
WINFUT;28/06/2023;13:30:00;163301,90;163342,88;163158,50;163192,64;5902844407,00;180766
WINFUT;28/06/2023;13:20:00;163295,08;163465,80;163247,27;163308,73;5836785769,00;178651
WINFUT;28/06/2023;13:10:00;163329,22;163411,17;163267,76;163301,90;4257878748,00;130334
WINFUT;28/06/2023;13:00:00;163240,44;163431,66;163213,13;163336,05;7264552457,00;222407
WINFUT;28/06/2023;12:50:00;163172,15;163260,93;162919,48;163233,61;8525253038,00;261340
WINFUT;28/06/2023;12:40:00;163254,10;163295,08;163021,92;163165,32;7923562535,00;242822
WINFUT;28/06/2023;12:30:00;163329,22;163465,80;163192,64;163260,93;7845231300,00;240154
WINFUT;28/06/2023;12:20:00;163752,62;163773,11;163301,90;163329,22;9818260059,00;300252
WINFUT;28/06/2023;12:10:00;163472,63;163827,74;163383,85;163752,62;1,336312308E10;408430
WINFUT;28/06/2023;12:00:00;163097,03;163568,24;163042,40;163472,63;1,18245843E10;361997
WINFUT;28/06/2023;11:50:00;162912,65;163144,84;162871,68;163090,21;6733357205,00;206518
WINFUT;28/06/2023;11:40:00;162844,36;163260,93;162810,22;162912,65;1,198230559E10;367415
WINFUT;28/06/2023;11:30:00;162755,58;163001,43;162735,10;162837,53;9833283362,00;301849
WINFUT;28/06/2023;11:20:00;163144,84;163206,30;162680,47;162755,58;1,139240895E10;349687
WINFUT;28/06/2023;11:10:00;162817,05;163178,98;162741,93;163151,67;1,149760628E10;352824
WINFUT;28/06/2023;11:00:00;163021,92;163206,30;162796,56;162823,87;1,384130057E10;424572
WINFUT;28/06/2023;10:50:00;162530,23;163138,01;162461,94;163021,92;1,782263017E10;547010
WINFUT;28/06/2023;10:40:00;163192,64;163213,13;162502,91;162523,40;2,118024662E10;650332
WINFUT;28/06/2023;10:30:00;163561,41;163752,62;163090,21;163199,47;2,35733175E10;721156
WINFUT;28/06/2023;10:20:00;162967,28;163629,70;162741,93;163561,41;1,95225868E10;598148
WINFUT;28/06/2023;10:10:00;162939,97;163213,13;162571,20;162974,11;1,94376173E10;596547
WINFUT;28/06/2023;10:00:00;162987,77;163308,73;162796,56;162933,14;1,687159432E10;517393
WINFUT;28/06/2023;09:50:00;162776,07;163124,35;162625,83;162987,77;1,344914186E10;412815
WINFUT;28/06/2023;09:40:00;162632,66;162830,70;162530,23;162782,90;9126256564,00;280492
WINFUT;28/06/2023;09:30:00;162707,78;162755,58;162571,20;162625,83;7170487423,00;220415
WINFUT;28/06/2023;09:20:00;163015,09;163028,74;162434,62;162707,78;1,367085812E10;420101
WINFUT;28/06/2023;09:10:00;163069,72;163301,90;162974,11;163021,92;1,021924925E10;313249
WINFUT;28/06/2023;09:00:00;163418,00;163575,06;163035,57;163062,89;1,230122335E10;376705
WINFUT;27/06/2023;17:50:00;163178,98;163288,25;163124,35;163124,35;1258621973,00;38558
WINFUT;27/06/2023;17:40:00;163254,10;163301,90;163144,84;163192,64;3625750293,00;111062
WINFUT;27/06/2023;17:30:00;163247,27;163363,37;163247,27;163254,10;3036349996,00;92966
WINFUT;27/06/2023;17:20:00;163247,27;163274,59;163138,01;163247,27;3431343927,00;105125
WINFUT;27/06/2023;17:10:00;163363,37;163363,37;163165,32;163247,27;3974811875,00;121744
WINFUT;27/06/2023;17:00:00;163438,48;163513,60;163254,10;163363,37;5039157385,00;154213
WINFUT;27/06/2023;16:50:00;163452,14;163458,97;163233,61;163438,48;7082190001,00;216778
WINFUT;27/06/2023;16:40:00;163240,44;163513,60;163233,61;163445,31;6295638481,00;192665
WINFUT;27/06/2023;16:30:00;163151,67;163520,43;163144,84;163240,44;1,296836003E10;396945
WINFUT;27/06/2023;16:20:00;162994,60;163240,44;162905,82;163151,67;7960205334,00;244060
WINFUT;27/06/2023;16:10:00;162844,36;163131,18;162817,05;162994,60;9217086411,00;282768
WINFUT;27/06/2023;16:00:00;162687,29;162926,31;162680,47;162844,36;5243799565,00;161032
WINFUT;27/06/2023;15:50:00;162700,95;162823,87;162625,83;162687,29;6154449626,00;189121
WINFUT;27/06/2023;15:40:00;162646,32;162714,61;162543,89;162700,95;5437561352,00;167180
WINFUT;27/06/2023;15:30:00;162632,66;162748,76;162619,00;162653,15;4482816252,00;137783
WINFUT;27/06/2023;15:20:00;162523,40;162680,47;162516,57;162632,66;4804906139,00;147747
WINFUT;27/06/2023;15:10:00;162680,47;162796,56;162489,25;162523,40;7242412071,00;222675
WINFUT;27/06/2023;15:00:00;162858,02;162892,16;162659,98;162680,47;6990908364,00;214744
WINFUT;27/06/2023;14:50:00;162987,77;163069,72;162844,36;162858,02;7054475491,00;216437
WINFUT;27/06/2023;14:40:00;162680,47;163042,40;162659,98;162987,77;1,000074813E10;306993
WINFUT;27/06/2023;14:30:00;162578,03;162823,87;162530,23;162680,47;9294720918,00;285655
WINFUT;27/06/2023;14:20:00;162543,89;162632,66;162502,91;162571,20;4665074138,00;143478
WINFUT;27/06/2023;14:10:00;162523,40;162557,54;162393,65;162543,89;4700763680,00;144657
WINFUT;27/06/2023;14:00:00;162564,37;162598,52;162434,62;162523,40;5250174088,00;161530
WINFUT;27/06/2023;13:50:00;162373,16;162673,64;162373,16;162571,20;8044995100,00;247464
WINFUT;27/06/2023;13:40:00;162345,84;162687,29;162304,87;162379,99;1,021214434E10;314225
WINFUT;27/06/2023;13:30:00;162161,46;162352,67;162147,80;162345,84;5136140264,00;158265
WINFUT;27/06/2023;13:20:00;162277,55;162284,38;162038,54;162168,29;7035611221,00;216894
WINFUT;27/06/2023;13:10:00;162106,83;162359,50;162079,51;162277,55;6794643354,00;209396
WINFUT;27/06/2023;13:00:00;162072,68;162195,61;161936,10;162100,00;8040144997,00;248056
WINFUT;27/06/2023;12:50:00;162181,95;162243,41;162059,03;162072,68;4404491515,00;135811
WINFUT;27/06/2023;12:40:00;162304,87;162311,70;162093,17;162175,12;5643492537,00;173962
WINFUT;27/06/2023;12:30:00;162113,66;162325,36;162011,22;162304,87;9528145358,00;293746
WINFUT;27/06/2023;12:20:00;162147,80;162359,50;161983,91;162113,66;1,046636924E10;322684
WINFUT;27/06/2023;12:10:00;162448,28;162564,37;161908,79;162147,80;1,365488231E10;420885
WINFUT;27/06/2023;12:00:00;162571,20;162625,83;162113,66;162448,28;1,432350209E10;441168
WINFUT;27/06/2023;11:50:00;162864,85;162926,31;162420,96;162571,20;1,726389583E10;530463
WINFUT;27/06/2023;11:40:00;163329,22;163377,02;162803,39;162871,68;1,296486765E10;397412
WINFUT;27/06/2023;11:30:00;163595,55;163711,64;163076,55;163336,05;1,42873572E10;437306
WINFUT;27/06/2023;11:20:00;163233,61;163738,96;163192,64;163595,55;1,348011217E10;412298
WINFUT;27/06/2023;11:10:00;163083,38;163336,05;163049,23;163226,79;9677658879,00;296522
WINFUT;27/06/2023;11:00:00;163472,63;163472,63;162967,28;163083,38;2,051722419E10;628775
WINFUT;27/06/2023;10:50:00;163527,26;163745,79;163295,08;163479,46;1,891300536E10;578430
WINFUT;27/06/2023;10:40:00;164155,53;164476,49;163506,77;163534,09;2,34387611E10;714496
WINFUT;27/06/2023;10:30:00;164476,49;164804,28;163848,22;164155,53;3,113741493E10;947719
WINFUT;27/06/2023;10:20:00;165145,73;165145,73;164469,66;164476,49;2,300506404E10;698137
WINFUT;27/06/2023;10:10:00;165418,89;165596,45;165111,59;165138,91;1,961757926E10;593390
WINFUT;27/06/2023;10:00:00;165405,24;165569,13;165179,88;165425,72;1,958718488E10;592236
WINFUT;27/06/2023;09:50:00;165494,01;165494,01;165248,17;165405,24;1,007953396E10;304742
WINFUT;27/06/2023;09:40:00;165644,25;165671,57;165446,21;165494,01;7528772337,00;227405
WINFUT;27/06/2023;09:30:00;165548,65;165808,15;165534,99;165644,25;1,016118435E10;306648
WINFUT;27/06/2023;09:20:00;165350,60;165637,42;165343,78;165555,47;9115099028,00;275374
WINFUT;27/06/2023;09:10:00;165200,37;165514,50;165193,54;165343,78;1,207712979E10;365124
WINFUT;27/06/2023;09:00:00;164763,31;165207,20;164735,99;165200,37;1,323381005E10;401010
WINFUT;26/06/2023;17:50:00;164025,78;164121,38;163827,74;163827,74;1307957375,00;39878
WINFUT;26/06/2023;17:40:00;164121,38;164148,70;163998,46;164032,61;2680967935,00;81703
WINFUT;26/06/2023;17:30:00;164210,16;164285,28;164046,27;164128,21;3659048650,00;111451
WINFUT;26/06/2023;17:20:00;164257,96;164326,25;164135,04;164210,16;4542797923,00;138324
WINFUT;26/06/2023;17:10:00;164230,65;164305,77;164196,50;164257,96;2793402832,00;85034
WINFUT;26/06/2023;17:00:00;164428,69;164510,64;164237,48;164237,48;5556624038,00;169020
WINFUT;26/06/2023;16:50:00;164333,08;164483,32;164271,62;164428,69;6293631296,00;191440
WINFUT;26/06/2023;16:40:00;164394,54;164442,35;164237,48;164339,91;6471960104,00;196904
WINFUT;26/06/2023;16:30:00;164647,22;164660,88;164333,08;164394,54;7682268961,00;233566
WINFUT;26/06/2023;16:20:00;164722,34;164729,17;164496,98;164647,22;7130319728,00;216578
WINFUT;26/06/2023;16:10:00;164572,10;164763,31;164524,30;164722,34;5530942366,00;167972
WINFUT;26/06/2023;16:00:00;164537,95;164640,39;164415,03;164572,10;5520925178,00;167773
WINFUT;26/06/2023;15:50:00;164537,95;164592,59;164462,83;164531,12;4546293631,00;138162
WINFUT;26/06/2023;15:40:00;164626,73;164633,56;164490,15;164537,95;5156262176,00;156675
WINFUT;26/06/2023;15:30:00;164285,28;164749,65;164264,79;164619,90;1,400747492E10;425667
WINFUT;26/06/2023;15:20:00;164018,95;164298,94;163984,80;164285,28;6405914328,00;195131
WINFUT;26/06/2023;15:10:00;164107,73;164210,16;163964,32;164018,95;7228779881,00;220286
WINFUT;26/06/2023;15:00:00;164025,78;164182,85;163909,69;164107,73;7670037507,00;233761
WINFUT;26/06/2023;14:50:00;163923,34;164053,09;163875,54;164025,78;4044501027,00;123344
WINFUT;26/06/2023;14:40:00;163923,34;164012,12;163882,37;163923,34;4275118995,00;130382
WINFUT;26/06/2023;14:30:00;164005,29;164012,12;163827,74;163923,34;5229495256,00;159539
WINFUT;26/06/2023;14:20:00;163991,63;164046,27;163896,03;163998,46;5275309640,00;160855
WINFUT;26/06/2023;14:10:00;164025,78;164059,92;163896,03;163984,80;6285065769,00;191628
WINFUT;26/06/2023;14:00:00;163759,45;164053,09;163718,47;164025,78;7411325479,00;226112
WINFUT;26/06/2023;13:50:00;163472,63;163766,28;163465,80;163766,28;7024881815,00;214591
WINFUT;26/06/2023;13:40:00;163377,02;163520,43;163213,13;163472,63;9899866751,00;302971
WINFUT;26/06/2023;13:30:00;163909,69;163923,34;163329,22;163383,85;1,109970283E10;339177
WINFUT;26/06/2023;13:20:00;163902,86;164100,90;163861,88;163909,69;6281529733,00;191535
WINFUT;26/06/2023;13:10:00;163977,98;163984,80;163868,71;163896,03;4056111443,00;123718
WINFUT;26/06/2023;13:00:00;164018,95;164094,07;163923,34;163984,80;5841212054,00;178080
WINFUT;26/06/2023;12:50:00;163930,17;164087,24;163909,69;164012,12;4877739850,00;148693
WINFUT;26/06/2023;12:40:00;163773,11;164005,29;163745,79;163930,17;5757599102,00;175666
WINFUT;26/06/2023;12:30:00;163711,64;163971,15;163636,53;163779,93;8106339883,00;247417
WINFUT;26/06/2023;12:20:00;163616,04;163779,93;163561,41;163704,82;6785869963,00;207308
WINFUT;26/06/2023;12:10:00;163752,62;163807,25;163554,58;163609,21;9322468951,00;284830
WINFUT;26/06/2023;12:00:00;163977,98;164018,95;163663,84;163752,62;1,11121737E10;339152
WINFUT;26/06/2023;11:50:00;164059,92;164121,38;163861,88;163971,15;8356932545,00;254815
WINFUT;26/06/2023;11:40:00;163937,00;164155,53;163786,76;164053,09;1,089943515E10;332405
WINFUT;26/06/2023;11:30:00;163957,49;164080,41;163766,28;163937,00;1,565112664E10;477396
WINFUT;26/06/2023;11:20:00;164804,28;164811,11;163902,86;163957,49;1,847193632E10;561785
WINFUT;26/06/2023;11:10:00;164811,11;165022,81;164667,70;164811,11;1,185936378E10;359730
WINFUT;26/06/2023;11:00:00;165002,33;165063,79;164715,51;164811,11;1,412634274E10;428363
WINFUT;26/06/2023;10:50:00;164981,84;165371,09;164934,04;165009,15;1,404054616E10;425152
WINFUT;26/06/2023;10:40:00;164708,68;165336,95;164654,05;164988,67;1,882807087E10;570320
WINFUT;26/06/2023;10:30:00;164387,72;164831,60;164251,14;164701,85;1,792429067E10;544637
WINFUT;26/06/2023;10:20:00;164619,90;164715,51;164367,23;164387,72;1,258417112E10;382472
WINFUT;26/06/2023;10:10:00;165336,95;165357,43;164483,32;164613,07;2,411019457E10;731097
WINFUT;26/06/2023;10:00:00;165050,13;165446,21;165043,30;165336,95;1,96301691E10;593948
WINFUT;26/06/2023;09:50:00;165159,39;165173,05;164961,35;165050,13;6652339528,00;201495
WINFUT;26/06/2023;09:40:00;165125,25;165193,54;165091,10;165159,39;4196763957,00;127064
WINFUT;26/06/2023;09:30:00;165179,88;165207,20;165009,15;165125,25;7071288692,00;214149
WINFUT;26/06/2023;09:20:00;165268,66;165295,97;165145,73;165186,71;5807804578,00;175773
WINFUT;26/06/2023;09:10:00;165350,60;165473,53;165214,02;165268,66;6499499628,00;196553
WINFUT;26/06/2023;09:00:00;165207,20;165432,55;165138,91;165357,43;7609313993,00;230173
WINFUT;23/06/2023;17:50:00;165548,65;165555,47;165432,55;165555,47;1057963813,00;31961
WINFUT;23/06/2023;17:40:00;165623,76;165685,23;165528,16;165548,65;2646754353,00;79903
WINFUT;23/06/2023;17:30:00;165630,59;165664,74;165596,45;165630,59;1784876337,00;53883
WINFUT;23/06/2023;17:20:00;165541,82;165712,54;165534,99;165630,59;3981144088,00;120174
WINFUT;23/06/2023;17:10:00;165494,01;165569,13;165466,70;165541,82;2054988745,00;62075
WINFUT;23/06/2023;17:00:00;165480,36;165569,13;165364,26;165500,84;5104199464,00;154225
WINFUT;23/06/2023;16:50:00;165159,39;165521,33;165097,93;165487,18;7303223713,00;220923
WINFUT;23/06/2023;16:40:00;165255,00;165289,14;165104,76;165152,56;6600412634,00;199784
WINFUT;23/06/2023;16:30:00;165166,22;165398,41;165152,56;165248,17;6984088061,00;211264
WINFUT;23/06/2023;16:20:00;165343,78;165343,78;165091,10;165166,22;5640102416,00;170717
WINFUT;23/06/2023;16:10:00;165173,05;165357,43;165138,91;165343,78;5748770612,00;173948
WINFUT;23/06/2023;16:00:00;165255,00;165309,63;165091,10;165166,22;7602283521,00;230095
WINFUT;23/06/2023;15:50:00;165077,44;165418,89;165056,96;165261,83;9240305539,00;279558
WINFUT;23/06/2023;15:40:00;164981,84;165173,05;164961,35;165084,27;8070418766,00;244468
WINFUT;23/06/2023;15:30:00;165480,36;165507,67;164899,89;164981,84;1,2384366E10;374889
WINFUT;23/06/2023;15:20:00;165384,75;165555,47;165309,63;165480,36;7334623733,00;221680
WINFUT;23/06/2023;15:10:00;165439,38;165575,96;165323,29;165384,75;9519039475,00;287668
WINFUT;23/06/2023;15:00:00;165596,45;165616,94;165398,41;165432,55;6815353842,00;205907
WINFUT;23/06/2023;14:50:00;165616,94;165678,40;165575,96;165603,28;3465639069,00;104629
WINFUT;23/06/2023;14:40:00;165630,59;165739,86;165596,45;165616,94;4966957144,00;149914
WINFUT;23/06/2023;14:30:00;165480,36;165657,91;165466,70;165630,59;4994430888,00;150820
WINFUT;23/06/2023;14:20:00;165671,57;165705,71;165425,72;165480,36;6713942549,00;202740
WINFUT;23/06/2023;14:10:00;165657,91;165828,63;165651,08;165671,57;5820273361,00;175580
WINFUT;23/06/2023;14:00:00;165610,11;165712,54;165555,47;165664,74;6095975392,00;184016
WINFUT;23/06/2023;13:50:00;166047,16;166074,48;165562,30;165610,11;1,004176934E10;302797
WINFUT;23/06/2023;13:40:00;165726,20;166060,82;165651,08;166040,33;7903642264,00;238323
WINFUT;23/06/2023;13:30:00;165548,65;165794,49;165541,82;165719,37;6310127575,00;190430
WINFUT;23/06/2023;13:20:00;165534,99;165637,42;165439,38;165548,65;5849865924,00;176687
WINFUT;23/06/2023;13:10:00;165610,11;165685,23;165487,18;165534,99;6085796784,00;183756
WINFUT;23/06/2023;13:00:00;165671,57;165685,23;165521,33;165610,11;5426016702,00;163835
WINFUT;23/06/2023;12:50:00;165760,34;165774,00;165569,13;165671,57;5951375057,00;179628
WINFUT;23/06/2023;12:40:00;165733,03;165992,53;165651,08;165767,17;9867127585,00;297461
WINFUT;23/06/2023;12:30:00;165371,09;165890,10;165275,49;165733,03;1,352035035E10;408138
WINFUT;23/06/2023;12:20:00;165384,75;165548,65;165316,46;165377,92;6565032790,00;198405
WINFUT;23/06/2023;12:10:00;165364,26;165657,91;165268,66;165377,92;1,251772605E10;378271
WINFUT;23/06/2023;12:00:00;165056,96;165534,99;164995,50;165357,43;1,445476019E10;437223
WINFUT;23/06/2023;11:50:00;164981,84;165241,34;164920,38;165063,79;1,335762536E10;404554
WINFUT;23/06/2023;11:40:00;164660,88;165118,42;164572,10;164981,84;1,56622976E10;475008
WINFUT;23/06/2023;11:30:00;164817,94;164893,06;164319,43;164660,88;1,802345063E10;547734
WINFUT;23/06/2023;11:20:00;164817,94;164879,40;164619,90;164824,77;9271685668,00;281366
WINFUT;23/06/2023;11:10:00;164947,69;165043,30;164674,53;164817,94;1,106598533E10;335625
WINFUT;23/06/2023;11:00:00;164838,43;164975,01;164537,95;164940,86;1,383386219E10;419739
WINFUT;23/06/2023;10:50:00;164995,50;165125,25;164585,76;164845,26;1,615041231E10;489910
WINFUT;23/06/2023;10:40:00;165118,42;165418,89;164940,86;165002,33;1,76777541E10;535031
WINFUT;23/06/2023;10:30:00;165145,73;165166,22;164462,83;165118,42;2,600011662E10;788733
WINFUT;23/06/2023;10:20:00;165145,73;165179,88;164838,43;165145,73;1,318022052E10;399397
WINFUT;23/06/2023;10:10:00;165152,56;165289,14;165056,96;165145,73;9830525079,00;297573
WINFUT;23/06/2023;10:00:00;165295,97;165364,26;165050,13;165152,56;1,070880738E10;324117
WINFUT;23/06/2023;09:50:00;165282,31;165350,60;165214,02;165295,97;4467573562,00;135152
WINFUT;23/06/2023;09:40:00;165548,65;165548,65;165159,39;165282,31;1,145666736E10;346474
WINFUT;23/06/2023;09:30:00;165555,47;165739,86;165446,21;165541,82;1,189964399E10;359298
WINFUT;23/06/2023;09:20:00;165248,17;165582,79;165234,51;165555,47;1,136730701E10;343634
WINFUT;23/06/2023;09:10:00;164845,26;165261,83;164804,28;165241,34;1,005482934E10;304546
WINFUT;23/06/2023;09:00:00;165125,25;165145,73;164674,53;164838,43;1,154926722E10;350252
WINFUT;22/06/2023;17:50:00;165808,15;165958,39;165808,15;165958,39;1366652425,00;41192
WINFUT;22/06/2023;17:40:00;165821,81;165862,78;165760,34;165808,15;2582734899,00;77881
WINFUT;22/06/2023;17:30:00;165596,45;165855,95;165596,45;165821,81;4789076792,00;144450
WINFUT;22/06/2023;17:20:00;165439,38;165685,23;165439,38;165596,45;4584754405,00;138427
WINFUT;22/06/2023;17:10:00;165432,55;165562,30;165418,89;165446,21;3056658726,00;92354
WINFUT;22/06/2023;17:00:00;165487,18;165534,99;165350,60;165439,38;5212832543,00;157562
WINFUT;22/06/2023;16:50:00;165480,36;165637,42;165432,55;165487,18;7188885102,00;217134
WINFUT;22/06/2023;16:40:00;165343,78;165582,79;165275,49;165480,36;7593017211,00;229485
WINFUT;22/06/2023;16:30:00;165173,05;165480,36;165091,10;165343,78;8392147341,00;253821
WINFUT;22/06/2023;16:20:00;165214,02;165357,43;165125,25;165173,05;6926237633,00;209562
WINFUT;22/06/2023;16:10:00;165097,93;165371,09;165077,44;165220,85;7739470990,00;234198
WINFUT;22/06/2023;16:00:00;165268,66;165330,12;165022,81;165097,93;7641159549,00;231343
WINFUT;22/06/2023;15:50:00;165166,22;165377,92;165091,10;165261,83;8473115529,00;256388
WINFUT;22/06/2023;15:40:00;165357,43;165371,09;165118,42;165166,22;8156996053,00;246800
WINFUT;22/06/2023;15:30:00;165173,05;165439,38;165084,27;165350,60;1,372976315E10;415433
WINFUT;22/06/2023;15:20:00;164585,76;165179,88;164544,78;165173,05;1,134719041E10;344151
WINFUT;22/06/2023;15:10:00;164633,56;164715,51;164544,78;164585,76;5675490064,00;172359
WINFUT;22/06/2023;15:00:00;164654,05;164756,48;164592,59;164640,39;6122725232,00;185909
WINFUT;22/06/2023;14:50:00;164961,35;165002,33;164619,90;164647,22;9911007503,00;300669
WINFUT;22/06/2023;14:40:00;164729,17;165015,98;164701,85;164961,35;9883975814,00;299735
WINFUT;22/06/2023;14:30:00;164654,05;164797,46;164599,41;164729,17;8351869964,00;253560
WINFUT;22/06/2023;14:20:00;164251,14;164695,02;164244,31;164654,05;9352381751,00;284282
WINFUT;22/06/2023;14:10:00;164346,74;164380,89;164141,87;164251,14;9035990690,00;275058
WINFUT;22/06/2023;14:00:00;164524,30;164585,76;164237,48;164353,57;8213133993,00;249810
WINFUT;22/06/2023;13:50:00;164496,98;164599,41;164442,35;164524,30;5440323485,00;165330
WINFUT;22/06/2023;13:40:00;164524,30;164544,78;164387,72;164496,98;5856935987,00;178054
WINFUT;22/06/2023;13:30:00;164558,44;164688,19;164496,98;164524,30;6237426194,00;189473
WINFUT;22/06/2023;13:20:00;164729,17;164804,28;164462,83;164565,27;8414970506,00;255575
WINFUT;22/06/2023;13:10:00;164776,97;164865,75;164715,51;164722,34;4834086577,00;146674
WINFUT;22/06/2023;13:00:00;164783,80;164872,57;164688,19;164776,97;6360488862,00;193026
WINFUT;22/06/2023;12:50:00;164735,99;164845,26;164701,85;164783,80;5337318437,00;161964
WINFUT;22/06/2023;12:40:00;164749,65;164817,94;164647,22;164729,17;6410075545,00;194570
WINFUT;22/06/2023;12:30:00;164360,40;164852,09;164339,91;164749,65;1,007444872E10;305964
WINFUT;22/06/2023;12:20:00;164572,10;164667,70;164155,53;164360,40;1,28457522E10;390760
WINFUT;22/06/2023;12:10:00;164503,81;164613,07;164305,77;164572,10;1,076893337E10;327376
WINFUT;22/06/2023;12:00:00;164954,52;165009,15;164456,01;164503,81;1,554113564E10;471701
WINFUT;22/06/2023;11:50:00;164906,72;165145,73;164872,57;164954,52;7973716119,00;241595
WINFUT;22/06/2023;11:40:00;165050,13;165111,59;164852,09;164899,89;9843980155,00;298348
WINFUT;22/06/2023;11:30:00;164975,01;165234,51;164947,69;165043,30;9547511114,00;289188
WINFUT;22/06/2023;11:20:00;165453,04;165459,87;164817,94;164975,01;1,386075131E10;419800
WINFUT;22/06/2023;11:10:00;165043,30;165603,28;165029,64;165446,21;1,52764257E10;461853
WINFUT;22/06/2023;11:00:00;165391,58;165555,47;164872,57;165050,13;1,440984774E10;436184
WINFUT;22/06/2023;10:50:00;165138,91;165644,25;165104,76;165391,58;1,486406598E10;449472
WINFUT;22/06/2023;10:40:00;165330,12;165562,30;164981,84;165138,91;1,668309284E10;504701
WINFUT;22/06/2023;10:30:00;165862,78;165876,44;165132,08;165336,95;2,910917595E10;879754
WINFUT;22/06/2023;10:20:00;166470,56;166579,83;165842,29;165862,78;1,633079927E10;491190
WINFUT;22/06/2023;10:10:00;166818,84;167057,86;166381,78;166477,39;1,961747887E10;588122
WINFUT;22/06/2023;10:00:00;166388,61;166852,99;166211,06;166818,84;2,092016849E10;628343
WINFUT;22/06/2023;09:50:00;166388,61;166538,85;166320,32;166381,78;7464724809,00;224263
WINFUT;22/06/2023;09:40:00;166354,47;166463,73;166170,09;166388,61;8479448200,00;254886
WINFUT;22/06/2023;09:30:00;166450,07;166497,88;166299,84;166361,30;5224976961,00;157009
WINFUT;22/06/2023;09:20:00;166504,71;166559,34;166327,15;166456,90;6576720272,00;197559
WINFUT;22/06/2023;09:10:00;166648,12;166812,01;166320,32;166497,88;1,020769059E10;306375
WINFUT;22/06/2023;09:00:00;166347,64;166702,75;166238,38;166641,29;1,20394064E10;361590
WINFUT;21/06/2023;17:50:00;167638,32;167679,29;167522,23;167617,83;1271097852,00;37921
WINFUT;21/06/2023;17:40:00;167576,86;167692,95;167529,06;167631,49;3825007103,00;114106
WINFUT;21/06/2023;17:30:00;167488,08;167576,86;167433,45;167570,03;2898850641,00;86536
WINFUT;21/06/2023;17:20:00;167542,71;167570,03;167447,11;167488,08;3337835706,00;99639
WINFUT;21/06/2023;17:10:00;167576,86;167604,18;167481,25;167535,89;3109022266,00;92789
WINFUT;21/06/2023;17:00:00;167522,23;167665,64;167501,74;167576,86;4482181040,00;133722
WINFUT;21/06/2023;16:50:00;167508,57;167549,54;167412,96;167522,23;5464607484,00;163128
WINFUT;21/06/2023;16:40:00;167392,48;167549,54;167371,99;167508,57;4597844016,00;137278
WINFUT;21/06/2023;16:30:00;167535,89;167563,20;167337,84;167392,48;7840062686,00;234116
WINFUT;21/06/2023;16:20:00;167747,58;167761,24;167488,08;167535,89;7403436019,00;220846
WINFUT;21/06/2023;16:10:00;167583,69;167768,07;167576,86;167747,58;7586759294,00;226255
WINFUT;21/06/2023;16:00:00;167535,89;167611,00;167331,02;167583,69;8714131854,00;260169
WINFUT;21/06/2023;15:50:00;167563,20;167638,32;167460,77;167535,89;7189105254,00;214521
WINFUT;21/06/2023;15:40:00;167576,86;167624,66;167529,06;167556,37;3484560474,00;103972
WINFUT;21/06/2023;15:30:00;167645,15;167651,98;167515,40;167583,69;5259019706,00;156912
WINFUT;21/06/2023;15:20:00;167645,15;167815,87;167583,69;167645,15;9193166525,00;274089
WINFUT;21/06/2023;15:10:00;167508,57;167686,12;167488,08;167645,15;5538498796,00;165254
WINFUT;21/06/2023;15:00:00;167529,06;167651,98;167488,08;167515,40;7329329402,00;218682
WINFUT;21/06/2023;14:50:00;167576,86;167638,32;167453,94;167529,06;6081326127,00;181493
WINFUT;21/06/2023;14:40:00;167378,82;167713,44;167365,16;167576,86;1,114728094E10;332707
WINFUT;21/06/2023;14:30:00;167310,53;167392,48;167262,73;167385,65;4832290393,00;144400
WINFUT;21/06/2023;14:20:00;167276,38;167371,99;167249,07;167303,70;4079614661,00;121927
WINFUT;21/06/2023;14:10:00;167399,31;167481,25;167262,73;167269,55;5600543182,00;167330
WINFUT;21/06/2023;14:00:00;167419,79;167494,91;167324,19;167399,31;4332335340,00;129391
WINFUT;21/06/2023;13:50:00;167447,11;167508,57;167378,82;167419,79;3974125325,00;118666
WINFUT;21/06/2023;13:40:00;167433,45;167542,71;167419,79;167453,94;4657657872,00;139059
WINFUT;21/06/2023;13:30:00;167501,74;167590,52;167406,13;167433,45;5950441630,00;177614
WINFUT;21/06/2023;13:20:00;167453,94;167624,66;167406,13;167508,57;6802962278,00;203078
WINFUT;21/06/2023;13:10:00;167139,80;167556,37;167112,49;167453,94;1,310790736E10;391599
WINFUT;21/06/2023;13:00:00;167071,51;167228,58;166955,42;167139,80;7668535780,00;229481
WINFUT;21/06/2023;12:50:00;166839,33;167092,00;166805,18;167078,34;7895412822,00;236410
WINFUT;21/06/2023;12:40:00;166832,50;167092,00;166832,50;166846,16;1,077013392E10;322556
WINFUT;21/06/2023;12:30:00;166573,00;166880,30;166559,34;166839,33;6632443705,00;198919
WINFUT;21/06/2023;12:20:00;166600,31;166750,55;166518,36;166579,83;7853427064,00;235675
WINFUT;21/06/2023;12:10:00;166538,85;166641,29;166436,42;166600,31;9627256040,00;289052
WINFUT;21/06/2023;12:00:00;166675,43;167078,34;166511,54;166538,85;1,424296152E10;426905
WINFUT;21/06/2023;11:50:00;166757,38;166859,81;166620,80;166675,43;8406863373,00;252114
WINFUT;21/06/2023;11:40:00;166791,52;166975,91;166620,80;166757,38;1,30207841E10;390285
WINFUT;21/06/2023;11:30:00;166600,31;166921,28;166579,83;166791,52;1,609120834E10;482446
WINFUT;21/06/2023;11:20:00;166238,38;166689,09;166149,60;166600,31;1,385868379E10;416247
WINFUT;21/06/2023;11:10:00;166306,67;166443,25;165999,36;166238,38;1,418958418E10;426847
WINFUT;21/06/2023;11:00:00;166463,73;166613,97;166286,18;166306,67;1,33570036E10;401249
WINFUT;21/06/2023;10:50:00;166545,68;166805,18;166409,10;166470,56;1,410290686E10;423263
WINFUT;21/06/2023;10:40:00;166293,01;166600,31;166081,31;166538,85;1,628503301E10;489642
WINFUT;21/06/2023;10:30:00;166484,22;166750,55;166190,57;166293,01;1,98570748E10;596335
WINFUT;21/06/2023;10:20:00;166566,17;166634,46;166183,74;166491,05;1,699764902E10;510817
WINFUT;21/06/2023;10:10:00;166190,57;167030,54;166094,97;166573,00;2,784138053E10;835340
WINFUT;21/06/2023;10:00:00;166361,30;166668,60;166163,26;166183,74;1,894667692E10;569205
WINFUT;21/06/2023;09:50:00;166320,32;166422,76;166293,01;166361,30;5679951833,00;170706
WINFUT;21/06/2023;09:40:00;166313,49;166354,47;166197,40;166320,32;5884217807,00;176943
WINFUT;21/06/2023;09:30:00;166265,69;166327,15;166149,60;166320,32;8304292994,00;249778
WINFUT;21/06/2023;09:20:00;166422,76;166491,05;166252,03;166265,69;1,053065941E10;316485
WINFUT;21/06/2023;09:10:00;166866,64;166907,62;166381,78;166429,59;1,049933941E10;315122
WINFUT;21/06/2023;09:00:00;166559,34;166941,76;166491,05;166859,81;9295020554,00;278662
WINFUT;20/06/2023;17:50:00;166743,72;166743,72;166627,63;166627,63;1172330096,00;35167
WINFUT;20/06/2023;17:40:00;166689,09;166764,21;166627,63;166743,72;2967216416,00;89000
WINFUT;20/06/2023;17:30:00;166566,17;166702,75;166511,54;166689,09;3934227873,00;118054
WINFUT;20/06/2023;17:20:00;166545,68;166627,63;166456,90;166579,83;3446557239,00;103468
WINFUT;20/06/2023;17:10:00;166511,54;166607,14;166484,22;166538,85;2755587407,00;82726
WINFUT;20/06/2023;17:00:00;166409,10;166573,00;166361,30;166518,36;4869335681,00;146256
WINFUT;20/06/2023;16:50:00;166491,05;166627,63;166361,30;166415,93;7097182184,00;213148
WINFUT;20/06/2023;16:40:00;166299,84;166525,19;166231,55;166484,22;7155452335,00;214997
WINFUT;20/06/2023;16:30:00;166204,23;166361,30;166149,60;166299,84;6934242427,00;208527
WINFUT;20/06/2023;16:20:00;166211,06;166293,01;166156,43;166197,40;4581267197,00;137807
WINFUT;20/06/2023;16:10:00;166293,01;166388,61;166190,57;166217,89;5054678712,00;151993
WINFUT;20/06/2023;16:00:00;166313,49;166320,32;166183,74;166293,01;3795767900,00;114146
WINFUT;20/06/2023;15:50:00;166279,35;166347,64;166224,72;166313,49;5064594485,00;152299
WINFUT;20/06/2023;15:40:00;166409,10;166415,93;165985,70;166279,35;1,305064443E10;392704
WINFUT;20/06/2023;15:30:00;166429,59;166477,39;166347,64;166409,10;5569292716,00;167337
WINFUT;20/06/2023;15:20:00;166368,13;166477,39;166163,26;166429,59;8455262118,00;254214
WINFUT;20/06/2023;15:10:00;166306,67;166538,85;166286,18;166368,13;8388994245,00;252048
WINFUT;20/06/2023;15:00:00;166231,55;166313,49;166217,89;166306,67;4082900822,00;122786
WINFUT;20/06/2023;14:50:00;166252,03;166293,01;166115,45;166238,38;6393711553,00;192340
WINFUT;20/06/2023;14:40:00;166293,01;166443,25;166197,40;166245,20;6539555768,00;196588
WINFUT;20/06/2023;14:30:00;166293,01;166395,44;166252,03;166293,01;4872700069,00;146478
WINFUT;20/06/2023;14:20:00;166224,72;166443,25;166204,23;166293,01;8820923467,00;265169
WINFUT;20/06/2023;14:10:00;166163,26;166258,86;166019,85;166224,72;7443918639,00;224034
WINFUT;20/06/2023;14:00:00;166197,40;166388,61;166101,79;166163,26;8557110427,00;257361
WINFUT;20/06/2023;13:50:00;166170,09;166211,06;166047,16;166197,40;5135551161,00;154567
WINFUT;20/06/2023;13:40:00;166170,09;166252,03;166074,48;166170,09;6564997075,00;197550
WINFUT;20/06/2023;13:30:00;166299,84;166320,32;166149,60;166176,91;7731660301,00;232559
WINFUT;20/06/2023;13:20:00;165787,66;166333,98;165739,86;166306,67;1,123713442E10;338420
WINFUT;20/06/2023;13:10:00;165582,79;165855,95;165562,30;165787,66;6787149792,00;204776
WINFUT;20/06/2023;13:00:00;165664,74;165753,52;165548,65;165582,79;5989210679,00;180793
WINFUT;20/06/2023;12:50:00;165548,65;165719,37;165507,67;165671,57;5623457080,00;169795
WINFUT;20/06/2023;12:40:00;165500,84;165616,94;165336,95;165555,47;7130590109,00;215420
WINFUT;20/06/2023;12:30:00;165528,16;165637,42;165439,38;165500,84;7308403817,00;220735
WINFUT;20/06/2023;12:20:00;165473,53;165555,47;165316,46;165528,16;6647401178,00;200910
WINFUT;20/06/2023;12:10:00;165405,24;165582,79;165336,95;165466,70;7803371618,00;235775
WINFUT;20/06/2023;12:00:00;165173,05;165487,18;165152,56;165405,24;1,172920259E10;354666
WINFUT;20/06/2023;11:50:00;165009,15;165179,88;164961,35;165173,05;6456234718,00;195538
WINFUT;20/06/2023;11:40:00;164954,52;165234,51;164940,86;165009,15;1,197720872E10;362742
WINFUT;20/06/2023;11:30:00;165179,88;165377,92;164879,40;164954,52;1,742978741E10;527672
WINFUT;20/06/2023;11:20:00;165664,74;165808,15;165104,76;165179,88;1,696103095E10;512663
WINFUT;20/06/2023;11:10:00;165494,01;165767,17;165439,38;165657,91;1,03790759E10;313312
WINFUT;20/06/2023;11:00:00;166033,50;166142,77;165446,21;165494,01;2,120806194E10;639662
WINFUT;20/06/2023;10:50:00;165787,66;166436,42;165733,03;166033,50;1,980558311E10;596082
WINFUT;20/06/2023;10:40:00;165937,90;165944,73;165603,28;165780,83;1,63373909E10;492824
WINFUT;20/06/2023;10:30:00;166252,03;166272,52;165842,29;165944,73;2,003530899E10;603491
WINFUT;20/06/2023;10:20:00;166074,48;166415,93;166067,65;166245,20;1,287694823E10;387181
WINFUT;20/06/2023;10:10:00;166286,18;166402,27;166006,19;166081,31;1,434320554E10;431520
WINFUT;20/06/2023;10:00:00;166108,62;166422,76;165985,70;166286,18;2,001330158E10;601992
WINFUT;20/06/2023;09:50:00;166149,60;166327,15;166040,33;166108,62;1,084354719E10;326246
WINFUT;20/06/2023;09:40:00;166252,03;166381,78;166135,94;166149,60;7424451131,00;223252
WINFUT;20/06/2023;09:30:00;166320,32;166327,15;166074,48;166252,03;1,012350984E10;304556
WINFUT;20/06/2023;09:20:00;166320,32;166470,56;166286,18;166320,32;7035938499,00;211446
WINFUT;20/06/2023;09:10:00;166211,06;166354,47;166149,60;166313,49;7206970699,00;216730
WINFUT;20/06/2023;09:00:00;166709,58;166736,89;166183,74;166211,06;9684031593,00;291000
WINFUT;19/06/2023;17:50:00;167153,46;167283,21;167030,54;167283,21;2179418336,00;65190
WINFUT;19/06/2023;17:40:00;167146,63;167290,04;167092,00;167160,29;4433427283,00;132586
WINFUT;19/06/2023;17:30:00;167085,17;167173,95;167057,86;167139,80;3571852671,00;106865
WINFUT;19/06/2023;17:20:00;167085,17;167126,15;167010,05;167078,34;3394451782,00;101591
WINFUT;19/06/2023;17:10:00;167112,49;167173,95;167037,37;167085,17;4133002649,00;123669
WINFUT;19/06/2023;17:00:00;167010,05;167153,46;166941,76;167112,49;6778295087,00;202894
WINFUT;19/06/2023;16:50:00;167023,71;167037,37;166928,10;167010,05;4370780359,00;130879
WINFUT;19/06/2023;16:40:00;166941,76;167105,66;166907,62;167030,54;5866090442,00;175606
WINFUT;19/06/2023;16:30:00;166839,33;166982,74;166805,18;166934,93;3946741187,00;118245
WINFUT;19/06/2023;16:20:00;166798,35;166873,47;166764,21;166839,33;2909499175,00;87206
WINFUT;19/06/2023;16:10:00;166846,16;166900,79;166777,87;166791,52;2354948619,00;70576
WINFUT;19/06/2023;16:00:00;166866,64;166955,42;166798,35;166839,33;3381604869,00;101324
WINFUT;19/06/2023;15:50:00;166969,08;167085,17;166771,04;166866,64;7065158004,00;211634
WINFUT;19/06/2023;15:40:00;166887,13;167030,54;166818,84;166962,25;4268565410,00;127877
WINFUT;19/06/2023;15:30:00;166825,67;166928,10;166777,87;166887,13;3098675054,00;92858
WINFUT;19/06/2023;15:20:00;166846,16;166873,47;166764,21;166825,67;2630609941,00;78849
WINFUT;19/06/2023;15:10:00;166900,79;166914,45;166764,21;166839,33;3668458412,00;109947
WINFUT;19/06/2023;15:00:00;166791,52;166941,76;166750,55;166907,62;4813035201,00;144212
WINFUT;19/06/2023;14:50:00;166764,21;166825,67;166695,92;166791,52;3113587666,00;93350
WINFUT;19/06/2023;14:40:00;166866,64;166934,93;166627,63;166764,21;6098608101,00;182832
WINFUT;19/06/2023;14:30:00;166866,64;166955,42;166805,18;166866,64;4304497435,00;128968
WINFUT;19/06/2023;14:20:00;166887,13;166955,42;166818,84;166873,47;3400734399,00;101889
WINFUT;19/06/2023;14:10:00;167057,86;167064,68;166859,81;166893,96;4750525792,00;142273
WINFUT;19/06/2023;14:00:00;166757,38;167242,24;166750,55;167057,86;1,070174692E10;320365
WINFUT;19/06/2023;13:50:00;166832,50;166839,33;166695,92;166757,38;2939194038,00;88123
WINFUT;19/06/2023;13:40:00;166812,01;166880,30;166757,38;166825,67;2854622674,00;85560
WINFUT;19/06/2023;13:30:00;166771,04;166859,81;166736,89;166818,84;4516554772,00;135389
WINFUT;19/06/2023;13:20:00;166825,67;166832,50;166675,43;166777,87;4811045927,00;144260
WINFUT;19/06/2023;13:10:00;166689,09;166866,64;166675,43;166825,67;4927977802,00;147740
WINFUT;19/06/2023;13:00:00;166887,13;166887,13;166675,43;166695,92;5081307096,00;152340
WINFUT;19/06/2023;12:50:00;166887,13;166969,08;166839,33;166887,13;4065772051,00;121809
WINFUT;19/06/2023;12:40:00;166764,21;166996,39;166764,21;166893,96;7206880502,00;215935
WINFUT;19/06/2023;12:30:00;166757,38;166859,81;166620,80;166757,38;6826947984,00;204693
WINFUT;19/06/2023;12:20:00;166791,52;166818,84;166586,65;166764,21;6948481504,00;208390
WINFUT;19/06/2023;12:10:00;166675,43;166825,67;166538,85;166791,52;7947721444,00;238395
WINFUT;19/06/2023;12:00:00;166634,46;166784,70;166491,05;166675,43;9461333591,00;283877
WINFUT;19/06/2023;11:50:00;166511,54;166709,58;166381,78;166634,46;1,085103929E10;325709
WINFUT;19/06/2023;11:40:00;166388,61;166607,14;166327,15;166504,71;1,272738435E10;382209
WINFUT;19/06/2023;11:30:00;166053,99;166436,42;166053,99;166395,44;1,380426488E10;415042
WINFUT;19/06/2023;11:20:00;166026,68;166135,94;165896,92;166053,99;7333361460,00;220849
WINFUT;19/06/2023;11:10:00;166204,23;166299,84;165931,07;166019,85;1,260187429E10;379267
WINFUT;19/06/2023;11:00:00;165944,73;166313,49;165931,07;166204,23;1,283526275E10;386254
WINFUT;19/06/2023;10:50:00;165917,41;166245,20;165883,27;165951,56;1,393060277E10;419417
WINFUT;19/06/2023;10:40:00;165801,32;166060,82;165760,34;165924,24;1,24661076E10;375648
WINFUT;19/06/2023;10:30:00;165534,99;165944,73;165446,21;165801,32;1,473903733E10;444600
WINFUT;19/06/2023;10:20:00;165343,78;165739,86;165302,80;165528,16;1,267475585E10;382955
WINFUT;19/06/2023;10:10:00;165330,12;165794,49;165050,13;165350,60;2,393806534E10;723533
WINFUT;19/06/2023;10:00:00;165432,55;165507,67;165173,05;165330,12;1,544123766E10;467004
WINFUT;19/06/2023;09:50:00;165596,45;165644,25;165323,29;165425,72;8615347904,00;260298
WINFUT;19/06/2023;09:40:00;165575,96;165603,28;165377,92;165596,45;7074945314,00;213758
WINFUT;19/06/2023;09:30:00;165575,96;165671,57;165487,18;165582,79;6761467734,00;204178
WINFUT;19/06/2023;09:20:00;165473,53;165589,62;165377,92;165569,13;5608363018,00;169460
WINFUT;19/06/2023;09:10:00;165541,82;165616,94;165425,72;165480,36;5982477378,00;180705
WINFUT;19/06/2023;09:00:00;165316,46;165562,30;165029,64;165541,82;7289512088,00;220460
WINFUT;16/06/2023;17:50:00;165473,53;165534,99;165343,78;165364,26;1288404958,00;38942
WINFUT;16/06/2023;17:40:00;165562,30;165623,76;165384,75;165473,53;3670915824,00;110910
WINFUT;16/06/2023;17:30:00;165459,87;165616,94;165453,04;165562,30;3119050629,00;94213
WINFUT;16/06/2023;17:20:00;165323,29;165514,50;165316,46;165466,70;3863641615,00;116781
WINFUT;16/06/2023;17:10:00;165432,55;165480,36;165309,63;165330,12;3094491853,00;93544
WINFUT;16/06/2023;17:00:00;165391,58;165644,25;165364,26;165439,38;7230713131,00;218448
WINFUT;16/06/2023;16:50:00;165528,16;165528,16;165330,12;165391,58;6776219032,00;204799
WINFUT;16/06/2023;16:40:00;165685,23;165685,23;165439,38;165521,33;8792353584,00;265564
WINFUT;16/06/2023;16:30:00;165582,79;165794,49;165555,47;165685,23;7121700050,00;214894
WINFUT;16/06/2023;16:20:00;165726,20;165767,17;165514,50;165582,79;6298330067,00;190143
WINFUT;16/06/2023;16:10:00;165814,98;165862,78;165685,23;165733,03;5351524093,00;161426
WINFUT;16/06/2023;16:00:00;165951,56;165965,21;165739,86;165821,81;8982522080,00;270829
WINFUT;16/06/2023;15:50:00;165985,70;166040,33;165869,61;165944,73;5720145729,00;172344
WINFUT;16/06/2023;15:40:00;165951,56;166074,48;165910,58;165985,70;5793596005,00;174513
WINFUT;16/06/2023;15:30:00;165924,24;166040,33;165862,78;165951,56;7047559647,00;212328
WINFUT;16/06/2023;15:20:00;165767,17;165944,73;165760,34;165924,24;6861664882,00;206883
WINFUT;16/06/2023;15:10:00;165712,54;165787,66;165644,25;165760,34;5604324607,00;169090
WINFUT;16/06/2023;15:00:00;165951,56;165965,21;165603,28;165698,88;8454760951,00;254975
WINFUT;16/06/2023;14:50:00;166013,02;166081,31;165931,07;165951,56;3602315040,00;108505
WINFUT;16/06/2023;14:40:00;166047,16;166074,48;165978,87;166013,02;3172569788,00;95545
WINFUT;16/06/2023;14:30:00;166101,79;166101,79;165951,56;166047,16;4716211946,00;142033
WINFUT;16/06/2023;14:20:00;166033,50;166122,28;165999,36;166094,97;4251577121,00;128012
WINFUT;16/06/2023;14:10:00;165985,70;166074,48;165917,41;166033,50;5017768516,00;151140
WINFUT;16/06/2023;14:00:00;166286,18;166327,15;165951,56;165992,53;8719247244,00;262458
WINFUT;16/06/2023;13:50:00;165917,41;166340,81;165883,27;166279,35;1,031385486E10;310418
WINFUT;16/06/2023;13:40:00;165774,00;165937,90;165733,03;165924,24;5020198222,00;151335
WINFUT;16/06/2023;13:30:00;165746,69;165842,29;165671,57;165774,00;4585497823,00;138311
WINFUT;16/06/2023;13:20:00;165862,78;165896,92;165719,37;165746,69;4033145295,00;121629
WINFUT;16/06/2023;13:10:00;165821,81;165883,27;165801,32;165862,78;3227599540,00;97309
WINFUT;16/06/2023;13:00:00;165821,81;165876,44;165712,54;165821,81;4960026424,00;149587
WINFUT;16/06/2023;12:50:00;165842,29;165931,07;165774,00;165821,81;5713222001,00;172248
WINFUT;16/06/2023;12:40:00;165849,12;166006,19;165801,32;165842,29;7641844170,00;230318
WINFUT;16/06/2023;12:30:00;166108,62;166327,15;165828,63;165842,29;9767823211,00;294030
WINFUT;16/06/2023;12:20:00;166156,43;166272,52;166019,85;166115,45;7181585383,00;216142
WINFUT;16/06/2023;12:10:00;166149,60;166211,06;165903,75;166156,43;7825012201,00;235578
WINFUT;16/06/2023;12:00:00;166258,86;166279,35;166074,48;166149,60;5785054732,00;174057
WINFUT;16/06/2023;11:50:00;166156,43;166327,15;166101,79;166252,03;8392252069,00;252456
WINFUT;16/06/2023;11:40:00;166204,23;166272,52;166033,50;166156,43;8366885770,00;251788
WINFUT;16/06/2023;11:30:00;166156,43;166361,30;166081,31;166211,06;9587695123,00;288411
WINFUT;16/06/2023;11:20:00;166286,18;166320,32;165978,87;166149,60;1,21299689E10;365034
WINFUT;16/06/2023;11:10:00;166593,48;166627,63;166265,69;166286,18;1,213248349E10;364455
WINFUT;16/06/2023;11:00:00;166067,65;166716,41;166053,99;166593,48;2,30339264E10;691949
WINFUT;16/06/2023;10:50:00;165610,11;166081,31;165534,99;166053,99;1,48749043E10;448403
WINFUT;16/06/2023;10:40:00;165760,34;165808,15;165500,84;165610,11;1,264693753E10;381704
WINFUT;16/06/2023;10:30:00;165384,75;165780,83;165138,91;165760,34;1,708215898E10;516360
WINFUT;16/06/2023;10:20:00;165364,26;165876,44;165357,43;165384,75;1,713308444E10;517189
WINFUT;16/06/2023;10:10:00;165371,09;165405,24;164934,04;165364,26;1,647937655E10;498787
WINFUT;16/06/2023;10:00:00;165418,89;165603,28;165268,66;165371,09;1,224016375E10;369970
WINFUT;16/06/2023;09:50:00;165678,40;165685,23;165289,14;165412,07;1,107312984E10;334672
WINFUT;16/06/2023;09:40:00;165603,28;165739,86;165507,67;165685,23;7351072456,00;221903
WINFUT;16/06/2023;09:30:00;165876,44;165883,27;165548,65;165603,28;9478110441,00;286065
WINFUT;16/06/2023;09:20:00;165814,98;165910,58;165746,69;165876,44;4851351352,00;146277
WINFUT;16/06/2023;09:10:00;165896,92;166026,68;165733,03;165821,81;9387860017,00;282969
WINFUT;16/06/2023;09:00:00;166422,76;166518,36;165883,27;165890,10;1,002685339E10;301677
WINFUT;15/06/2023;17:50:00;166252,03;166429,59;166176,91;166429,59;1095315347,00;32934
WINFUT;15/06/2023;17:40:00;166436,42;166443,25;166238,38;166245,20;2728196756,00;81993
WINFUT;15/06/2023;17:30:00;166422,76;166497,88;166347,64;166443,25;3062827873,00;92020
WINFUT;15/06/2023;17:20:00;166258,86;166443,25;166122,28;166415,93;5750016583,00;172877
WINFUT;15/06/2023;17:10:00;166320,32;166409,10;166170,09;166258,86;4971398176,00;149474
WINFUT;15/06/2023;17:00:00;166538,85;166552,51;166286,18;166327,15;5383295375,00;161782
WINFUT;15/06/2023;16:50:00;166327,15;166538,85;166313,49;166538,85;6056060922,00;181947
WINFUT;15/06/2023;16:40:00;166333,98;166443,25;166299,84;166327,15;5577508305,00;167625
WINFUT;15/06/2023;16:30:00;166552,51;166566,17;166238,38;166333,98;9133622796,00;274512
WINFUT;15/06/2023;16:20:00;166593,48;166641,29;166504,71;166559,34;4021001361,00;120697
WINFUT;15/06/2023;16:10:00;166593,48;166675,43;166525,19;166600,31;5391969230,00;161834
WINFUT;15/06/2023;16:00:00;166600,31;166661,77;166504,71;166600,31;6119210240,00;183699
WINFUT;15/06/2023;15:50:00;166620,80;166730,06;166579,83;166600,31;4838702603,00;145182
WINFUT;15/06/2023;15:40:00;166689,09;166702,75;166518,36;166627,63;7487729979,00;224728
WINFUT;15/06/2023;15:30:00;166470,56;166852,99;166436,42;166689,09;1,440277895E10;432030
WINFUT;15/06/2023;15:20:00;166094,97;166491,05;166074,48;166470,56;9941275595,00;298910
WINFUT;15/06/2023;15:10:00;165951,56;166129,11;165937,90;166088,14;4589389708,00;138198
WINFUT;15/06/2023;15:00:00;166040,33;166115,45;165924,24;165951,56;5204364480,00;156734
WINFUT;15/06/2023;14:50:00;166122,28;166142,77;166026,68;166040,33;3488540711,00;105028
WINFUT;15/06/2023;14:40:00;166033,50;166129,11;165937,90;166122,28;5106712138,00;153799
WINFUT;15/06/2023;14:30:00;165978,87;166176,91;165903,75;166033,50;7499145261,00;225827
WINFUT;15/06/2023;14:20:00;165978,87;166108,62;165896,92;165978,87;7837424304,00;236063
WINFUT;15/06/2023;14:10:00;165746,69;166006,19;165671,57;165972,04;7608884500,00;229368
WINFUT;15/06/2023;14:00:00;165992,53;165992,53;165528,16;165746,69;1,172819381E10;353856
WINFUT;15/06/2023;13:50:00;166006,19;166053,99;165828,63;165999,36;7734770584,00;233068
WINFUT;15/06/2023;13:40:00;166197,40;166368,13;165951,56;166013,02;8562832508,00;257698
WINFUT;15/06/2023;13:30:00;166190,57;166306,67;166074,48;166197,40;7563509300,00;227544
WINFUT;15/06/2023;13:20:00;166190,57;166231,55;165985,70;166190,57;6300452775,00;189639
WINFUT;15/06/2023;13:10:00;166211,06;166258,86;166033,50;166183,74;6856310138,00;206345
WINFUT;15/06/2023;13:00:00;166190,57;166279,35;166129,11;166204,23;4797467445,00;144322
WINFUT;15/06/2023;12:50:00;166320,32;166422,76;166122,28;166190,57;6298038066,00;189395
WINFUT;15/06/2023;12:40:00;166450,07;166532,02;166313,49;166327,15;7457784766,00;224051
WINFUT;15/06/2023;12:30:00;166682,26;166716,41;166272,52;166443,25;1,078841973E10;324096
WINFUT;15/06/2023;12:20:00;166586,65;166695,92;166545,68;166682,26;5307563672,00;159275
WINFUT;15/06/2023;12:10:00;165910,58;166750,55;165835,46;166586,65;1,551328918E10;466255
WINFUT;15/06/2023;12:00:00;166552,51;166607,14;165787,66;165910,58;1,315241643E10;395451
WINFUT;15/06/2023;11:50:00;166777,87;166784,70;166538,85;166559,34;8090216954,00;242715
WINFUT;15/06/2023;11:40:00;166648,12;166852,99;166620,80;166777,87;6777951974,00;203232
WINFUT;15/06/2023;11:30:00;166812,01;166846,16;166634,46;166648,12;6158578583,00;184662
WINFUT;15/06/2023;11:20:00;166832,50;166880,30;166682,26;166818,84;7333538232,00;219840
WINFUT;15/06/2023;11:10:00;166613,97;166975,91;166613,97;166832,50;1,514997611E10;454044
WINFUT;15/06/2023;11:00:00;166183,74;166682,26;166108,62;166613,97;1,368543387E10;411164
WINFUT;15/06/2023;10:50:00;166648,12;166723,23;166094,97;166183,74;1,397075122E10;419781
WINFUT;15/06/2023;10:40:00;166443,25;166791,52;166354,47;166648,12;1,405748149E10;421948
WINFUT;15/06/2023;10:30:00;166429,59;166798,35;166340,81;166450,07;1,897241399E10;569550
WINFUT;15/06/2023;10:20:00;165801,32;166579,83;165780,83;166429,59;2,064026078E10;620966
WINFUT;15/06/2023;10:10:00;165487,18;165931,07;165453,04;165794,49;1,241594253E10;374618
WINFUT;15/06/2023;10:00:00;165719,37;165999,36;165473,53;165480,36;1,454386411E10;438688
WINFUT;15/06/2023;09:50:00;165890,10;165890,10;165603,28;165719,37;7895454145,00;238182
WINFUT;15/06/2023;09:40:00;165603,28;165917,41;165323,29;165890,10;1,248426776E10;377033
WINFUT;15/06/2023;09:30:00;165528,16;165890,10;165439,38;165603,28;1,315127284E10;396841
WINFUT;15/06/2023;09:20:00;165610,11;165637,42;165405,24;165534,99;4973068862,00;150232
WINFUT;15/06/2023;09:10:00;165412,07;165698,88;165371,09;165616,94;6267009864,00;189288
WINFUT;15/06/2023;09:00:00;165056,96;165903,75;165029,64;165418,89;1,334647845E10;403048
WINFUT;14/06/2023;17:50:00;165821,81;165924,24;165712,54;165712,54;1368519268,00;41266
WINFUT;14/06/2023;17:40:00;165910,58;166026,68;165794,49;165814,98;2878403256,00;86734
WINFUT;14/06/2023;17:30:00;165835,46;165944,73;165808,15;165910,58;2367974226,00;71376
WINFUT;14/06/2023;17:20:00;165876,44;165944,73;165801,32;165842,29;2517621475,00;75892
WINFUT;14/06/2023;17:10:00;166183,74;166286,18;165637,42;165876,44;8716892312,00;262646
WINFUT;14/06/2023;17:00:00;165774,00;166211,06;165753,52;166176,91;8394522205,00;252791
WINFUT;14/06/2023;16:50:00;165514,50;165780,83;165282,31;165774,00;1,051951508E10;317803
WINFUT;14/06/2023;16:40:00;166060,82;166279,35;165514,50;165521,33;1,209364489E10;364483
WINFUT;14/06/2023;16:30:00;165309,63;166190,57;165159,39;166053,99;1,62151182E10;489414
WINFUT;14/06/2023;16:20:00;164456,01;166026,68;164415,03;165309,63;2,284149388E10;690894
WINFUT;14/06/2023;16:10:00;164729,17;164783,80;164278,45;164456,01;1,038148083E10;315538
WINFUT;14/06/2023;16:00:00;164783,80;164968,18;164592,59;164722,34;1,040586389E10;315753
WINFUT;14/06/2023;15:50:00;165104,76;165220,85;164742,82;164783,80;1,273103075E10;385800
WINFUT;14/06/2023;15:40:00;164380,89;165132,08;164380,89;165104,76;1,817025002E10;551210
WINFUT;14/06/2023;15:30:00;164155,53;164599,41;163964,32;164380,89;1,341560344E10;408267
WINFUT;14/06/2023;15:20:00;164087,24;164346,74;163902,86;164155,53;1,07781383E10;328382
WINFUT;14/06/2023;15:10:00;164135,04;164592,59;163957,49;164087,24;1,541932804E10;469351
WINFUT;14/06/2023;15:00:00;165166,22;165261,83;163711,64;164141,87;2,771732363E10;842756
WINFUT;14/06/2023;14:50:00;165494,01;165521,33;165138,91;165166,22;8833964418,00;267173
WINFUT;14/06/2023;14:40:00;165569,13;165630,59;165343,78;165494,01;6618037226,00;199978
WINFUT;14/06/2023;14:30:00;165432,55;165664,74;165405,24;165569,13;6857646302,00;207105
WINFUT;14/06/2023;14:20:00;165664,74;165712,54;165350,60;165439,38;1,101818546E10;332827
WINFUT;14/06/2023;14:10:00;165978,87;166163,26;165603,28;165664,74;1,224695782E10;369047
WINFUT;14/06/2023;14:00:00;165637,42;166101,79;165616,94;165978,87;1,265209567E10;381283
WINFUT;14/06/2023;13:50:00;165828,63;165869,61;165596,45;165637,42;7177910236,00;216594
WINFUT;14/06/2023;13:40:00;165692,05;165903,75;165582,79;165835,46;7905277294,00;238458
WINFUT;14/06/2023;13:30:00;165651,08;165774,00;165534,99;165685,23;6340686334,00;191396
WINFUT;14/06/2023;13:20:00;165616,94;165842,29;165494,01;165657,91;1,272596432E10;384123
WINFUT;14/06/2023;13:10:00;165070,62;165657,91;165063,79;165616,94;9077343066,00;274529
WINFUT;14/06/2023;13:00:00;165186,71;165275,49;164988,67;165070,62;7886972007,00;238832
WINFUT;14/06/2023;12:50:00;165473,53;165521,33;165166,22;165179,88;6399909622,00;193536
WINFUT;14/06/2023;12:40:00;165063,79;165582,79;165022,81;165473,53;9756546588,00;295048
WINFUT;14/06/2023;12:30:00;165459,87;165473,53;165050,13;165063,79;7278141704,00;220151
WINFUT;14/06/2023;12:20:00;165391,58;165555,47;165343,78;165459,87;9274436313,00;280270
WINFUT;14/06/2023;12:10:00;165295,97;165480,36;165207,20;165384,75;6448005919,00;195007
WINFUT;14/06/2023;12:00:00;165118,42;165384,75;165050,13;165295,97;1,059463244E10;320573
WINFUT;14/06/2023;11:50:00;165104,76;165207,20;164913,55;165118,42;8571479199,00;259642
WINFUT;14/06/2023;11:40:00;165036,47;165173,05;165009,15;165104,76;7034759544,00;213071
WINFUT;14/06/2023;11:30:00;164852,09;165241,34;164688,19;165036,47;1,256054158E10;380712
WINFUT;14/06/2023;11:20:00;164947,69;165179,88;164735,99;164852,09;1,229035081E10;372546
WINFUT;14/06/2023;11:10:00;164906,72;165084,27;164797,46;164947,69;9307341137,00;282095
WINFUT;14/06/2023;11:00:00;164906,72;164981,84;164654,05;164913,55;1,223942685E10;371328
WINFUT;14/06/2023;10:50:00;164797,46;165056,96;164776,97;164899,89;9814710548,00;297578
WINFUT;14/06/2023;10:40:00;164544,78;165118,42;164442,35;164804,28;1,842016154E10;558949
WINFUT;14/06/2023;10:30:00;163861,88;164558,44;163820,91;164537,95;1,660947223E10;505795
WINFUT;14/06/2023;10:20:00;164135,04;164374,06;163779,93;163861,88;1,401121861E10;426924
WINFUT;14/06/2023;10:10:00;163650,18;164257,96;163568,24;164135,04;1,722473284E10;525131
WINFUT;14/06/2023;10:00:00;163465,80;163889,20;163465,80;163643,35;1,174005256E10;358574
WINFUT;14/06/2023;09:50:00;163479,46;163684,33;163424,83;163458,97;8032115034,00;245573
WINFUT;14/06/2023;09:40:00;164025,78;164032,61;163411,17;163479,46;1,205077617E10;368079
WINFUT;14/06/2023;09:30:00;163766,28;164073,58;163691,16;164025,78;8115540769,00;247601
WINFUT;14/06/2023;09:20:00;164066,75;164073,58;163738,96;163773,11;7245803934,00;221067
WINFUT;14/06/2023;09:10:00;163902,86;164182,85;163841,40;164073,58;8536573678,00;260238
WINFUT;14/06/2023;09:00:00;163759,45;163957,49;163622,87;163902,86;7986782393,00;243817
WINFUT;13/06/2023;17:50:00;162845,50;163172,68;162824,62;163144,84;1441986780,00;44231
WINFUT;13/06/2023;17:40:00;162852,46;162949,92;162775,89;162838,54;3057068714,00;93858
WINFUT;13/06/2023;17:30:00;162706,28;162859,42;162706,28;162852,46;2189630576,00;67262
WINFUT;13/06/2023;17:20:00;162636,66;162887,27;162629,70;162699,31;5098420940,00;156617
WINFUT;13/06/2023;17:10:00;162692,35;162692,35;162546,17;162629,70;2883239554,00;88654
WINFUT;13/06/2023;17:00:00;162685,39;162761,97;162615,78;162692,35;3932595839,00;120863
WINFUT;13/06/2023;16:50:00;162497,44;162727,16;162420,86;162678,43;6162089333,00;189509
WINFUT;13/06/2023;16:40:00;162629,70;162650,59;162462,63;162490,48;5488018756,00;168822
WINFUT;13/06/2023;16:30:00;162406,94;162713,24;162399,98;162622,74;7884865598,00;242456
WINFUT;13/06/2023;16:20:00;162358,21;162525,28;162358,21;162399,98;4944070925,00;152176
WINFUT;13/06/2023;16:10:00;162413,90;162504,40;162330,37;162358,21;5434013360,00;167285
WINFUT;13/06/2023;16:00:00;162469,59;162539,21;162344,29;162413,90;5837796532,00;179682
WINFUT;13/06/2023;15:50:00;162330,37;162518,32;162323,41;162476,55;5919850487,00;182215
WINFUT;13/06/2023;15:40:00;162476,55;162539,21;162093,68;162330,37;1,124784779E10;346517
WINFUT;13/06/2023;15:30:00;162587,93;162699,31;162309,48;162483,51;1,098970247E10;338222
WINFUT;13/06/2023;15:20:00;162782,85;162880,31;162448,71;162580,97;8383149461,00;257607
WINFUT;13/06/2023;15:10:00;162929,04;162942,96;162678,43;162789,81;8033989187,00;246735
WINFUT;13/06/2023;15:00:00;162901,19;163277,10;162859,42;162936,00;1,092689291E10;335092
WINFUT;13/06/2023;14:50:00;162859,42;162977,77;162782,85;162901,19;7161113251,00;219824
WINFUT;13/06/2023;14:40:00;162685,39;162894,23;162567,05;162859,42;7476603824,00;229698
WINFUT;13/06/2023;14:30:00;163068,26;163075,22;162483,51;162678,43;1,245003108E10;382492
WINFUT;13/06/2023;14:20:00;163130,91;163137,88;162984,73;163068,26;4247723406,00;130246
WINFUT;13/06/2023;14:10:00;163068,26;163165,72;163019,53;163130,91;4807578916,00;147390
WINFUT;13/06/2023;14:00:00;162963,84;163256,22;162936,00;163061,30;9005540874,00;276033
WINFUT;13/06/2023;13:50:00;162970,81;163068,26;162901,19;162963,84;5970956094,00;183183
WINFUT;13/06/2023;13:40:00;163096,11;163116,99;162713,24;162970,81;1,18036273E10;362271
WINFUT;13/06/2023;13:30:00;163256,22;163263,18;163089,15;163089,15;5245988217,00;160757
WINFUT;13/06/2023;13:20:00;163172,68;163304,95;163172,68;163256,22;5162391766,00;158121
WINFUT;13/06/2023;13:10:00;163228,37;163291,02;163116,99;163179,64;4382000229,00;134245
WINFUT;13/06/2023;13:00:00;163103,07;163325,83;163033,46;163228,37;6854287506,00;209977
WINFUT;13/06/2023;12:50:00;163284,06;163374,56;163089,15;163103,07;7727242961,00;236681
WINFUT;13/06/2023;12:40:00;163249,26;163311,91;163061,30;163291,02;7754734995,00;237607
WINFUT;13/06/2023;12:30:00;163701,74;163729,59;163179,64;163249,26;1,021840642E10;312707
WINFUT;13/06/2023;12:20:00;163701,74;163854,89;163618,21;163701,74;6615938661,00;202052
WINFUT;13/06/2023;12:10:00;163437,21;163799,20;163430,25;163694,78;8867940472,00;270910
WINFUT;13/06/2023;12:00:00;163778,32;163778,32;163367,60;163444,17;9076676879,00;277417
WINFUT;13/06/2023;11:50:00;163792,24;163945,39;163639,09;163785,28;9606491866,00;293285
WINFUT;13/06/2023;11:40:00;163611,24;163847,93;163597,32;163799,20;7561978935,00;230927
WINFUT;13/06/2023;11:30:00;163687,82;163722,62;163465,06;163611,24;7850279594,00;239953
WINFUT;13/06/2023;11:20:00;163249,26;163827,04;163186,61;163680,86;1,411610855E10;431500
WINFUT;13/06/2023;11:10:00;163653,01;163666,93;162970,81;163249,26;2,004098003E10;613796
WINFUT;13/06/2023;11:00:00;163590,36;163799,20;163520,75;163653,01;1,363837596E10;416646
WINFUT;13/06/2023;10:50:00;163847,93;164084,61;163506,82;163590,36;1,459389582E10;445374
WINFUT;13/06/2023;10:40:00;163945,39;164286,49;163708,70;163847,93;1,897511245E10;578389
WINFUT;13/06/2023;10:30:00;163924,50;164147,26;163736,55;163945,39;1,666598474E10;508313
WINFUT;13/06/2023;10:20:00;164056,77;164168,15;163875,77;163917,54;1,115869556E10;340174
WINFUT;13/06/2023;10:10:00;164084,61;164202,95;163924,50;164049,81;1,031289191E10;314319
WINFUT;13/06/2023;10:00:00;164495,33;164585,82;164028,92;164091,57;1,506221959E10;458258
WINFUT;13/06/2023;09:50:00;164230,80;164523,17;164070,69;164488,37;1,231004514E10;374722
WINFUT;13/06/2023;09:40:00;163813,12;164286,49;163799,20;164237,76;1,149318421E10;350249
WINFUT;13/06/2023;09:30:00;163820,08;164356,10;163492,90;163806,16;1,661489184E10;506574
WINFUT;13/06/2023;09:20:00;163743,51;163973,23;163562,52;163820,08;8197474200,00;250339
WINFUT;13/06/2023;09:10:00;163847,93;163854,89;163639,09;163743,51;7558320336,00;230803
WINFUT;13/06/2023;09:00:00;164216,88;164244,72;163743,51;163840,97;9014765585,00;274959
WINFUT;12/06/2023;17:50:00;163882,73;164042,84;163868,81;163994,12;1157646461,00;35303
WINFUT;12/06/2023;17:40:00;163847,93;163938,42;163778,32;163875,77;2347668258,00;71643
WINFUT;12/06/2023;17:30:00;163840,97;163868,81;163736,55;163840,97;3274678543,00;99959
WINFUT;12/06/2023;17:20:00;163875,77;164008,04;163813,12;163840,97;4316390895,00;131675
WINFUT;12/06/2023;17:10:00;163492,90;163903,62;163485,94;163875,77;6621196605,00;202219
WINFUT;12/06/2023;17:00:00;163715,66;163813,12;163444,17;163492,90;7500950593,00;229186
WINFUT;12/06/2023;16:50:00;163743,51;163750,47;163569,48;163708,70;5530684894,00;168969
WINFUT;12/06/2023;16:40:00;163875,77;163917,54;163680,86;163736,55;5103057709,00;155770
WINFUT;12/06/2023;16:30:00;163708,70;163924,50;163708,70;163868,81;6693312742,00;204274
WINFUT;12/06/2023;16:20:00;163666,93;163729,59;163590,36;163708,70;5470746342,00;167136
WINFUT;12/06/2023;16:10:00;163687,82;163840,97;163625,17;163666,93;7811278093,00;238562
WINFUT;12/06/2023;16:00:00;163562,52;163729,59;163527,71;163694,78;5055977375,00;154474
WINFUT;12/06/2023;15:50:00;163541,63;163750,47;163485,94;163569,48;8779996553,00;268343
WINFUT;12/06/2023;15:40:00;163395,44;163590,36;163360,64;163541,63;5578195513,00;170610
WINFUT;12/06/2023;15:30:00;163416,33;163520,75;163367,60;163388,48;5835870941,00;178519
WINFUT;12/06/2023;15:20:00;163478,98;163687,82;163402,41;163416,33;8517607713,00;260397
WINFUT;12/06/2023;15:10:00;163506,82;163555,55;163423,29;163478,98;4488305038,00;137271
WINFUT;12/06/2023;15:00:00;163437,21;163506,82;163339,75;163506,82;4739578737,00;145012
WINFUT;12/06/2023;14:50:00;163416,33;163520,75;163353,68;163444,17;5700509774,00;174386
WINFUT;12/06/2023;14:40:00;163374,56;163492,90;163291,02;163409,37;6036859876,00;184722
WINFUT;12/06/2023;14:30:00;163527,71;163562,52;163318,87;163374,56;5762211820,00;176294
WINFUT;12/06/2023;14:20:00;163562,52;163597,32;163465,06;163527,71;4376606228,00;133822
WINFUT;12/06/2023;14:10:00;163555,55;163625,17;163520,75;163562,52;4793962163,00;146537
WINFUT;12/06/2023;14:00:00;163520,75;163590,36;163388,48;163548,59;6074217967,00;185774
WINFUT;12/06/2023;13:50:00;163590,36;163618,21;163485,94;163527,71;3879818130,00;118610
WINFUT;12/06/2023;13:40:00;163527,71;163625,17;163499,86;163590,36;3932605044,00;120213
WINFUT;12/06/2023;13:30:00;163437,21;163583,40;163374,56;163527,71;5682283700,00;173794
WINFUT;12/06/2023;13:20:00;163611,24;163625,17;163409,37;163437,21;6735983872,00;205979
WINFUT;12/06/2023;13:10:00;163562,52;163715,66;163534,67;163604,28;4586743690,00;140149
WINFUT;12/06/2023;13:00:00;163694,78;163715,66;163527,71;163555,55;6458465101,00;197344
WINFUT;12/06/2023;12:50:00;163757,43;163827,04;163694,78;163694,78;3735154563,00;114041
WINFUT;12/06/2023;12:40:00;163715,66;163889,70;163708,70;163757,43;5885159000,00;179642
WINFUT;12/06/2023;12:30:00;164112,46;164161,19;163666,93;163715,66;1,026942962E10;313267
WINFUT;12/06/2023;12:20:00;163973,23;164140,30;163840,97;164119,42;8753732236,00;266923
WINFUT;12/06/2023;12:10:00;163687,82;164202,95;163666,93;163973,23;1,375511336E10;419399
WINFUT;12/06/2023;12:00:00;163701,74;163854,89;163569,48;163694,78;1,050174019E10;320723
WINFUT;12/06/2023;11:50:00;163694,78;163764,39;163506,82;163701,74;9250309383,00;282626
WINFUT;12/06/2023;11:40:00;163297,99;163792,24;163284,06;163701,74;1,822889896E10;557169
WINFUT;12/06/2023;11:30:00;163144,84;163346,71;163082,19;163297,99;7524116948,00;230505
WINFUT;12/06/2023;11:20:00;163263,18;163318,87;163082,19;163144,84;7212651089,00;220983
WINFUT;12/06/2023;11:10:00;163172,68;163360,64;163047,38;163263,18;1,287863353E10;394564
WINFUT;12/06/2023;11:00:00;163061,30;163284,06;162991,69;163179,64;1,167120598E10;357735
WINFUT;12/06/2023;10:50:00;162956,88;163242,30;162838,54;163054,34;1,451556013E10;445208
WINFUT;12/06/2023;10:40:00;162713,24;163040,42;162636,66;162963,84;1,483633063E10;455479
WINFUT;12/06/2023;10:30:00;163012,57;163256,22;162671,47;162720,20;1,819490413E10;558225
WINFUT;12/06/2023;10:20:00;163110,03;163513,79;162970,81;163005,61;1,685637474E10;516439
WINFUT;12/06/2023;10:10:00;163402,41;163527,71;163005,61;163110,03;1,86276984E10;570439
WINFUT;12/06/2023;10:00:00;163708,70;163722,62;163297,99;163409,37;1,59636414E10;488205
WINFUT;12/06/2023;09:50:00;163813,12;163889,70;163632,13;163708,70;9810673820,00;299562
WINFUT;12/06/2023;09:40:00;164182,07;164182,07;163778,32;163813,12;9826197672,00;299575
WINFUT;12/06/2023;09:30:00;164021,96;164342,18;164021,96;164175,11;9246196886,00;281519
WINFUT;12/06/2023;09:20:00;164161,19;164223,84;163924,50;164015,00;8769046860,00;267227
WINFUT;12/06/2023;09:10:00;164015,00;164307,37;163994,12;164161,19;1,254983179E10;382254
WINFUT;12/06/2023;09:00:00;163520,75;164035,88;163256,22;164021,96;1,285737023E10;392504
WINFUT;09/06/2023;17:50:00;163005,61;163277,10;162845,50;163096,11;1748267931,00;53608
WINFUT;09/06/2023;17:40:00;163374,56;163374,56;162970,81;163012,57;3632995140,00;111268
WINFUT;09/06/2023;17:30:00;163214,45;163374,56;163186,61;163374,56;2941346809,00;90070
WINFUT;09/06/2023;17:20:00;163172,68;163263,18;163165,72;163214,45;1861218195,00;57014
WINFUT;09/06/2023;17:10:00;163256,22;163277,10;163103,07;163165,72;3508147244,00;107484
WINFUT;09/06/2023;17:00:00;163367,60;163395,44;163158,76;163263,18;5277295369,00;161615
WINFUT;09/06/2023;16:50:00;163249,26;163395,44;163165,72;163367,60;5531339161,00;169394
WINFUT;09/06/2023;16:40:00;163130,91;163297,99;163047,38;163249,26;4891264940,00;149895
WINFUT;09/06/2023;16:30:00;162998,65;163297,99;162991,69;163137,88;1,007422124E10;308778
WINFUT;09/06/2023;16:20:00;163040,42;163054,34;162880,31;162998,65;5780820996,00;177373
WINFUT;09/06/2023;16:10:00;163082,19;163103,07;162998,65;163033,46;3567263018,00;109389
WINFUT;09/06/2023;16:00:00;163089,15;163151,80;162984,73;163082,19;4931059101,00;151188
WINFUT;09/06/2023;15:50:00;162936,00;163165,72;162859,42;163096,11;7418657551,00;227513
WINFUT;09/06/2023;15:40:00;162894,23;162998,65;162803,73;162942,96;8481411710,00;260311
WINFUT;09/06/2023;15:30:00;163249,26;163325,83;162852,46;162887,27;7486662231,00;229426
WINFUT;09/06/2023;15:20:00;163395,44;163409,37;163228,37;163249,26;4335262649,00;132717
WINFUT;09/06/2023;15:10:00;163402,41;163465,06;163304,95;163388,48;4920956566,00;150598
WINFUT;09/06/2023;15:00:00;163367,60;163492,90;163339,75;163409,37;5875556832,00;179773
WINFUT;09/06/2023;14:50:00;163409,37;163416,33;163249,26;163367,60;5809346881,00;177856
WINFUT;09/06/2023;14:40:00;163325,83;163458,10;163263,18;163416,33;6321550838,00;193490
WINFUT;09/06/2023;14:30:00;163367,60;163451,13;163311,91;163325,83;5539652195,00;169536
WINFUT;09/06/2023;14:20:00;163639,09;163680,86;163284,06;163367,60;8627314769,00;263931
WINFUT;09/06/2023;14:10:00;163653,01;163722,62;163611,24;163639,09;3536800594,00;108052
WINFUT;09/06/2023;14:00:00;163611,24;163792,24;163604,28;163653,01;5850139758,00;178695
WINFUT;09/06/2023;13:50:00;163618,21;163646,05;163541,63;163611,24;3473322060,00;106155
WINFUT;09/06/2023;13:40:00;163625,17;163680,86;163555,55;163618,21;3992830847,00;122015
WINFUT;09/06/2023;13:30:00;163666,93;163771,35;163520,75;163625,17;5970984028,00;182438
WINFUT;09/06/2023;13:20:00;164021,96;164042,84;163659,97;163666,93;7795161428,00;237839
WINFUT;09/06/2023;13:10:00;163666,93;164049,81;163618,21;164015,00;7602133272,00;231978
WINFUT;09/06/2023;13:00:00;163701,74;163757,43;163562,52;163659,97;5571576121,00;170232
WINFUT;09/06/2023;12:50:00;163618,21;163896,66;163597,32;163708,70;6314787290,00;192821
WINFUT;09/06/2023;12:40:00;163764,39;163847,93;163569,48;163611,24;5943042900,00;181495
WINFUT;09/06/2023;12:30:00;163653,01;163799,20;163451,13;163764,39;7394745483,00;226000
WINFUT;09/06/2023;12:20:00;163646,05;163764,39;163465,06;163646,05;8107035578,00;247764
WINFUT;09/06/2023;12:10:00;163680,86;163708,70;163569,48;163646,05;5627125929,00;171935
WINFUT;09/06/2023;12:00:00;163625,17;163715,66;163409,37;163687,82;8907318992,00;272318
WINFUT;09/06/2023;11:50:00;163625,17;163708,70;163311,91;163625,17;1,240459492E10;379304
WINFUT;09/06/2023;11:40:00;163743,51;163903,62;163618,21;163625,17;9451897030,00;288584
WINFUT;09/06/2023;11:30:00;163917,54;163917,54;163576,44;163736,55;1,26246614E10;385518
WINFUT;09/06/2023;11:20:00;163465,06;164063,73;163409,37;163917,54;2,114744905E10;645865
WINFUT;09/06/2023;11:10:00;163144,84;163478,98;163047,38;163465,06;1,4148883E10;433218
WINFUT;09/06/2023;11:00:00;162685,39;163242,30;162643,62;163144,84;1,808466567E10;554694
WINFUT;09/06/2023;10:50:00;162560,09;162775,89;162455,67;162685,39;9023504934,00;277454
WINFUT;09/06/2023;10:40:00;162525,28;162748,04;162413,90;162553,13;1,172341622E10;360593
WINFUT;09/06/2023;10:30:00;162413,90;162608,82;162260,75;162518,32;1,547451866E10;476353
WINFUT;09/06/2023;10:20:00;162490,48;162650,59;162323,41;162420,86;1,034970999E10;318506
WINFUT;09/06/2023;10:10:00;162650,59;162768,93;162365,17;162497,44;1,242838649E10;382194
WINFUT;09/06/2023;10:00:00;162615,78;162845,50;162427,82;162650,59;1,449941998E10;445862
WINFUT;09/06/2023;09:50:00;162852,46;162894,23;162560,09;162622,74;1,039823262E10;319561
WINFUT;09/06/2023;09:40:00;162859,42;163096,11;162824,62;162852,46;8921715820,00;273723
WINFUT;09/06/2023;09:30:00;162894,23;163061,30;162782,85;162852,46;1,038774864E10;318779
WINFUT;09/06/2023;09:20:00;162810,70;162991,69;162650,59;162894,23;1,044191453E10;320690
WINFUT;09/06/2023;09:10:00;162622,74;162922,08;162546,17;162810,70;9249045409,00;284196
WINFUT;09/06/2023;09:00:00;162003,19;162643,62;161975,34;162622,74;1,09103407E10;336102
WINFUT;07/06/2023;17:50:00;161376,67;161752,58;161341,86;161620,31;2154882080,00;66719
WINFUT;07/06/2023;17:40:00;161272,25;161425,40;161237,44;161383,63;2727890359,00;84542
WINFUT;07/06/2023;17:30:00;161265,29;161362,75;161202,64;161265,29;2578231676,00;79927
WINFUT;07/06/2023;17:20:00;161223,52;161293,13;161195,68;161258,33;1616972044,00;50140
WINFUT;07/06/2023;17:10:00;161320,98;161411,48;161174,79;161223,52;4149432968,00;128636
WINFUT;07/06/2023;17:00:00;161237,44;161355,79;161153,91;161314,02;5601242753,00;173688
WINFUT;07/06/2023;16:50:00;161153,91;161293,13;160986,84;161237,44;8632086321,00;267800
WINFUT;07/06/2023;16:40:00;161105,18;161202,64;160917,22;161153,91;7276596489,00;225931
WINFUT;07/06/2023;16:30:00;160840,65;161153,91;160833,69;161098,22;7361885960,00;228574
WINFUT;07/06/2023;16:20:00;160986,84;161014,68;160819,77;160840,65;4656592095,00;144712
WINFUT;07/06/2023;16:10:00;160910,26;161028,60;160833,69;160993,80;5342348243,00;165988
WINFUT;07/06/2023;16:00:00;160938,11;160993,80;160854,57;160910,26;4027615836,00;125144
WINFUT;07/06/2023;15:50:00;160833,69;161105,18;160784,96;160938,11;6618251290,00;205598
WINFUT;07/06/2023;15:40:00;160833,69;160958,99;160743,19;160833,69;6591263306,00;204899
WINFUT;07/06/2023;15:30:00;161035,57;161056,45;160771,04;160826,73;6385793748,00;198418
WINFUT;07/06/2023;15:20:00;160889,38;161223,52;160833,69;161028,60;1,146083928E10;355834
WINFUT;07/06/2023;15:10:00;160757,11;160917,22;160673,58;160882,42;7630898178,00;237301
WINFUT;07/06/2023;15:00:00;160360,32;160798,88;160360,32;160750,15;1,208963901E10;376273
WINFUT;07/06/2023;14:50:00;160360,32;160402,09;160228,06;160360,32;5433365415,00;169471
WINFUT;07/06/2023;14:40:00;160186,29;160450,82;160123,64;160360,32;8803262798,00;274574
WINFUT;07/06/2023;14:30:00;160248,94;160276,79;160137,56;160186,29;5599814177,00;174758
WINFUT;07/06/2023;14:20:00;160179,33;160325,51;159977,45;160248,94;8926303512,00;278693
WINFUT;07/06/2023;14:10:00;160443,86;160464,74;159928,72;160172,37;1,412916944E10;441076
WINFUT;07/06/2023;14:00:00;160694,46;160771,04;160353,36;160443,86;9163373733,00;285423
WINFUT;07/06/2023;13:50:00;160736,23;160771,04;160569,16;160687,50;6611882875,00;205763
WINFUT;07/06/2023;13:40:00;160924,19;161014,68;160666,62;160729,27;7031136701,00;218533
WINFUT;07/06/2023;13:30:00;160798,88;160931,15;160659,66;160924,19;6062860526,00;188549
WINFUT;07/06/2023;13:20:00;160931,15;160952,03;160708,39;160805,84;5190352153,00;161362
WINFUT;07/06/2023;13:10:00;160805,84;160972,91;160791,92;160931,15;3715330386,00;115473
WINFUT;07/06/2023;13:00:00;160784,96;160896,34;160708,39;160812,80;6669776610,00;207370
WINFUT;07/06/2023;12:50:00;161133,02;161153,91;160736,23;160784,96;8644612265,00;268619
WINFUT;07/06/2023;12:40:00;161237,44;161307,06;161000,76;161133,02;7427406941,00;230469
WINFUT;07/06/2023;12:30:00;161362,75;161474,13;161188,71;161244,40;8909686935,00;276057
WINFUT;07/06/2023;12:20:00;160875,46;161488,05;160840,65;161362,75;1,235900627E10;383354
WINFUT;07/06/2023;12:10:00;160986,84;161160,87;160847,61;160875,46;9453389266,00;293588
WINFUT;07/06/2023;12:00:00;160875,46;161049,49;160778,00;160986,84;7706791949,00;239482
WINFUT;07/06/2023;11:50:00;160694,46;160952,03;160687,50;160868,50;7944643694,00;246980
WINFUT;07/06/2023;11:40:00;160819,77;160965,95;160610,93;160701,42;1,194947694E10;371636
WINFUT;07/06/2023;11:30:00;161195,68;161286,17;160645,73;160819,77;1,777163274E10;552249
WINFUT;07/06/2023;11:20:00;161543,74;161676,00;161091,26;161202,64;1,411742633E10;437482
WINFUT;07/06/2023;11:10:00;161627,28;161822,19;161501,97;161543,74;1,225895471E10;379156
WINFUT;07/06/2023;11:00:00;161557,66;161648,16;161376,67;161627,28;1,08346047E10;335384
WINFUT;07/06/2023;10:50:00;161592,47;161877,88;161418,44;161557,66;1,729288714E10;534783
WINFUT;07/06/2023;10:40:00;161655,12;161731,70;161188,71;161599,43;1,750357092E10;542082
WINFUT;07/06/2023;10:30:00;161536,78;161752,58;161314,02;161655,12;2,193216365E10;678753
WINFUT;07/06/2023;10:20:00;161293,13;161592,47;161056,45;161536,78;1,498543593E10;464580
WINFUT;07/06/2023;10:10:00;161160,87;161348,82;160993,80;161293,13;1,348920693E10;418441
WINFUT;07/06/2023;10:00:00;161515,90;161634,24;161119,10;161160,87;1,43306334E10;443975
WINFUT;07/06/2023;09:50:00;161112,14;161648,16;161063,41;161515,90;1,131303993E10;350554
WINFUT;07/06/2023;09:40:00;161195,68;161237,44;161035,57;161119,10;4859931602,00;150799
WINFUT;07/06/2023;09:30:00;160986,84;161348,82;160931,15;161195,68;8341823781,00;258750
WINFUT;07/06/2023;09:20:00;161508,93;161508,93;160896,34;160986,84;9909967663,00;307386
WINFUT;07/06/2023;09:10:00;161063,41;161571,59;160910,26;161501,97;9904696300,00;307261
WINFUT;07/06/2023;09:00:00;160945,07;161682,97;160875,46;161056,45;1,596846026E10;495129
WINFUT;06/06/2023;17:50:00;160395,13;160527,39;160346,40;160527,39;1438728820,00;44836
WINFUT;06/06/2023;17:40:00;160374,24;160499,55;160332,48;160395,13;4693168024,00;146272
WINFUT;06/06/2023;17:30:00;160228,06;160416,01;160193,25;160381,20;3510044591,00;109494
WINFUT;06/06/2023;17:20:00;160186,29;160269,82;160109,71;160228,06;2679246958,00;83623
WINFUT;06/06/2023;17:10:00;160137,56;160269,82;160067,95;160186,29;4185984642,00;130673
WINFUT;06/06/2023;17:00:00;160130,60;160290,71;160005,29;160137,56;5921423646,00;184878
WINFUT;06/06/2023;16:50:00;160067,95;160165,40;159873,03;160130,60;7312981593,00;228504
WINFUT;06/06/2023;16:40:00;160095,79;160165,40;160005,29;160067,95;4495669441,00;140411
WINFUT;06/06/2023;16:30:00;160123,64;160297,67;160033,14;160088,83;7427992102,00;231878
WINFUT;06/06/2023;16:20:00;159907,84;160207,17;159893,91;160130,60;7659471372,00;239244
WINFUT;06/06/2023;16:10:00;159817,34;160158,44;159796,46;159914,80;8786502964,00;274601
WINFUT;06/06/2023;16:00:00;159775,57;159866,07;159650,27;159817,34;5869248473,00;183700
WINFUT;06/06/2023;15:50:00;159810,38;159838,22;159622,42;159775,57;6632045190,00;207608
WINFUT;06/06/2023;15:40:00;159824,30;159859,11;159685,08;159803,42;5347423176,00;167346
WINFUT;06/06/2023;15:30:00;159678,11;159886,95;159622,42;159824,30;7032253265,00;220100
WINFUT;06/06/2023;15:20:00;159719,88;159740,77;159573,69;159671,15;6718218990,00;210390
WINFUT;06/06/2023;15:10:00;160005,29;160005,29;159608,50;159719,88;9358671130,00;292899
WINFUT;06/06/2023;15:00:00;160102,75;160116,68;159789,49;160005,29;9676827232,00;302514
WINFUT;06/06/2023;14:50:00;160054,02;160332,48;160026,18;160095,79;1,207459258E10;376921
WINFUT;06/06/2023;14:40:00;160019,22;160130,60;159956,57;160054,02;6717528632,00;209865
WINFUT;06/06/2023;14:30:00;160026,18;160040,10;159928,72;160012,26;4059787568,00;126883
WINFUT;06/06/2023;14:20:00;160019,22;160047,06;159859,11;160026,18;5558126734,00;173760
WINFUT;06/06/2023;14:10:00;159900,88;160228,06;159893,91;160026,18;1,081710701E10;337942
WINFUT;06/06/2023;14:00:00;159935,68;159977,45;159726,84;159900,88;6814539870,00;213169
WINFUT;06/06/2023;13:50:00;159866,07;160054,02;159859,11;159928,72;7044507737,00;220209
WINFUT;06/06/2023;13:40:00;159803,42;159886,95;159733,80;159866,07;4525645824,00;141601
WINFUT;06/06/2023;13:30:00;159650,27;159831,26;159601,54;159796,46;5770366371,00;180628
WINFUT;06/06/2023;13:20:00;159796,46;159838,22;159587,62;159650,27;6823818016,00;213668
WINFUT;06/06/2023;13:10:00;159643,31;160109,71;159636,35;159789,49;1,255856146E10;392741
WINFUT;06/06/2023;13:00:00;159692,04;159726,84;159538,89;159636,35;6282374111,00;196768
WINFUT;06/06/2023;12:50:00;159719,88;159782,53;159601,54;159692,04;7569098678,00;237011
WINFUT;06/06/2023;12:40:00;159587,62;159991,37;159580,66;159719,88;1,649652295E10;516185
WINFUT;06/06/2023;12:30:00;159232,59;159678,11;159190,82;159587,62;1,335377232E10;418833
WINFUT;06/06/2023;12:20:00;159225,63;159295,24;159065,52;159232,59;6720590329,00;211097
WINFUT;06/06/2023;12:10:00;159211,71;159253,48;158975,02;159218,67;9700416230,00;304782
WINFUT;06/06/2023;12:00:00;159156,02;159385,74;159086,40;159211,71;1,257600914E10;394911
WINFUT;06/06/2023;11:50:00;159058,56;159211,71;159044,64;159156,02;6920168337,00;217417
WINFUT;06/06/2023;11:40:00;159107,29;159176,90;158884,53;159051,60;1,015790521E10;319386
WINFUT;06/06/2023;11:30:00;158995,91;159232,59;158891,49;159100,33;1,285690806E10;404068
WINFUT;06/06/2023;11:20:00;158794,03;159086,40;158675,69;158988,95;1,206327274E10;379704
WINFUT;06/06/2023;11:10:00;158891,49;158933,26;158738,34;158794,03;1,040749203E10;327630
WINFUT;06/06/2023;11:00:00;158445,97;159023,75;158445,97;158884,53;1,993342162E10;627963
WINFUT;06/06/2023;10:50:00;158515,58;158585,19;158244,09;158452,93;1,180831879E10;372675
WINFUT;06/06/2023;10:40:00;158487,73;158620,00;158369,39;158522,54;1,118416103E10;352811
WINFUT;06/06/2023;10:30:00;158014,37;158633,92;158014,37;158494,69;2,517632824E10;794729
WINFUT;06/06/2023;10:20:00;158000,44;158063,09;157687,18;158021,33;1,452224546E10;459894
WINFUT;06/06/2023;10:10:00;158306,74;158320,66;157812,49;158007,40;1,860881829E10;588685
WINFUT;06/06/2023;10:00:00;158000,44;158432,04;157826,41;158299,78;1,991441672E10;629875
WINFUT;06/06/2023;09:50:00;157909,95;158125,75;157882,10;157993,48;7344905896,00;232468
WINFUT;06/06/2023;09:40:00;157854,26;157986,52;157777,68;157909,95;6115829271,00;193678
WINFUT;06/06/2023;09:30:00;157728,95;158014,37;157728,95;157847,29;9417027066,00;298216
WINFUT;06/06/2023;09:20:00;157889,06;157916,91;157617,57;157735,91;7896440894,00;250300
WINFUT;06/06/2023;09:10:00;157680,22;157979,56;157666,30;157889,06;1,005984852E10;318619
WINFUT;06/06/2023;09:00:00;157067,63;157819,45;157046,75;157680,22;1,124623983E10;356901
WINFUT;05/06/2023;17:50:00;157471,38;157478,35;157318,24;157366,97;1187069473,00;37714
WINFUT;05/06/2023;17:40:00;157603,65;157652,38;157436,58;157471,38;2536361518,00;80482
WINFUT;05/06/2023;17:30:00;157568,84;157610,61;157492,27;157603,65;1829899029,00;58073
WINFUT;05/06/2023;17:20:00;157541,00;157603,65;157492,27;157568,84;2032746531,00;64507
WINFUT;05/06/2023;17:10:00;157527,07;157617,57;157478,35;157541,00;2349348290,00;74557
WINFUT;05/06/2023;17:00:00;157492,27;157659,34;157429,62;157534,04;4474695029,00;142007
WINFUT;05/06/2023;16:50:00;157603,65;157659,34;157478,35;157485,31;4396827989,00;139549
WINFUT;05/06/2023;16:40:00;157506,19;157645,42;157429,62;157596,69;5686637935,00;180501
WINFUT;05/06/2023;16:30:00;157617,57;157826,41;157387,85;157506,19;1,000862231E10;317578
WINFUT;05/06/2023;16:20:00;157220,78;157645,42;157206,86;157610,61;7545919649,00;239693
WINFUT;05/06/2023;16:10:00;157151,17;157297,35;157137,24;157220,78;4346004426,00;138216
WINFUT;05/06/2023;16:00:00;157199,89;157311,27;157123,32;157144,20;7058082830,00;224487
WINFUT;05/06/2023;15:50:00;157011,94;157248,62;156935,37;157199,89;6910234218,00;219860
WINFUT;05/06/2023;15:40:00;156991,06;157102,44;156928,40;157011,94;5569624149,00;177358
WINFUT;05/06/2023;15:30:00;157032,82;157046,75;156886,64;156991,06;5178733689,00;164964
WINFUT;05/06/2023;15:20:00;157081,55;157102,44;156823,98;157025,86;6612543785,00;210631
WINFUT;05/06/2023;15:10:00;157011,94;157109,40;156977,13;157074,59;3807343240,00;121225
WINFUT;05/06/2023;15:00:00;157158,13;157478,35;156977,13;157011,94;1,394199467E10;443391
WINFUT;05/06/2023;14:50:00;156900,56;157165,09;156900,56;157151,17;7541657433,00;240147
WINFUT;05/06/2023;14:40:00;156844,87;156970,17;156803,10;156900,56;3823193343,00;121832
WINFUT;05/06/2023;14:30:00;156893,60;156928,40;156782,22;156844,87;4193975650,00;133688
WINFUT;05/06/2023;14:20:00;156942,33;156970,17;156810,06;156893,60;3715164424,00;118395
WINFUT;05/06/2023;14:10:00;156991,06;157025,86;156900,56;156935,37;3341866906,00;106456
WINFUT;05/06/2023;14:00:00;156970,17;157011,94;156810,06;156984,09;5898802235,00;187948
WINFUT;05/06/2023;13:50:00;157046,75;157060,67;156942,33;156977,13;2867061805,00;91315
WINFUT;05/06/2023;13:40:00;156977,13;157067,63;156963,21;157053,71;2261438593,00;72011
WINFUT;05/06/2023;13:30:00;156998,02;157053,71;156935,37;156984,09;2428544347,00;77349
WINFUT;05/06/2023;13:20:00;156991,06;157025,86;156935,37;156998,02;2782680959,00;88630
WINFUT;05/06/2023;13:10:00;157004,98;157185,97;156949,29;156991,06;5796476918,00;184515
WINFUT;05/06/2023;13:00:00;156991,06;157046,75;156817,02;156998,02;5668327468,00;180581
WINFUT;05/06/2023;12:50:00;156817,02;156991,06;156754,37;156984,09;4448983615,00;141812
WINFUT;05/06/2023;12:40:00;156872,71;156914,48;156726,53;156817,02;4104028084,00;130849
WINFUT;05/06/2023;12:30:00;156949,29;157018,90;156789,18;156879,67;4089573986,00;130326
WINFUT;05/06/2023;12:20:00;156879,67;157046,75;156817,02;156949,29;4798035115,00;152868
WINFUT;05/06/2023;12:10:00;156907,52;156991,06;156803,10;156879,67;6463751238,00;206006
WINFUT;05/06/2023;12:00:00;156914,48;157088,51;156872,71;156914,48;9105490981,00;290017
WINFUT;05/06/2023;11:50:00;156928,40;157018,90;156775,26;156914,48;9805802780,00;312503
WINFUT;05/06/2023;11:40:00;156531,61;156942,33;156434,15;156928,40;1,166653225E10;372218
WINFUT;05/06/2023;11:30:00;156232,27;156608,18;156204,43;156524,65;1,093021982E10;349445
WINFUT;05/06/2023;11:20:00;156134,82;156378,46;155939,90;156232,27;1,344147753E10;430288
WINFUT;05/06/2023;11:10:00;156907,52;156984,09;156100,01;156141,78;2,364524736E10;755311
WINFUT;05/06/2023;11:00:00;157095,47;157360,00;156872,71;156914,48;1,819231009E10;578845
WINFUT;05/06/2023;10:50:00;157582,77;157589,73;157053,71;157095,47;1,147487584E10;364820
WINFUT;05/06/2023;10:40:00;157464,42;157631,49;157165,09;157582,77;1,130073235E10;359043
WINFUT;05/06/2023;10:30:00;157443,54;157589,73;157165,09;157464,42;1,446734629E10;459670
WINFUT;05/06/2023;10:20:00;157603,65;157666,30;157297,35;157443,54;9639710936,00;306077
WINFUT;05/06/2023;10:10:00;157694,15;157791,60;157276,47;157596,69;1,378375911E10;437543
WINFUT;05/06/2023;10:00:00;157520,11;158021,33;157366,97;157694,15;2,227181557E10;705923
WINFUT;05/06/2023;09:50:00;157457,46;157575,80;157325,20;157513,15;7972433674,00;253171
WINFUT;05/06/2023;09:40:00;157401,77;157520,11;157213,82;157457,46;6402304968,00;203425
WINFUT;05/06/2023;09:30:00;157241,66;157422,66;157206,86;157408,73;5481485553,00;174226
WINFUT;05/06/2023;09:20:00;157408,73;157471,38;157234,70;157248,62;8093854495,00;257187
WINFUT;05/06/2023;09:10:00;157360,00;157680,22;157179,01;157401,77;1,317871903E10;418565
WINFUT;05/06/2023;09:00:00;157255,58;157380,89;157074,59;157360,00;7466487623,00;237463
WINFUT;02/06/2023;17:50:00;157687,18;157735,91;157471,38;157603,65;1233174103,00;39118
WINFUT;02/06/2023;17:40:00;157547,96;157735,91;157506,19;157680,22;3405331631,00;108032
WINFUT;02/06/2023;17:30:00;157499,23;157596,69;157478,35;157541,00;2932015477,00;93056
WINFUT;02/06/2023;17:20:00;157534,04;157534,04;157304,31;157506,19;3451948132,00;109641
WINFUT;02/06/2023;17:10:00;157408,73;157631,49;157380,89;157534,04;4700685269,00;149187
WINFUT;02/06/2023;17:00:00;157575,80;157631,49;157325,20;157401,77;4919502920,00;156236
WINFUT;02/06/2023;16:50:00;157401,77;157694,15;157269,51;157582,77;8036191598,00;255166
WINFUT;02/06/2023;16:40:00;157360,00;157506,19;157332,16;157401,77;7148700602,00;227055
WINFUT;02/06/2023;16:30:00;157290,39;157387,85;157123,32;157353,04;8681530171,00;276062
WINFUT;02/06/2023;16:20:00;157394,81;157429,62;157248,62;157290,39;4721768645,00;150068
WINFUT;02/06/2023;16:10:00;157353,04;157429,62;157297,35;157401,77;4682903612,00;148798
WINFUT;02/06/2023;16:00:00;157485,31;157631,49;157297,35;157353,04;7305983419,00;231952
WINFUT;02/06/2023;15:50:00;157387,85;157506,19;157346,08;157485,31;4078592902,00;129549
WINFUT;02/06/2023;15:40:00;157450,50;157659,34;157339,12;157394,81;8727459885,00;277083
WINFUT;02/06/2023;15:30:00;157366,97;157478,35;157227,74;157443,54;6660059311,00;211647
WINFUT;02/06/2023;15:20:00;157074,59;157520,11;157067,63;157366,97;1,155547151E10;367235
WINFUT;02/06/2023;15:10:00;156796,14;157165,09;156754,37;157067,63;8071727004,00;257083
WINFUT;02/06/2023;15:00:00;156900,56;156963,21;156656,91;156803,10;8167930402,00;260490
WINFUT;02/06/2023;14:50:00;156900,56;156991,06;156872,71;156907,52;5326485977,00;169715
WINFUT;02/06/2023;14:40:00;156921,44;156949,29;156726,53;156907,52;8167648259,00;260415
WINFUT;02/06/2023;14:30:00;156956,25;156991,06;156817,02;156914,48;5007678421,00;159579
WINFUT;02/06/2023;14:20:00;156977,13;157032,82;156879,67;156956,25;4733179785,00;150783
WINFUT;02/06/2023;14:10:00;157074,59;157095,47;156817,02;156984,09;1,022036485E10;325616
WINFUT;02/06/2023;14:00:00;157276,47;157304,31;157060,67;157067,63;4870143078,00;154921
WINFUT;02/06/2023;13:50:00;157199,89;157283,43;157144,20;157276,47;4817297549,00;153200
WINFUT;02/06/2023;13:40:00;157123,32;157297,35;157067,63;157199,89;6365736807,00;202487
WINFUT;02/06/2023;13:30:00;157206,86;157325,20;157088,51;157130,28;5938029756,00;188871
WINFUT;02/06/2023;13:20:00;157415,69;157443,54;157137,24;157206,86;6100285609,00;193934
WINFUT;02/06/2023;13:10:00;157638,46;157694,15;157283,43;157415,69;8048472177,00;255514
WINFUT;02/06/2023;13:00:00;157798,57;157805,53;157624,53;157638,46;5426562289,00;172045
WINFUT;02/06/2023;12:50:00;157506,19;157909,95;157492,27;157798,57;8561667511,00;271392
WINFUT;02/06/2023;12:40:00;157380,89;157568,84;157332,16;157506,19;4166878602,00;132302
WINFUT;02/06/2023;12:30:00;157366,97;157499,23;157297,35;157373,93;4646003358,00;147594
WINFUT;02/06/2023;12:20:00;157360,00;157443,54;157325,20;157373,93;4170016339,00;132479
WINFUT;02/06/2023;12:10:00;157332,16;157589,73;157283,43;157360,00;7322321304,00;232561
WINFUT;02/06/2023;12:00:00;157422,66;157575,80;157269,51;157332,16;8341103517,00;264955
WINFUT;02/06/2023;11:50:00;157234,70;157464,42;157213,82;157415,69;6837944521,00;217297
WINFUT;02/06/2023;11:40:00;157213,82;157485,31;157179,01;157241,66;8098037162,00;257359
WINFUT;02/06/2023;11:30:00;157227,74;157269,51;157018,90;157213,82;1,112417472E10;353984
WINFUT;02/06/2023;11:20:00;157478,35;157478,35;157192,93;157234,70;7421064008,00;235918
WINFUT;02/06/2023;11:10:00;157199,89;157520,11;157199,89;157478,35;9354580400,00;297163
WINFUT;02/06/2023;11:00:00;157408,73;157603,65;157192,93;157199,89;1,214188747E10;385829
WINFUT;02/06/2023;10:50:00;157443,54;157645,42;157241,66;157408,73;1,409760141E10;447804
WINFUT;02/06/2023;10:40:00;157506,19;157826,41;157304,31;157436,58;1,610703588E10;511152
WINFUT;02/06/2023;10:30:00;157721,99;157986,52;157422,66;157513,15;1,897028147E10;601299
WINFUT;02/06/2023;10:20:00;157408,73;157861,22;157227,74;157721,99;1,700551709E10;539521
WINFUT;02/06/2023;10:10:00;157018,90;157485,31;157004,98;157401,77;1,273577892E10;405058
WINFUT;02/06/2023;10:00:00;157158,13;157596,69;156991,06;157018,90;1,680665808E10;534271
WINFUT;02/06/2023;09:50:00;156733,49;157165,09;156642,99;157158,13;1,099394512E10;350295
WINFUT;02/06/2023;09:40:00;156963,21;157081,55;156712,60;156733,49;8814662065,00;280850
WINFUT;02/06/2023;09:30:00;156608,18;157116,36;156350,62;156956,25;1,79098277E10;571261
WINFUT;02/06/2023;09:20:00;156287,96;156935,37;156211,39;156601,22;8662051360,00;276821
WINFUT;02/06/2023;09:10:00;156281,00;156371,50;156141,78;156287,96;6587757575,00;210785
WINFUT;02/06/2023;09:00:00;155765,87;156315,81;155661,45;156281,00;1,041494308E10;333612
WINFUT;01/06/2023;17:50:00;155153,27;155348,19;155097,58;155341,23;1176551590,00;37895
WINFUT;01/06/2023;17:40:00;155146,31;155292,50;155055,82;155160,24;5435539304,00;175153
WINFUT;01/06/2023;17:30:00;154888,75;155181,12;154860,90;155139,35;5894139869,00;190097
WINFUT;01/06/2023;17:20:00;154763,44;154923,55;154735,60;154888,75;4092827293,00;132167
WINFUT;01/06/2023;17:10:00;154707,75;154819,13;154665,98;154763,44;2985344963,00;96461
WINFUT;01/06/2023;17:00:00;154798,25;154972,28;154652,06;154700,79;6924235652,00;223656
WINFUT;01/06/2023;16:50:00;154700,79;154916,59;154575,49;154791,29;1,032205081E10;333548
WINFUT;01/06/2023;16:40:00;154450,18;154840,02;154429,30;154700,79;9727292824,00;314578
WINFUT;01/06/2023;16:30:00;154401,45;154491,95;154276,15;154450,18;6335784331,00;205198
WINFUT;01/06/2023;16:20:00;154478,03;154498,91;154283,11;154401,45;6695759172,00;216831
WINFUT;01/06/2023;16:10:00;154610,29;154735,60;154429,30;154471,07;7857495263,00;254173
WINFUT;01/06/2023;16:00:00;154401,45;154631,18;154359,69;154603,33;6718956210,00;217454
WINFUT;01/06/2023;15:50:00;154269,19;154652,06;154227,42;154408,42;8260535979,00;267429
WINFUT;01/06/2023;15:40:00;154304,00;154359,69;154192,62;154269,19;4556063191,00;147665
WINFUT;01/06/2023;15:30:00;154498,91;154498,91;154262,23;154304,00;4838040935,00;156696
WINFUT;01/06/2023;15:20:00;154310,96;154568,53;154297,04;154491,95;5944748243,00;192460
WINFUT;01/06/2023;15:10:00;154276,15;154429,30;154206,54;154310,96;4495903328,00;145664
WINFUT;01/06/2023;15:00:00;154317,92;154338,80;154185,65;154276,15;5231857056,00;169570
WINFUT;01/06/2023;14:50:00;154331,84;154457,15;154234,38;154324,88;5546630419,00;179671
WINFUT;01/06/2023;14:40:00;154150,85;154345,76;154102,12;154338,80;5212282428,00;168957
WINFUT;01/06/2023;14:30:00;154401,45;154471,07;154067,31;154143,89;8037904919,00;260548
WINFUT;01/06/2023;14:20:00;154366,65;154603,33;154310,96;154401,45;9713923934,00;314450
WINFUT;01/06/2023;14:10:00;154150,85;154457,15;154123,00;154359,69;8306301978,00;269156
WINFUT;01/06/2023;14:00:00;154143,89;154192,62;154053,39;154143,89;4277418193,00;138767
WINFUT;01/06/2023;13:50:00;154234,38;154276,15;154088,20;154143,89;4175294558,00;135393
WINFUT;01/06/2023;13:40:00;154290,07;154290,07;154039,47;154234,38;5918906512,00;191977
WINFUT;01/06/2023;13:30:00;154359,69;154373,61;154234,38;154283,11;4041408318,00;130954
WINFUT;01/06/2023;13:20:00;154283,11;154373,61;154178,69;154359,69;4705671330,00;152499
WINFUT;01/06/2023;13:10:00;154109,08;154373,61;154046,43;154276,15;7980153401,00;258722
WINFUT;01/06/2023;13:00:00;154248,31;154338,80;154060,35;154109,08;8901731699,00;288644
WINFUT;01/06/2023;12:50:00;154018,58;154352,73;153872,40;154241,35;9830131535,00;318999
WINFUT;01/06/2023;12:40:00;153858,47;154255,27;153809,75;154025,55;1,173602522E10;380859
WINFUT;01/06/2023;12:30:00;153928,09;154067,31;153747,09;153858,47;1,252033907E10;406758
WINFUT;01/06/2023;12:20:00;153322,45;154011,62;153273,73;153928,09;1,749852912E10;569468
WINFUT;01/06/2023;12:10:00;152640,25;153412,95;152535,83;153322,45;1,514474361E10;494961
WINFUT;01/06/2023;12:00:00;152821,24;152988,31;152466,22;152633,29;1,63013031E10;533607
WINFUT;01/06/2023;11:50:00;152271,30;152911,74;152208,65;152814,28;1,811179545E10;593805
WINFUT;01/06/2023;11:40:00;152048,54;152299,14;152020,69;152271,30;8847074990,00;290659
WINFUT;01/06/2023;11:30:00;151839,70;152166,88;151832,74;152048,54;9216335989,00;303142
WINFUT;01/06/2023;11:20:00;151895,39;152194,73;151804,89;151839,70;1,04077045E10;342402
WINFUT;01/06/2023;11:10:00;151721,36;151978,93;151596,05;151895,39;9630966684,00;317209
WINFUT;01/06/2023;11:00:00;151874,51;152152,96;151561,25;151721,36;1,610091679E10;530184
WINFUT;01/06/2023;10:50:00;151770,09;151944,12;151714,40;151888,43;7945498300,00;261663
WINFUT;01/06/2023;10:40:00;151944,12;152083,34;151714,40;151770,09;1,272697383E10;418907
WINFUT;01/06/2023;10:30:00;151881,47;152410,53;151839,70;151951,08;1,774388779E10;583185
WINFUT;01/06/2023;10:20:00;151561,25;152125,11;151359,37;151888,43;1,839140997E10;605786
WINFUT;01/06/2023;10:10:00;152146,00;152347,87;151505,56;151561,25;1,795936161E10;590787
WINFUT;01/06/2023;10:00:00;152048,54;152396,60;151867,54;152139,03;1,440950491E10;473447
WINFUT;01/06/2023;09:50:00;152159,92;152194,73;151985,89;152048,54;5326851736,00;175142
WINFUT;01/06/2023;09:40:00;152132,07;152313,07;151978,93;152159,92;8585531979,00;282129
WINFUT;01/06/2023;09:30:00;152187,76;152417,49;151971,96;152125,11;9057145983,00;297586
WINFUT;01/06/2023;09:20:00;152368,76;152480,14;152083,34;152187,76;5849931626,00;192026
WINFUT;01/06/2023;09:10:00;152431,41;152507,98;152173,84;152375,72;9146576642,00;300142
WINFUT;01/06/2023;09:00:00;152507,98;153085,77;152417,49;152431,41;1,397258103E10;457316
WINFUT;31/05/2023;17:50:00;151582,13;151603,02;151401,14;151484,67;1301793770,00;42964
WINFUT;31/05/2023;17:40:00;151637,82;151679,59;151512,52;151575,17;2631587895,00;86801
WINFUT;31/05/2023;17:30:00;151554,29;151707,43;151505,56;151644,78;3021443228,00;99641
WINFUT;31/05/2023;17:20:00;151449,87;151679,59;151449,87;151561,25;4297835207,00;141798
WINFUT;31/05/2023;17:10:00;151742,24;151839,70;151435,94;151449,87;8478567618,00;279505
WINFUT;31/05/2023;17:00:00;151944,12;152041,58;151700,47;151749,20;7458929127,00;245590
WINFUT;31/05/2023;16:50:00;152285,22;152347,87;151923,23;151951,08;8744218073,00;287377
WINFUT;31/05/2023;16:40:00;152069,42;152320,03;152041,58;152278,26;7589413490,00;249330
WINFUT;31/05/2023;16:30:00;152034,62;152229,53;152006,77;152069,42;5994447723,00;197024
WINFUT;31/05/2023;16:20:00;151902,35;152062,46;151825,78;152034,62;6105747752,00;200935
WINFUT;31/05/2023;16:10:00;152076,38;152187,76;151860,58;151909,31;7912334281,00;260180
WINFUT;31/05/2023;16:00:00;152152,96;152159,92;151867,54;152069,42;8251230508,00;271422
WINFUT;31/05/2023;15:50:00;152104,23;152243,45;152041,58;152152,96;5561827529,00;182793
WINFUT;31/05/2023;15:40:00;152187,76;152229,53;152069,42;152104,23;4268903769,00;140286
WINFUT;31/05/2023;15:30:00;152215,61;152285,22;152090,31;152187,76;6083135516,00;199867
WINFUT;31/05/2023;15:20:00;152306,11;152320,03;152146,00;152222,57;5860510437,00;192507
WINFUT;31/05/2023;15:10:00;152452,29;152514,94;152250,42;152313,07;7040319065,00;231018
WINFUT;31/05/2023;15:00:00;152299,14;152494,06;152194,73;152459,25;7150704091,00;234679
WINFUT;31/05/2023;14:50:00;152215,61;152410,53;152187,76;152306,11;5158568773,00;169371
WINFUT;31/05/2023;14:40:00;152521,91;152682,02;152146,00;152222,57;1,245772141E10;408789
WINFUT;31/05/2023;14:30:00;152111,19;152556,71;152006,77;152514,94;1,449047909E10;475910
WINFUT;31/05/2023;14:20:00;151609,98;152243,45;151596,05;152111,19;1,014710289E10;333953
WINFUT;31/05/2023;14:10:00;151721,36;151804,89;151575,17;151609,98;5055483895,00;166632
WINFUT;31/05/2023;14:00:00;151707,43;151825,78;151651,74;151728,32;5286688378,00;174215
WINFUT;31/05/2023;13:50:00;151790,97;151846,66;151547,33;151707,43;7132968517,00;235121
WINFUT;31/05/2023;13:40:00;151616,94;151923,23;151596,05;151790,97;7780754405,00;256321
WINFUT;31/05/2023;13:30:00;151735,28;151749,20;151596,05;151609,98;4762713954,00;156995
WINFUT;31/05/2023;13:20:00;151456,83;151735,28;151401,14;151728,32;5317342317,00;175426
WINFUT;31/05/2023;13:10:00;151630,86;151679,59;151338,49;151456,83;7152488521,00;236057
WINFUT;31/05/2023;13:00:00;151637,82;151846,66;151561,25;151630,86;6829140512,00;225077
WINFUT;31/05/2023;12:50:00;151658,71;151811,85;151603,02;151630,86;4760389701,00;156889
WINFUT;31/05/2023;12:40:00;151832,74;151853,62;151533,40;151658,71;6999150332,00;230719
WINFUT;31/05/2023;12:30:00;151853,62;151965,00;151797,93;151839,70;3694011006,00;121596
WINFUT;31/05/2023;12:20:00;151902,35;152048,54;151818,82;151846,66;5790009120,00;190533
WINFUT;31/05/2023;12:10:00;151777,05;151930,20;151644,78;151902,35;7434224523,00;244872
WINFUT;31/05/2023;12:00:00;151784,01;151978,93;151749,20;151777,05;7111000571,00;234128
WINFUT;31/05/2023;11:50:00;151944,12;151985,89;151742,24;151784,01;1,011898176E10;333177
WINFUT;31/05/2023;11:40:00;152271,30;152375,72;151923,23;151944,12;1,315688241E10;432365
WINFUT;31/05/2023;11:30:00;151985,89;152285,22;151923,23;152271,30;1,324252372E10;435278
WINFUT;31/05/2023;11:20:00;151881,47;152083,34;151735,28;151978,93;1,126359179E10;370733
WINFUT;31/05/2023;11:10:00;151756,16;152034,62;151575,17;151874,51;1,245233832E10;410130
WINFUT;31/05/2023;11:00:00;151965,00;151999,81;151616,94;151749,20;1,573180575E10;518269
WINFUT;31/05/2023;10:50:00;151951,08;152132,07;151707,43;151971,96;1,210943862E10;398513
WINFUT;31/05/2023;10:40:00;151971,96;152306,11;151756,16;151951,08;1,646874363E10;541637
WINFUT;31/05/2023;10:30:00;152333,95;152501,02;151860,58;151971,96;2,162580054E10;710731
WINFUT;31/05/2023;10:20:00;151958,04;152417,49;151923,23;152326,99;1,705667971E10;560712
WINFUT;31/05/2023;10:10:00;151658,71;151992,85;151442,91;151958,04;1,427358244E10;470236
WINFUT;31/05/2023;10:00:00;151992,85;151999,81;151303,68;151658,71;2,009836765E10;662787
WINFUT;31/05/2023;09:50:00;152048,54;152104,23;151895,39;151992,85;6162159428,00;202692
WINFUT;31/05/2023;09:40:00;152006,77;152097,27;151714,40;152055,50;1,095395204E10;360546
WINFUT;31/05/2023;09:30:00;151909,31;152097,27;151735,28;152006,77;7828573698,00;257596
WINFUT;31/05/2023;09:20:00;151902,35;151965,00;151777,05;151909,31;5737767437,00;188915
WINFUT;31/05/2023;09:10:00;151672,63;152125,11;151644,78;151902,35;9881213983,00;325339
WINFUT;31/05/2023;09:00:00;151658,71;152055,50;151512,52;151665,67;1,309516173E10;431487
WINFUT;30/05/2023;17:50:00;152215,61;152452,29;152201,69;152201,69;1448893858,00;47565
WINFUT;30/05/2023;17:40:00;152306,11;152340,91;152166,88;152222,57;3226855527,00;105966
WINFUT;30/05/2023;17:30:00;152264,34;152382,68;152250,42;152306,11;2998039564,00;98408
WINFUT;30/05/2023;17:20:00;152340,91;152354,84;152215,61;152264,34;2887415186,00;94814
WINFUT;30/05/2023;17:10:00;152313,07;152438,37;152264,34;152340,91;3912139002,00;128383
WINFUT;30/05/2023;17:00:00;152682,02;152702,90;152243,45;152306,11;7579437836,00;248504
WINFUT;30/05/2023;16:50:00;152654,17;152772,51;152612,40;152688,98;5736077440,00;187820
WINFUT;30/05/2023;16:40:00;152751,63;152779,47;152612,40;152654,17;5675353289,00;185851
WINFUT;30/05/2023;16:30:00;152619,36;152918,70;152619,36;152758,59;8521727268,00;278824
WINFUT;30/05/2023;16:20:00;152598,48;152730,74;152577,60;152619,36;3987752258,00;130617
WINFUT;30/05/2023;16:10:00;152514,94;152626,33;152501,02;152591,52;3678699223,00;120557
WINFUT;30/05/2023;16:00:00;152570,64;152619,36;152459,25;152507,98;5190370462,00;170126
WINFUT;30/05/2023;15:50:00;152612,40;152814,28;152521,91;152577,60;7878191383,00;258009
WINFUT;30/05/2023;15:40:00;152605,44;152716,82;152535,83;152612,40;6318278246,00;206983
WINFUT;30/05/2023;15:30:00;152368,76;152626,33;152347,87;152598,48;6538404420,00;214373
WINFUT;30/05/2023;15:20:00;152361,80;152473,18;152320,03;152368,76;4646493067,00;152438
WINFUT;30/05/2023;15:10:00;152410,53;152584,56;152313,07;152361,80;5525630140,00;181220
WINFUT;30/05/2023;15:00:00;152368,76;152487,10;152354,84;152417,49;4268025705,00;140000
WINFUT;30/05/2023;14:50:00;152501,02;152514,94;152285,22;152375,72;4831001851,00;158521
WINFUT;30/05/2023;14:40:00;152250,42;152528,87;152229,53;152501,02;7427421925,00;243720
WINFUT;30/05/2023;14:30:00;152104,23;152466,22;152076,38;152257,38;8888345633,00;291840
WINFUT;30/05/2023;14:20:00;152166,88;152180,80;152034,62;152111,19;3379376584,00;111092
WINFUT;30/05/2023;14:10:00;152090,31;152201,69;152034,62;152173,84;4216565564,00;138596
WINFUT;30/05/2023;14:00:00;152090,31;152166,88;151999,81;152090,31;4371260268,00;143717
WINFUT;30/05/2023;13:50:00;152034,62;152236,49;152020,69;152083,34;5812647833,00;191057
WINFUT;30/05/2023;13:40:00;152020,69;152083,34;151839,70;152034,62;7593983023,00;249881
WINFUT;30/05/2023;13:30:00;152180,80;152229,53;151930,20;152020,69;5572790989,00;183206
WINFUT;30/05/2023;13:20:00;152208,65;152299,14;151978,93;152180,80;5175048151,00;170014
WINFUT;30/05/2023;13:10:00;152055,50;152313,07;152027,65;152208,65;6479295193,00;212886
WINFUT;30/05/2023;13:00:00;152041,58;152173,84;151874,51;152055,50;6936112211,00;228150
WINFUT;30/05/2023;12:50:00;152090,31;152132,07;151832,74;152041,58;9188524410,00;302284
WINFUT;30/05/2023;12:40:00;152229,53;152396,60;151985,89;152083,34;8548305929,00;280853
WINFUT;30/05/2023;12:30:00;152313,07;152473,18;152180,80;152229,53;7249728437,00;237910
WINFUT;30/05/2023;12:20:00;152132,07;152396,60;151930,20;152313,07;1,239125177E10;407210
WINFUT;30/05/2023;12:10:00;152487,10;152507,98;151999,81;152125,11;1,408570357E10;462707
WINFUT;30/05/2023;12:00:00;152445,33;152654,17;152445,33;152480,14;6904964535,00;226317
WINFUT;30/05/2023;11:50:00;152709,86;152737,71;152278,26;152438,37;1,087256546E10;356497
WINFUT;30/05/2023;11:40:00;153078,81;153127,54;152507,98;152709,86;1,300137184E10;425526
WINFUT;30/05/2023;11:30:00;152849,09;153127,54;152807,32;153078,81;9911015002,00;323910
WINFUT;30/05/2023;11:20:00;153280,69;153301,57;152779,47;152842,13;1,22926788E10;401762
WINFUT;30/05/2023;11:10:00;153405,99;153489,53;153169,31;153280,69;1,055744661E10;344302
WINFUT;30/05/2023;11:00:00;153329,42;153489,53;152849,09;153405,99;1,923543765E10;628131
WINFUT;30/05/2023;10:50:00;153893,28;153900,24;153120,58;153329,42;1,604533368E10;522671
WINFUT;30/05/2023;10:40:00;153405,99;153921,13;153371,18;153886,32;1,553119921E10;505239
WINFUT;30/05/2023;10:30:00;154213,50;154234,38;153287,65;153405,99;2,477037497E10;805251
WINFUT;30/05/2023;10:20:00;154735,60;154784,33;153983,78;154213,50;2,812843687E10;911082
WINFUT;30/05/2023;10:10:00;155605,76;155633,60;154686,87;154735,60;1,838107356E10;592365
WINFUT;30/05/2023;10:00:00;155675,37;155905,09;155362,11;155612,72;2,028968278E10;651769
WINFUT;30/05/2023;09:50:00;155445,65;155772,83;155403,88;155675,37;1,003853691E10;322583
WINFUT;30/05/2023;09:40:00;155313,38;155508,30;155195,04;155452,61;1,111987415E10;357865
WINFUT;30/05/2023;09:30:00;155000,13;155396,92;155000,13;155320,35;8507452042,00;274063
WINFUT;30/05/2023;09:20:00;155000,13;155048,85;154930,51;155000,13;5006885890,00;161522
WINFUT;30/05/2023;09:10:00;154937,47;155257,69;154881,78;155000,13;9997405857,00;322426
WINFUT;30/05/2023;09:00:00;154784,33;155167,20;154686,87;154944,44;1,022705804E10;329972
WINFUT;29/05/2023;17:50:00;154415,38;154498,91;154352,73;154352,73;1029365169,00;33331
WINFUT;29/05/2023;17:40:00;154512,84;154638,14;154352,73;154408,42;3075787479,00;99549
WINFUT;29/05/2023;17:30:00;154380,57;154568,53;154373,61;154512,84;2810752860,00;90964
WINFUT;29/05/2023;17:20:00;154387,53;154436,26;154331,84;154373,61;1586156590,00;51371
WINFUT;29/05/2023;17:10:00;154394,49;154457,15;154283,11;154394,49;3180727754,00;103019
WINFUT;29/05/2023;17:00:00;154659,02;154742,56;154310,96;154401,45;5683940420,00;183932
WINFUT;29/05/2023;16:50:00;154714,71;154798,25;154610,29;154659,02;3444409611,00;111335
WINFUT;29/05/2023;16:40:00;154672,95;154728,64;154443,22;154721,67;5271203359,00;170501
WINFUT;29/05/2023;16:30:00;154645,10;154700,79;154582,45;154665,98;2154024898,00;69645
WINFUT;29/05/2023;16:20:00;154672,95;154833,05;154575,49;154638,14;4893937143,00;158183
WINFUT;29/05/2023;16:10:00;154665,98;155048,85;154631,18;154665,98;6905171009,00;223016
WINFUT;29/05/2023;16:00:00;154659,02;154728,64;154568,53;154665,98;2695339262,00;87143
WINFUT;29/05/2023;15:50:00;154860,90;154874,82;154610,29;154652,06;3981521696,00;128679
WINFUT;29/05/2023;15:40:00;154665,98;154937,47;154652,06;154860,90;4019154947,00;129807
WINFUT;29/05/2023;15:30:00;154777,36;154853,94;154596,37;154665,98;4822799925,00;155876
WINFUT;29/05/2023;15:20:00;154631,18;155055,82;154512,84;154777,36;9752867622,00;315016
WINFUT;29/05/2023;15:10:00;154269,19;154742,56;154241,35;154631,18;7321948889,00;236942
WINFUT;29/05/2023;15:00:00;154324,88;154352,73;154213,50;154269,19;2209460218,00;71608
WINFUT;29/05/2023;14:50:00;154359,69;154373,61;154213,50;154331,84;2449443121,00;79377
WINFUT;29/05/2023;14:40:00;154178,69;154443,22;154171,73;154359,69;5621259543,00;182097
WINFUT;29/05/2023;14:30:00;154387,53;154540,68;154053,39;154178,69;7966779233,00;258125
WINFUT;29/05/2023;14:20:00;154366,65;154526,76;154317,92;154387,53;3764203541,00;121882
WINFUT;29/05/2023;14:10:00;154498,91;154519,80;154297,04;154373,61;4370221359,00;141526
WINFUT;29/05/2023;14:00:00;154603,33;154610,29;154415,38;154491,95;3880447408,00;125576
WINFUT;29/05/2023;13:50:00;154436,26;154652,06;154366,65;154603,33;4414397443,00;142835
WINFUT;29/05/2023;13:40:00;154700,79;154714,71;154283,11;154436,26;6771007869,00;219107
WINFUT;29/05/2023;13:30:00;154659,02;154756,48;154652,06;154707,75;3491719429,00;112849
WINFUT;29/05/2023;13:20:00;154478,03;154721,67;154457,15;154659,02;5945788857,00;192306
WINFUT;29/05/2023;13:10:00;154359,69;154526,76;154234,38;154478,03;7747162163,00;250875
WINFUT;29/05/2023;13:00:00;154686,87;154714,71;154352,73;154366,65;6615141101,00;213996
WINFUT;29/05/2023;12:50:00;154777,36;154805,21;154659,02;154679,91;3066684313,00;99089
WINFUT;29/05/2023;12:40:00;154763,44;154833,05;154652,06;154784,33;3502591294,00;113170
WINFUT;29/05/2023;12:30:00;154589,41;154791,29;154547,64;154763,44;5418019561,00;175100
WINFUT;29/05/2023;12:20:00;154979,24;155090,62;154533,72;154589,41;8585056649,00;277179
WINFUT;29/05/2023;12:10:00;154958,36;155097,58;154840,02;154979,24;7878036099,00;254184
WINFUT;29/05/2023;12:00:00;154867,86;155021,01;154770,40;154958,36;1,078971005E10;348228
WINFUT;29/05/2023;11:50:00;154603,33;154874,82;154603,33;154867,86;7930000185,00;256170
WINFUT;29/05/2023;11:40:00;154707,75;154735,60;154443,22;154610,29;6148368803,00;198874
WINFUT;29/05/2023;11:30:00;154512,84;154742,56;154471,07;154707,75;5123617754,00;165678
WINFUT;29/05/2023;11:20:00;154471,07;154624,22;154429,30;154512,84;5881655210,00;190302
WINFUT;29/05/2023;11:10:00;154394,49;154589,41;154276,15;154478,03;7792093916,00;252240
WINFUT;29/05/2023;11:00:00;154547,64;154652,06;154352,73;154394,49;6891579521,00;222987
WINFUT;29/05/2023;10:50:00;154686,87;154693,83;154415,38;154547,64;8530607251,00;275992
WINFUT;29/05/2023;10:40:00;154276,15;154749,52;154199,58;154679,91;1,061880537E10;343653
WINFUT;29/05/2023;10:30:00;154575,49;154777,36;154164,77;154269,19;1,81999559E10;589268
WINFUT;29/05/2023;10:20:00;155355,15;155431,73;154171,73;154575,49;1,934661888E10;624772
WINFUT;29/05/2023;10:10:00;155292,50;155563,99;155132,39;155348,19;1,125699162E10;362308
WINFUT;29/05/2023;10:00:00;155313,38;155640,56;155083,66;155285,54;1,742011572E10;560620
WINFUT;29/05/2023;09:50:00;155160,24;155334,27;155069,74;155313,38;4376573915,00;141002
WINFUT;29/05/2023;09:40:00;155250,73;155257,69;155090,62;155167,20;4368082272,00;140752
WINFUT;29/05/2023;09:30:00;155271,62;155299,46;155034,93;155250,73;8105277668,00;261170
WINFUT;29/05/2023;09:20:00;155257,69;155341,23;155181,12;155278,58;4657768638,00;150005
WINFUT;29/05/2023;09:10:00;155417,80;155466,53;155215,93;155257,69;4632904609,00;149120
WINFUT;29/05/2023;09:00:00;155654,49;155828,52;155202,00;155410,84;6621490812,00;213047
WINFUT;26/05/2023;17:50:00;155376,04;155376,04;155097,58;155264,66;1119267706,00;36052
WINFUT;26/05/2023;17:40:00;155278,58;155376,04;155208,96;155376,04;1864005692,00;60020
WINFUT;26/05/2023;17:30:00;155257,69;155341,23;155174,16;155278,58;2924760262,00;94187
WINFUT;26/05/2023;17:20:00;155424,76;155529,18;155243,77;155257,69;3226247494,00;103805
WINFUT;26/05/2023;17:10:00;155473,49;155647,53;155410,84;155431,73;4274409095,00;137406
WINFUT;26/05/2023;17:00:00;155334,27;155473,49;155278,58;155473,49;3710821298,00;119416
WINFUT;26/05/2023;16:50:00;155104,55;155487,42;155021,01;155334,27;7855369354,00;252984
WINFUT;26/05/2023;16:40:00;155146,31;155174,16;154951,40;155097,58;6882381675,00;221928
WINFUT;26/05/2023;16:30:00;155522,22;155543,11;155000,13;155146,31;9893555526,00;318687
WINFUT;26/05/2023;16:20:00;155487,42;155598,80;155362,11;155515,26;5194162676,00;167018
WINFUT;26/05/2023;16:10:00;155550,07;155605,76;155424,76;155487,42;4393900826,00;141270
WINFUT;26/05/2023;16:00:00;155250,73;155710,18;155236,81;155550,07;1,009673448E10;324643
WINFUT;26/05/2023;15:50:00;155522,22;155557,03;155153,27;155243,77;6847259485,00;220389
WINFUT;26/05/2023;15:40:00;155563,99;155626,64;155389,96;155529,18;6207126742,00;199559
WINFUT;26/05/2023;15:30:00;155661,45;155675,37;155487,42;155563,99;4867014027,00;156452
WINFUT;26/05/2023;15:20:00;155647,53;155738,02;155424,76;155661,45;8194206953,00;263338
WINFUT;26/05/2023;15:10:00;155640,56;155744,98;155598,80;155640,56;4327195529,00;138983
WINFUT;26/05/2023;15:00:00;155842,44;155863,33;155626,64;155640,56;5557768654,00;178432
WINFUT;26/05/2023;14:50:00;155703,22;155877,25;155682,33;155849,40;6886022143,00;221033
WINFUT;26/05/2023;14:40:00;155932,94;155953,82;155619,68;155696,26;8675118256,00;278507
WINFUT;26/05/2023;14:30:00;155981,67;156037,36;155814,60;155939,90;6799694402,00;218019
WINFUT;26/05/2023;14:20:00;156079,13;156211,39;155939,90;155981,67;8020891128,00;256987
WINFUT;26/05/2023;14:10:00;156030,40;156239,24;155967,75;156079,13;1,033623415E10;331095
WINFUT;26/05/2023;14:00:00;155758,91;156183,55;155710,18;156023,44;1,146662256E10;367645
WINFUT;26/05/2023;13:50:00;155271,62;155793,71;155229,85;155765,87;1,017446149E10;327221
WINFUT;26/05/2023;13:40:00;155160,24;155299,46;155132,39;155278,58;5264601369,00;169590
WINFUT;26/05/2023;13:30:00;155146,31;155264,66;155118,47;155160,24;7354447085,00;236953
WINFUT;26/05/2023;13:20:00;154937,47;155271,62;154909,63;155139,35;1,042499409E10;335984
WINFUT;26/05/2023;13:10:00;154693,83;154958,36;154686,87;154944,44;5954101815,00;192253
WINFUT;26/05/2023;13:00:00;154631,18;154728,64;154457,15;154693,83;6006894882,00;194244
WINFUT;26/05/2023;12:50:00;154478,03;154686,87;154443,22;154631,18;6316167178,00;204310
WINFUT;26/05/2023;12:40:00;154436,26;154526,76;154352,73;154478,03;5298431730,00;171534
WINFUT;26/05/2023;12:30:00;153802,78;154471,07;153691,40;154443,22;1,557000212E10;505092
WINFUT;26/05/2023;12:20:00;154638,14;154756,48;153774,94;153809,75;2,158504946E10;699342
WINFUT;26/05/2023;12:10:00;155396,92;155403,88;154610,29;154645,10;2,0421575E10;658996
WINFUT;26/05/2023;12:00:00;155445,65;155619,68;155348,19;155396,92;8659044526,00;278489
WINFUT;26/05/2023;11:50:00;155445,65;155703,22;155376,04;155452,61;1,251119483E10;402240
WINFUT;26/05/2023;11:40:00;155919,02;155953,82;155424,76;155438,69;1,401473728E10;450279
WINFUT;26/05/2023;11:30:00;156148,74;156162,66;155765,87;155919,02;1,186249869E10;380456
WINFUT;26/05/2023;11:20:00;156127,86;156406,31;156002,55;156148,74;1,191672375E10;381437
WINFUT;26/05/2023;11:10:00;156322,77;156406,31;156093,05;156134,82;9272652106,00;296688
WINFUT;26/05/2023;11:00:00;156155,70;156364,54;156065,20;156322,77;1,131238301E10;362029
WINFUT;26/05/2023;10:50:00;156260,12;156336,69;156100,01;156155,70;1,012684973E10;324129
WINFUT;26/05/2023;10:40:00;155835,48;156496,80;155807,64;156253,16;1,900589596E10;608043
WINFUT;26/05/2023;10:30:00;155751,95;156058,24;155570,95;155835,48;1,492124637E10;478829
WINFUT;26/05/2023;10:20:00;155744,98;156030,40;155626,64;155758,91;1,314674916E10;421819
WINFUT;26/05/2023;10:10:00;155821,56;155925,98;155529,18;155744,98;1,7988661E10;577652
WINFUT;26/05/2023;10:00:00;156315,81;156378,46;155807,64;155821,56;1,479828377E10;473957
WINFUT;26/05/2023;09:50:00;156044,32;156350,62;155849,40;156315,81;1,34742618E10;431601
WINFUT;26/05/2023;09:40:00;155362,11;156065,20;155355,15;156037,36;1,334628048E10;428508
WINFUT;26/05/2023;09:30:00;155584,87;155654,49;155195,04;155362,11;1,327364853E10;426952
WINFUT;26/05/2023;09:20:00;155334,27;155640,56;155327,31;155570,95;8038981582,00;258447
WINFUT;26/05/2023;09:10:00;155334,27;155577,91;155181,12;155341,23;1,056246922E10;339860
WINFUT;26/05/2023;09:00:00;154958,36;155403,88;154833,05;155327,31;1,409769956E10;454438
WINFUT;25/05/2023;17:50:00;154081,24;154095,16;153948,97;154060,35;980980158,40;31844
WINFUT;25/05/2023;17:40:00;154116,04;154199,58;154032,51;154081,24;2379305267,00;77194
WINFUT;25/05/2023;17:30:00;154004,66;154171,73;153990,74;154123,00;2596099115,00;84243
WINFUT;25/05/2023;17:20:00;154262,23;154276,15;153997,70;154004,66;3707101321,00;120268
WINFUT;25/05/2023;17:10:00;154422,34;154450,18;154213,50;154269,19;3448125205,00;111698
WINFUT;25/05/2023;17:00:00;154220,46;154491,95;154164,77;154415,38;3761893773,00;121912
WINFUT;25/05/2023;16:50:00;154373,61;154415,38;154123,00;154213,50;5443427200,00;176429
WINFUT;25/05/2023;16:40:00;154269,19;154471,07;154220,46;154373,61;5949017284,00;192697
WINFUT;25/05/2023;16:30:00;154185,65;154317,92;154081,24;154276,15;6545818219,00;212247
WINFUT;25/05/2023;16:20:00;154025,55;154192,62;153942,01;154178,69;4979497118,00;161592
WINFUT;25/05/2023;16:10:00;154123,00;154206,54;153851,51;154025,55;6832976174,00;221806
WINFUT;25/05/2023;16:00:00;154192,62;154310,96;154060,35;154123,00;6273116009,00;203444
WINFUT;25/05/2023;15:50:00;154164,77;154324,88;154109,08;154192,62;8033137734,00;260433
WINFUT;25/05/2023;15:40:00;154220,46;154304,00;153844,55;154171,73;1,231141559E10;399467
WINFUT;25/05/2023;15:30:00;154471,07;154519,80;154164,77;154213,50;1,128150295E10;365549
WINFUT;25/05/2023;15:20:00;154359,69;154540,68;154262,23;154471,07;6747958764,00;218514
WINFUT;25/05/2023;15:10:00;154387,53;154443,22;154297,04;154359,69;5305121000,00;171837
WINFUT;25/05/2023;15:00:00;154387,53;154665,98;154290,07;154387,53;1,311502143E10;424516
WINFUT;25/05/2023;14:50:00;154401,45;154443,22;154241,35;154387,53;6669531564,00;216055
WINFUT;25/05/2023;14:40:00;154742,56;154749,52;154380,57;154401,45;7129800662,00;230679
WINFUT;25/05/2023;14:30:00;154659,02;154819,13;154596,37;154742,56;6091122315,00;196858
WINFUT;25/05/2023;14:20:00;154582,45;154874,82;154547,64;154652,06;7832507274,00;253144
WINFUT;25/05/2023;14:10:00;154478,03;154610,29;154443,22;154582,45;4575561460,00;148048
WINFUT;25/05/2023;14:00:00;154422,34;154512,84;154290,07;154484,99;5663821041,00;183400
WINFUT;25/05/2023;13:50:00;154582,45;154645,10;154415,38;154429,30;5056940968,00;163640
WINFUT;25/05/2023;13:40:00;154645,10;154693,83;154526,76;154582,45;4019320052,00;129994
WINFUT;25/05/2023;13:30:00;154596,37;154749,52;154478,03;154645,10;8356902137,00;270238
WINFUT;25/05/2023;13:20:00;154401,45;154645,10;154380,57;154596,37;5304396415,00;171636
WINFUT;25/05/2023;13:10:00;154310,96;154478,03;154304,00;154401,45;5095802824,00;165025
WINFUT;25/05/2023;13:00:00;154074,27;154373,61;154032,51;154304,00;6715954001,00;217720
WINFUT;25/05/2023;12:50:00;153928,09;154150,85;153879,36;154074,27;6805437365,00;220913
WINFUT;25/05/2023;12:40:00;154032,51;154032,51;153510,41;153921,13;1,363592896E10;443393
WINFUT;25/05/2023;12:30:00;154464,11;154533,72;153976,82;154025,55;1,002189452E10;324818
WINFUT;25/05/2023;12:20:00;154519,80;154610,29;154408,42;154457,15;7339320786,00;237504
WINFUT;25/05/2023;12:10:00;154631,18;154672,95;154352,73;154526,76;1,106241752E10;358011
WINFUT;25/05/2023;12:00:00;154860,90;155076,70;154624,22;154624,22;1,31794618E10;425446
WINFUT;25/05/2023;11:50:00;154408,42;154867,86;154373,61;154860,90;9794760496,00;316736
WINFUT;25/05/2023;11:40:00;154143,89;154491,95;154143,89;154401,45;1,075206146E10;348365
WINFUT;25/05/2023;11:30:00;153844,55;154213,50;153761,02;154150,85;1,171277386E10;380208
WINFUT;25/05/2023;11:20:00;153969,85;154150,85;153823,67;153837,59;1,343318711E10;436144
WINFUT;25/05/2023;11:10:00;154394,49;154401,45;153969,85;153976,82;1,357543685E10;440247
WINFUT;25/05/2023;11:00:00;154547,64;154735,60;154206,54;154401,45;1,227350714E10;397382
WINFUT;25/05/2023;10:50:00;154589,41;154749,52;154331,84;154547,64;1,246525429E10;403269
WINFUT;25/05/2023;10:40:00;154297,04;154888,75;153976,82;154589,41;2,245143161E10;726805
WINFUT;25/05/2023;10:30:00;154944,44;154958,36;154276,15;154304,00;2,078680135E10;672280
WINFUT;25/05/2023;10:20:00;155048,85;155313,38;154881,78;154937,47;1,273539423E10;410592
WINFUT;25/05/2023;10:10:00;155480,46;155765,87;154993,16;155048,85;2,52020702E10;810970
WINFUT;25/05/2023;10:00:00;154735,60;155557,03;154540,68;155473,49;2,250007164E10;726511
WINFUT;25/05/2023;09:50:00;154881,78;154958,36;154714,71;154728,64;4560531250,00;147229
WINFUT;25/05/2023;09:40:00;155153,27;155202,00;154756,48;154874,82;9271769309,00;299177
WINFUT;25/05/2023;09:30:00;154923,55;155208,96;154693,83;155146,31;1,002630669E10;323380
WINFUT;25/05/2023;09:20:00;155160,24;155181,12;154624,22;154923,55;1,261738136E10;407289
WINFUT;25/05/2023;09:10:00;154707,75;155195,04;154610,29;155167,20;1,457469978E10;470444
WINFUT;25/05/2023;09:00:00;153559,14;154958,36;153426,87;154700,79;2,288894071E10;741237
WINFUT;24/05/2023;17:50:00;152807,32;153050,96;152800,36;153050,96;1097345502,00;35876
WINFUT;24/05/2023;17:40:00;152779,47;152869,97;152730,74;152814,28;2609193368,00;85373
WINFUT;24/05/2023;17:30:00;152814,28;152890,85;152675,05;152779,47;3322548231,00;108735
WINFUT;24/05/2023;17:20:00;152661,13;152981,35;152654,17;152814,28;5917413124,00;193529
WINFUT;24/05/2023;17:10:00;152633,29;152751,63;152591,52;152661,13;2902110844,00;95052
WINFUT;24/05/2023;17:00:00;152473,18;152675,05;152396,60;152626,33;4922873662,00;161343
WINFUT;24/05/2023;16:50:00;152584,56;152584,56;152326,99;152480,14;6856737662,00;224878
WINFUT;24/05/2023;16:40:00;152598,48;152640,25;152521,91;152584,56;3743182725,00;122665
WINFUT;24/05/2023;16:30:00;152514,94;152883,89;152514,94;152598,48;9080436032,00;297354
WINFUT;24/05/2023;16:20:00;152466,22;152716,82;152417,49;152514,94;8383162553,00;274732
WINFUT;24/05/2023;16:10:00;152361,80;152535,83;152313,07;152466,22;5341632800,00;175252
WINFUT;24/05/2023;16:00:00;152480,14;152494,06;152340,91;152361,80;5577694824,00;182986
WINFUT;24/05/2023;15:50:00;152661,13;152675,05;152438,37;152480,14;4304290315,00;141076
WINFUT;24/05/2023;15:40:00;152695,94;152723,78;152514,94;152661,13;4507231913,00;147683
WINFUT;24/05/2023;15:30:00;152661,13;152772,51;152598,48;152695,94;4584081194,00;150109
WINFUT;24/05/2023;15:20:00;152793,40;152939,58;152577,60;152654,17;7750414296,00;253700
WINFUT;24/05/2023;15:10:00;152556,71;152890,85;152501,02;152793,40;5457071090,00;178702
WINFUT;24/05/2023;15:00:00;152514,94;152800,36;152445,33;152549,75;5357231127,00;175479
WINFUT;24/05/2023;14:50:00;152709,86;152828,20;152438,37;152521,91;4340781607,00;142120
WINFUT;24/05/2023;14:40:00;152619,36;152779,47;152598,48;152709,86;4535063319,00;148499
WINFUT;24/05/2023;14:30:00;152556,71;152723,78;152487,10;152612,40;5878615031,00;192594
WINFUT;24/05/2023;14:20:00;152487,10;152730,74;152445,33;152556,71;8419183762,00;275917
WINFUT;24/05/2023;14:10:00;152347,87;152494,06;152320,03;152487,10;4063974171,00;133334
WINFUT;24/05/2023;14:00:00;152410,53;152424,45;152271,30;152340,91;5068926249,00;166359
WINFUT;24/05/2023;13:50:00;152333,95;152507,98;152313,07;152403,56;5774740060,00;189445
WINFUT;24/05/2023;13:40:00;152396,60;152431,41;152229,53;152333,95;5726968233,00;187983
WINFUT;24/05/2023;13:30:00;152333,95;152452,29;152180,80;152396,60;9266702332,00;304200
WINFUT;24/05/2023;13:20:00;152354,84;152445,33;151978,93;152340,91;1,345135303E10;441880
WINFUT;24/05/2023;13:10:00;153002,24;153009,20;152320,03;152354,84;1,338170759E10;438407
WINFUT;24/05/2023;13:00:00;153120,58;153134,50;152828,20;152995,27;8786347299,00;287180
WINFUT;24/05/2023;12:50:00;153162,34;153204,11;153092,73;153120,58;3658118936,00;119431
WINFUT;24/05/2023;12:40:00;153419,91;153468,64;153120,58;153162,34;7958857757,00;259655
WINFUT;24/05/2023;12:30:00;153280,69;153419,91;153183,23;153412,95;6654803340,00;217077
WINFUT;24/05/2023;12:20:00;153148,42;153705,33;153113,62;153273,73;1,278372152E10;416581
WINFUT;24/05/2023;12:10:00;153308,53;153336,38;153050,96;153155,38;6443180671,00;210293
WINFUT;24/05/2023;12:00:00;153127,54;153322,45;153037,04;153308,53;7290152644,00;238022
WINFUT;24/05/2023;11:50:00;153176,27;153273,73;153078,81;153134,50;6396228651,00;208793
WINFUT;24/05/2023;11:40:00;153336,38;153364,22;153030,08;153169,31;8054472127,00;262918
WINFUT;24/05/2023;11:30:00;153064,89;153357,26;152981,35;153343,34;9983411219,00;325912
WINFUT;24/05/2023;11:20:00;153329,42;153385,11;153023,12;153064,89;9787704141,00;319570
WINFUT;24/05/2023;11:10:00;153009,20;153426,87;153009,20;153329,42;1,32245806E10;431478
WINFUT;24/05/2023;11:00:00;152654,17;153078,81;152612,40;153016,16;1,351711992E10;442328
WINFUT;24/05/2023;10:50:00;152995,27;153037,04;152452,29;152654,17;1,628514276E10;533231
WINFUT;24/05/2023;10:40:00;153322,45;153364,22;152904,78;152995,27;1,510666553E10;493393
WINFUT;24/05/2023;10:30:00;153364,22;153510,41;153044,00;153322,45;1,809984313E10;590451
WINFUT;24/05/2023;10:20:00;153064,89;153468,64;153037,04;153357,26;1,387185524E10;452560
WINFUT;24/05/2023;10:10:00;152869,97;153211,07;152793,40;153064,89;1,298307466E10;424222
WINFUT;24/05/2023;10:00:00;153329,42;153350,30;152250,42;152869,97;3,14281075E10;1028930
WINFUT;24/05/2023;09:50:00;153823,67;153879,36;153197,15;153329,42;1,17116262E10;381285
WINFUT;24/05/2023;09:40:00;153754,05;153983,78;153698,36;153823,67;1,056302932E10;343307
WINFUT;24/05/2023;09:30:00;153767,98;153788,86;153593,94;153754,05;6715570411,00;218516
WINFUT;24/05/2023;09:20:00;153774,94;153851,51;153635,71;153774,94;1,057705288E10;343949
WINFUT;24/05/2023;09:10:00;153907,20;153955,93;153712,29;153774,94;7154786998,00;232534
WINFUT;24/05/2023;09:00:00;154074,27;154645,10;153754,05;153900,24;1,21514838E10;394347
WINFUT;23/05/2023;17:50:00;154526,76;154672,95;154408,42;154672,95;1077213789,00;34852
WINFUT;23/05/2023;17:40:00;154631,18;154700,79;154359,69;154519,80;4374622460,00;141551
WINFUT;23/05/2023;17:30:00;154352,73;154672,95;154310,96;154631,18;3400346741,00;110052
WINFUT;23/05/2023;17:20:00;154185,65;154394,49;154143,89;154345,76;3774640633,00;122308
WINFUT;23/05/2023;17:10:00;154178,69;154241,35;154053,39;154185,65;2777912492,00;90095
WINFUT;23/05/2023;17:00:00;154046,43;154310,96;154039,47;154185,65;4460099546,00;144612
WINFUT;23/05/2023;16:50:00;154136,93;154192,62;154011,62;154046,43;5149595406,00;167080
WINFUT;23/05/2023;16:40:00;154283,11;154297,04;154053,39;154136,93;6636090127,00;215235
WINFUT;23/05/2023;16:30:00;154283,11;154429,30;154192,62;154283,11;6078584243,00;196954
WINFUT;23/05/2023;16:20:00;154081,24;154359,69;154046,43;154290,07;7877727632,00;255359
WINFUT;23/05/2023;16:10:00;154331,84;154478,03;154018,58;154088,20;9326115845,00;302212
WINFUT;23/05/2023;16:00:00;154143,89;154345,76;154116,04;154331,84;8138101290,00;263806
WINFUT;23/05/2023;15:50:00;153921,13;154164,77;153823,67;154150,85;8975399830,00;291403
WINFUT;23/05/2023;15:40:00;153990,74;154136,93;153747,09;153914,16;1,410975127E10;458292
WINFUT;23/05/2023;15:30:00;154157,81;154401,45;153983,78;153997,70;1,38556226E10;449267
WINFUT;23/05/2023;15:20:00;155021,01;155069,74;154074,27;154164,77;2,065197803E10;668463
WINFUT;23/05/2023;15:10:00;155487,42;155515,26;154916,59;155027,97;1,109587724E10;357424
WINFUT;23/05/2023;15:00:00;155494,38;155570,95;155389,96;155480,46;8580135317,00;275910
WINFUT;23/05/2023;14:50:00;155480,46;155557,03;155396,92;155494,38;6908793681,00;222165
WINFUT;23/05/2023;14:40:00;155557,03;155717,14;155459,57;155480,46;7102603249,00;228268
WINFUT;23/05/2023;14:30:00;155584,87;155668,41;155501,34;155550,07;6969394524,00;223974
WINFUT;23/05/2023;14:20:00;155772,83;155800,67;155550,07;155584,87;6093793908,00;195686
WINFUT;23/05/2023;14:10:00;155710,18;156002,55;155703,22;155779,79;9155861986,00;293764
WINFUT;23/05/2023;14:00:00;155508,30;155779,79;155494,38;155717,14;6661782197,00;214016
WINFUT;23/05/2023;13:50:00;155362,11;155598,80;155327,31;155508,30;7240981598,00;232875
WINFUT;23/05/2023;13:40:00;155125,43;155396,92;155104,55;155362,11;9458701497,00;304600
WINFUT;23/05/2023;13:30:00;155403,88;155570,95;155083,66;155125,43;1,094537243E10;352237
WINFUT;23/05/2023;13:20:00;155424,76;155501,34;155362,11;155403,88;6925247498,00;222788
WINFUT;23/05/2023;13:10:00;155417,80;155529,18;155306,42;155417,80;9596382624,00;308725
WINFUT;23/05/2023;13:00:00;155793,71;155800,67;155236,81;155417,80;1,243212031E10;399751
WINFUT;23/05/2023;12:50:00;155995,59;156009,51;155724,10;155793,71;8208147546,00;263362
WINFUT;23/05/2023;12:40:00;156051,28;156141,78;155905,09;155988,63;9317147187,00;298579
WINFUT;23/05/2023;12:30:00;155884,21;156072,16;155744,98;156058,24;6924115292,00;222120
WINFUT;23/05/2023;12:20:00;155856,36;155974,71;155793,71;155877,25;7390701932,00;237063
WINFUT;23/05/2023;12:10:00;155682,33;155905,09;155619,68;155856,36;7974454489,00;255951
WINFUT;23/05/2023;12:00:00;155605,76;155772,83;155550,07;155682,33;8106534262,00;260386
WINFUT;23/05/2023;11:50:00;155557,03;155738,02;155508,30;155605,76;8832926568,00;283770
WINFUT;23/05/2023;11:40:00;155466,53;155731,06;155341,23;155557,03;1,441706946E10;463461
WINFUT;23/05/2023;11:30:00;155424,76;155487,42;155257,69;155466,53;8400822597,00;270309
WINFUT;23/05/2023;11:20:00;155278,58;155515,26;155132,39;155424,76;1,329122387E10;427782
WINFUT;23/05/2023;11:10:00;155083,66;155369,07;154874,82;155278,58;1,401281994E10;451720
WINFUT;23/05/2023;11:00:00;155021,01;155264,66;154819,13;155083,66;1,369574221E10;441579
WINFUT;23/05/2023;10:50:00;154770,40;155055,82;154679,91;155027,97;1,40425793E10;453328
WINFUT;23/05/2023;10:40:00;154881,78;154958,36;154603,33;154770,40;1,298412892E10;419440
WINFUT;23/05/2023;10:30:00;155125,43;155181,12;154763,44;154874,82;1,697040568E10;547611
WINFUT;23/05/2023;10:20:00;155313,38;155327,31;154916,59;155125,43;1,432826963E10;461776
WINFUT;23/05/2023;10:10:00;154338,80;155334,27;154164,77;155313,38;2,500941423E10;808282
WINFUT;23/05/2023;10:00:00;154359,69;154756,48;154060,35;154338,80;2,179056434E10;705605
WINFUT;23/05/2023;09:50:00;154380,57;154464,11;154276,15;154359,69;6553553015,00;212253
WINFUT;23/05/2023;09:40:00;154213,50;154457,15;154199,58;154380,57;7096988516,00;229975
WINFUT;23/05/2023;09:30:00;154387,53;154387,53;153921,13;154206,54;1,105382464E10;358617
WINFUT;23/05/2023;09:20:00;154255,27;154401,45;154199,58;154387,53;4425283247,00;143406
WINFUT;23/05/2023;09:10:00;154512,84;154533,72;154241,35;154248,31;6658770629,00;215667
WINFUT;23/05/2023;09:00:00;154359,69;154512,84;154123,00;154512,84;1,060522225E10;343691
WINFUT;22/05/2023;17:50:00;154624,22;154895,71;154624,22;154895,71;1188864965,00;38406
WINFUT;22/05/2023;17:40:00;154728,64;154742,56;154540,68;154617,25;2469223149,00;79841
WINFUT;22/05/2023;17:30:00;154679,91;154749,52;154547,64;154728,64;3370651580,00;108971
WINFUT;22/05/2023;17:20:00;154373,61;154721,67;154366,65;154679,91;4318579778,00;139699
WINFUT;22/05/2023;17:10:00;154450,18;154568,53;154310,96;154373,61;5391997327,00;174557
WINFUT;22/05/2023;17:00:00;154659,02;154672,95;154415,38;154443,22;4175562862,00;135087
WINFUT;22/05/2023;16:50:00;154505,87;154700,79;154491,95;154659,02;5387151161,00;174221
WINFUT;22/05/2023;16:40:00;154812,17;154853,94;154478,03;154505,87;7866213326,00;254247
WINFUT;22/05/2023;16:30:00;154993,16;155021,01;154735,60;154805,21;5581612812,00;180167
WINFUT;22/05/2023;16:20:00;155041,89;155111,51;154916,59;154993,16;4944653462,00;159486
WINFUT;22/05/2023;16:10:00;154923,55;155076,70;154895,71;155041,89;5441377397,00;175522
WINFUT;22/05/2023;16:00:00;155174,16;155202,00;154895,71;154916,59;5963065659,00;192304
WINFUT;22/05/2023;15:50:00;155208,96;155278,58;155104,55;155181,12;5415089955,00;174459
WINFUT;22/05/2023;15:40:00;155153,27;155229,85;155097,58;155202,00;3103790292,00;100012
WINFUT;22/05/2023;15:30:00;155202,00;155243,77;155132,39;155153,27;2905709699,00;93613
WINFUT;22/05/2023;15:20:00;155195,04;155229,85;155125,43;155208,96;4051475500,00;130541
WINFUT;22/05/2023;15:10:00;155257,69;155299,46;155111,51;155195,04;6162529744,00;198550
WINFUT;22/05/2023;15:00:00;155348,19;155376,04;155236,81;155257,69;4897087497,00;157658
WINFUT;22/05/2023;14:50:00;155362,11;155598,80;155299,46;155341,23;8592573244,00;276398
WINFUT;22/05/2023;14:40:00;155243,77;155389,96;155215,93;155355,15;4614176916,00;148532
WINFUT;22/05/2023;14:30:00;155083,66;155334,27;155076,70;155236,81;5771900262,00;185919
WINFUT;22/05/2023;14:20:00;155188,08;155208,96;155000,13;155076,70;6336443764,00;204306
WINFUT;22/05/2023;14:10:00;155104,55;155264,66;155027,97;155188,08;8535159128,00;275076
WINFUT;22/05/2023;14:00:00;155062,78;155153,27;154986,20;155111,51;7430017369,00;239581
WINFUT;22/05/2023;13:50:00;154930,51;155097,58;154923,55;155069,74;8998710589,00;290270
WINFUT;22/05/2023;13:40:00;155014,05;155076,70;154860,90;154930,51;9921464240,00;320098
WINFUT;22/05/2023;13:30:00;155146,31;155188,08;154923,55;155021,01;8924914531,00;287834
WINFUT;22/05/2023;13:20:00;155097,58;155195,04;154958,36;155146,31;7723647085,00;249055
WINFUT;22/05/2023;13:10:00;155076,70;155160,24;155041,89;155090,62;5782789870,00;186428
WINFUT;22/05/2023;13:00:00;155132,39;155167,20;154993,16;155076,70;5608639616,00;180834
WINFUT;22/05/2023;12:50:00;154972,28;155146,31;154965,32;155132,39;5614966052,00;181056
WINFUT;22/05/2023;12:40:00;155076,70;155181,12;154902,67;154965,32;6875902587,00;221733
WINFUT;22/05/2023;12:30:00;155389,96;155438,69;155048,85;155069,74;8364632854,00;269370
WINFUT;22/05/2023;12:20:00;155236,81;155494,38;155229,85;155383,00;7984928471,00;256991
WINFUT;22/05/2023;12:10:00;155027,97;155452,61;154986,20;155236,81;9566987847,00;308077
WINFUT;22/05/2023;12:00:00;155118,47;155160,24;154937,47;155027,97;9543859454,00;307781
WINFUT;22/05/2023;11:50:00;155097,58;155334,27;154986,20;155125,43;9854407358,00;317543
WINFUT;22/05/2023;11:40:00;155104,55;155146,31;154819,13;155097,58;9510683310,00;306832
WINFUT;22/05/2023;11:30:00;155208,96;155313,38;155076,70;155097,58;8499004403,00;273840
WINFUT;22/05/2023;11:20:00;155048,85;155292,50;154993,16;155215,93;1,007629382E10;324738
WINFUT;22/05/2023;11:10:00;154756,48;155195,04;154693,83;155048,85;1,331607824E10;429517
WINFUT;22/05/2023;11:00:00;154902,67;155222,89;154665,98;154749,52;1,596247842E10;514961
WINFUT;22/05/2023;10:50:00;155055,82;155195,04;154693,83;154902,67;1,386335389E10;447336
WINFUT;22/05/2023;10:40:00;155139,35;155417,80;154540,68;155055,82;2,293811792E10;739858
WINFUT;22/05/2023;10:30:00;156176,58;156197,47;155090,62;155139,35;1,983315147E10;637290
WINFUT;22/05/2023;10:20:00;156016,47;156253,16;156002,55;156169,62;8218393864,00;263199
WINFUT;22/05/2023;10:10:00;155981,67;156698,68;155786,75;156009,51;2,717040501E10;869438
WINFUT;22/05/2023;10:00:00;155153,27;156253,16;154840,02;155981,67;3,218800163E10;1035467
WINFUT;22/05/2023;09:50:00;155181,12;155306,42;155146,31;155153,27;4658096552,00;150040
WINFUT;22/05/2023;09:40:00;155222,89;155389,96;155132,39;155181,12;5552338980,00;178803
WINFUT;22/05/2023;09:30:00;155139,35;155320,35;155111,51;155222,89;5372158892,00;173032
WINFUT;22/05/2023;09:20:00;155320,35;155341,23;155021,01;155139,35;9002644135,00;290105
WINFUT;22/05/2023;09:10:00;155097,58;155341,23;155007,09;155320,35;7195802557,00;231903
WINFUT;22/05/2023;09:00:00;154888,75;155403,88;154867,86;155097,58;9509212819,00;306423
WINFUT;19/05/2023;17:50:00;155306,42;155341,23;155125,43;155167,20;1140375514,00;36739
WINFUT;19/05/2023;17:40:00;155250,73;155376,04;155208,96;155306,42;2966170431,00;95508
WINFUT;19/05/2023;17:30:00;155424,76;155473,49;155250,73;155250,73;2744378497,00;88321
WINFUT;19/05/2023;17:20:00;155424,76;155494,38;155396,92;155431,73;2346587982,00;75477
WINFUT;19/05/2023;17:10:00;155438,69;155529,18;155257,69;155417,80;4699132128,00;151199
WINFUT;19/05/2023;17:00:00;155438,69;155459,57;155202,00;155445,65;5098449249,00;164127
WINFUT;19/05/2023;16:50:00;155494,38;155501,34;155396,92;155445,65;3860411452,00;124171
WINFUT;19/05/2023;16:40:00;155327,31;155536,15;155271,62;155494,38;6307764853,00;202925
WINFUT;19/05/2023;16:30:00;155160,24;155376,04;155048,85;155327,31;7129032653,00;229682
WINFUT;19/05/2023;16:20:00;155348,19;155396,92;155153,27;155160,24;6924973835,00;223006
WINFUT;19/05/2023;16:10:00;155334,27;155417,80;155292,50;155341,23;5189849962,00;167038
WINFUT;19/05/2023;16:00:00;155271,62;155369,07;155202,00;155341,23;5976196962,00;192420
WINFUT;19/05/2023;15:50:00;155062,78;155306,42;155021,01;155264,66;8325910720,00;268292
WINFUT;19/05/2023;15:40:00;155473,49;155515,26;154972,28;155062,78;9614594067,00;309668
WINFUT;19/05/2023;15:30:00;155612,72;155696,26;155410,84;155473,49;7090540299,00;227916
WINFUT;19/05/2023;15:20:00;155445,65;155682,33;155445,65;155605,76;6904755883,00;221900
WINFUT;19/05/2023;15:10:00;155640,56;155675,37;155313,38;155452,61;9238586836,00;297100
WINFUT;19/05/2023;15:00:00;155626,64;155731,06;155598,80;155633,60;5038865181,00;161852
WINFUT;19/05/2023;14:50:00;155807,64;155807,64;155619,68;155633,60;6393260164,00;205299
WINFUT;19/05/2023;14:40:00;155967,75;155988,63;155793,71;155800,67;6038028023,00;193644
WINFUT;19/05/2023;14:30:00;155765,87;156106,97;155758,91;155974,71;8571782015,00;274813
WINFUT;19/05/2023;14:20:00;155821,56;155863,33;155717,14;155765,87;5399927234,00;173292
WINFUT;19/05/2023;14:10:00;155605,76;155821,56;155536,15;155814,60;5700211476,00;183065
WINFUT;19/05/2023;14:00:00;155570,95;155675,37;155508,30;155612,72;5126657722,00;164744
WINFUT;19/05/2023;13:50:00;155466,53;155689,29;155459,57;155570,95;6634420664,00;213241
WINFUT;19/05/2023;13:40:00;155292,50;155480,46;155257,69;155466,53;4907439452,00;157895
WINFUT;19/05/2023;13:30:00;155313,38;155327,31;155160,24;155292,50;5082064675,00;163679
WINFUT;19/05/2023;13:20:00;155313,38;155383,00;155264,66;155320,35;2639614700,00;84967
WINFUT;19/05/2023;13:10:00;155250,73;155445,65;155215,93;155306,42;5990599786,00;192834
WINFUT;19/05/2023;13:00:00;155320,35;155355,15;155111,51;155250,73;7002849822,00;225542
WINFUT;19/05/2023;12:50:00;155292,50;155550,07;155278,58;155320,35;7212337562,00;232040
WINFUT;19/05/2023;12:40:00;155271,62;155403,88;155104,55;155292,50;9323913453,00;300247
WINFUT;19/05/2023;12:30:00;155605,76;155654,49;155202,00;155278,58;1,142789224E10;367722
WINFUT;19/05/2023;12:20:00;155445,65;155863,33;155431,73;155605,76;1,366686581E10;438984
WINFUT;19/05/2023;12:10:00;155355,15;155563,99;155125,43;155445,65;1,387000449E10;446393
WINFUT;19/05/2023;12:00:00;155341,23;155438,69;155181,12;155348,19;7778019152,00;250441
WINFUT;19/05/2023;11:50:00;155355,15;155431,73;155243,77;155348,19;7035896244,00;226458
WINFUT;19/05/2023;11:40:00;155215,93;155424,76;155048,85;155355,15;1,030820639E10;332068
WINFUT;19/05/2023;11:30:00;155069,74;155264,66;155041,89;155215,93;1,012499919E10;326292
WINFUT;19/05/2023;11:20:00;154860,90;155090,62;154763,44;155069,74;8573371824,00;276722
WINFUT;19/05/2023;11:10:00;154561,56;154979,24;154491,95;154867,86;9910557255,00;320278
WINFUT;19/05/2023;11:00:00;154826,09;154840,02;154457,15;154561,56;1,416583064E10;458054
WINFUT;19/05/2023;10:50:00;154812,17;155090,62;154679,91;154819,13;1,53533545E10;495615
WINFUT;19/05/2023;10:40:00;154401,45;154860,90;154324,88;154819,13;1,323284575E10;428063
WINFUT;19/05/2023;10:30:00;154297,04;154596,37;154185,65;154401,45;1,466467906E10;474930
WINFUT;19/05/2023;10:20:00;154352,73;154672,95;154227,42;154297,04;1,718295909E10;556330
WINFUT;19/05/2023;10:10:00;154846,98;154874,82;153962,89;154345,76;2,557113944E10;828539
WINFUT;19/05/2023;10:00:00;155696,26;155724,10;154784,33;154846,98;1,8006285E10;579766
WINFUT;19/05/2023;09:50:00;155717,14;155765,87;155570,95;155696,26;8061812582,00;258942
WINFUT;19/05/2023;09:40:00;155591,84;155856,36;155369,07;155717,14;1,592794802E10;511802
WINFUT;19/05/2023;09:30:00;154867,86;155640,56;154826,09;155584,87;1,465377182E10;471966
WINFUT;19/05/2023;09:20:00;154735,60;154902,67;154679,91;154867,86;5840823867,00;188693
WINFUT;19/05/2023;09:10:00;154798,25;154993,16;154679,91;154735,60;8823816683,00;284969
WINFUT;19/05/2023;09:00:00;154652,06;155174,16;154540,68;154791,29;1,159690671E10;374343
WINFUT;18/05/2023;17:50:00;154846,98;154846,98;154617,25;154735,60;1119078435,00;36161
WINFUT;18/05/2023;17:40:00;154791,29;154916,59;154714,71;154840,02;3048851040,00;98453
WINFUT;18/05/2023;17:30:00;154672,95;154833,05;154624,22;154784,33;2604928878,00;84171
WINFUT;18/05/2023;17:20:00;154770,40;154777,36;154568,53;154672,95;3642399702,00;117748
WINFUT;18/05/2023;17:10:00;154777,36;154916,59;154714,71;154770,40;5204322714,00;168081
WINFUT;18/05/2023;17:00:00;154707,75;154777,36;154533,72;154777,36;5417175093,00;175138
WINFUT;18/05/2023;16:50:00;154659,02;154819,13;154610,29;154700,79;5853689839,00;189176
WINFUT;18/05/2023;16:40:00;154672,95;154770,40;154596,37;154665,98;6478912469,00;209420
WINFUT;18/05/2023;16:30:00;154262,23;154693,83;154255,27;154679,91;9997540195,00;323570
WINFUT;18/05/2023;16:20:00;154338,80;154373,61;154178,69;154262,23;5650231895,00;183139
WINFUT;18/05/2023;16:10:00;154269,19;154366,65;154109,08;154338,80;7218685200,00;234034
WINFUT;18/05/2023;16:00:00;154317,92;154359,69;154206,54;154262,23;4885154113,00;158323
WINFUT;18/05/2023;15:50:00;154436,26;154491,95;154290,07;154317,92;5811636513,00;188238
WINFUT;18/05/2023;15:40:00;154415,38;154512,84;154331,84;154436,26;8161579829,00;264242
WINFUT;18/05/2023;15:30:00;154283,11;154484,99;154262,23;154408,42;7061550760,00;228664
WINFUT;18/05/2023;15:20:00;154220,46;154359,69;154136,93;154283,11;6897339947,00;223575
WINFUT;18/05/2023;15:10:00;154213,50;154310,96;153976,82;154220,46;1,040876833E10;337614
WINFUT;18/05/2023;15:00:00;153795,82;154248,31;153795,82;154213,50;1,395260675E10;453047
WINFUT;18/05/2023;14:50:00;153607,87;153809,75;153559,14;153802,78;5097558786,00;165846
WINFUT;18/05/2023;14:40:00;153642,67;153684,44;153531,29;153614,83;5419209274,00;176395
WINFUT;18/05/2023;14:30:00;153628,75;153684,44;153580,02;153642,67;5370651925,00;174787
WINFUT;18/05/2023;14:20:00;153656,60;153837,59;153607,87;153628,75;9236813568,00;300427
WINFUT;18/05/2023;14:10:00;153531,29;153705,33;153496,49;153663,56;5055805453,00;164601
WINFUT;18/05/2023;14:00:00;153475,60;153607,87;153454,72;153531,29;4758966655,00;154993
WINFUT;18/05/2023;13:50:00;153524,33;153586,98;153426,87;153468,64;4946023418,00;161113
WINFUT;18/05/2023;13:40:00;153573,06;153600,91;153475,60;153524,33;4190687029,00;136467
WINFUT;18/05/2023;13:30:00;153663,56;153684,44;153496,49;153573,06;6073741847,00;197711
WINFUT;18/05/2023;13:20:00;153580,02;153684,44;153489,53;153656,60;5848522187,00;190401
WINFUT;18/05/2023;13:10:00;153461,68;153677,48;153350,30;153586,98;7462218511,00;243053
WINFUT;18/05/2023;13:00:00;153524,33;153573,06;153378,14;153468,64;5128584049,00;167082
WINFUT;18/05/2023;12:50:00;153419,91;153580,02;153378,14;153517,37;4752933416,00;154833
WINFUT;18/05/2023;12:40:00;153510,41;153538,25;153301,57;153412,95;6671104476,00;217419
WINFUT;18/05/2023;12:30:00;153489,53;153614,83;153399,03;153503,45;5721385173,00;186346
WINFUT;18/05/2023;12:20:00;153350,30;153538,25;153301,57;153496,49;5891327510,00;191970
WINFUT;18/05/2023;12:10:00;153294,61;153545,22;153287,65;153350,30;8964930980,00;292197
WINFUT;18/05/2023;12:00:00;153134,50;153385,11;153092,73;153287,65;1,0194965E10;332661
WINFUT;18/05/2023;11:50:00;153600,91;153614,83;153071,85;153127,54;1,073396429E10;350062
WINFUT;18/05/2023;11:40:00;153600,91;153684,44;153433,84;153600,91;1,052014395E10;342552
WINFUT;18/05/2023;11:30:00;153600,91;153830,63;153475,60;153593,94;1,239425233E10;403348
WINFUT;18/05/2023;11:20:00;153677,48;153740,13;153475,60;153607,87;1,330357741E10;433046
WINFUT;18/05/2023;11:10:00;153329,42;153795,82;153301,57;153670,52;1,52903601E10;497703
WINFUT;18/05/2023;11:00:00;153141,46;153447,76;152744,67;153336,38;1,770270674E10;578320
WINFUT;18/05/2023;10:50:00;153141,46;153364,22;153002,24;153141,46;1,235322568E10;403272
WINFUT;18/05/2023;10:40:00;153127,54;153475,60;153099,69;153134,50;1,634663012E10;533307
WINFUT;18/05/2023;10:30:00;153635,71;153712,29;152876,93;153127,54;2,274070611E10;741831
WINFUT;18/05/2023;10:20:00;153357,26;153726,21;153120,58;153635,71;1,389478919E10;452903
WINFUT;18/05/2023;10:10:00;153510,41;153580,02;153218,04;153350,30;1,507492213E10;491385
WINFUT;18/05/2023;10:00:00;152918,70;153663,56;152876,93;153510,41;1,979964575E10;645663
WINFUT;18/05/2023;09:50:00;152856,05;152974,39;152786,44;152904,78;8514534363,00;278485
WINFUT;18/05/2023;09:40:00;152654,17;152946,54;152647,21;152863,01;9459058047,00;309488
WINFUT;18/05/2023;09:30:00;153169,31;153197,15;152521,91;152661,13;1,697803905E10;555441
WINFUT;18/05/2023;09:20:00;153078,81;153231,96;152981,35;153169,31;8344856401,00;272519
WINFUT;18/05/2023;09:10:00;153371,18;153426,87;153057,93;153078,81;9198049728,00;300151
WINFUT;18/05/2023;09:00:00;153774,94;153935,05;153329,42;153371,18;9331550547,00;303898
WINFUT;17/05/2023;17:50:00;154192,62;154283,11;154116,04;154116,04;1144314323,00;37110
WINFUT;17/05/2023;17:40:00;154123,00;154262,23;154060,35;154185,65;4220362840,00;136891
WINFUT;17/05/2023;17:30:00;153983,78;154150,85;153976,82;154123,00;4175166739,00;135498
WINFUT;17/05/2023;17:20:00;153879,36;154025,55;153865,44;153990,74;2895138984,00;94041
WINFUT;17/05/2023;17:10:00;153872,40;153955,93;153802,78;153879,36;4196090738,00;136344
WINFUT;17/05/2023;17:00:00;153914,16;153921,13;153767,98;153872,40;4463645359,00;145066
WINFUT;17/05/2023;16:50:00;153747,09;153955,93;153733,17;153914,16;6682673097,00;217199
WINFUT;17/05/2023;16:40:00;153607,87;153774,94;153566,10;153747,09;5449123291,00;177289
WINFUT;17/05/2023;16:30:00;153649,64;153684,44;153524,33;153607,87;6583118125,00;214300
WINFUT;17/05/2023;16:20:00;153670,52;153733,17;153566,10;153649,64;6772443557,00;220380
WINFUT;17/05/2023;16:10:00;153837,59;153907,20;153642,67;153677,48;8052855300,00;261878
WINFUT;17/05/2023;16:00:00;153580,02;153886,32;153566,10;153837,59;7843547345,00;255069
WINFUT;17/05/2023;15:50:00;153621,79;153656,60;153510,41;153586,98;4299338018,00;139962
WINFUT;17/05/2023;15:40:00;153566,10;153726,21;153538,25;153621,79;7083016689,00;230514
WINFUT;17/05/2023;15:30:00;153482,56;153670,52;153440,80;153566,10;8227762955,00;267874
WINFUT;17/05/2023;15:20:00;153642,67;153677,48;153426,87;153489,53;6779614468,00;220780
WINFUT;17/05/2023;15:10:00;153628,75;153740,13;153580,02;153649,64;6391948276,00;207991
WINFUT;17/05/2023;15:00:00;153677,48;153691,40;153496,49;153628,75;5767202933,00;187740
WINFUT;17/05/2023;14:50:00;153740,13;153816,71;153614,83;153670,52;5432076710,00;176701
WINFUT;17/05/2023;14:40:00;153684,44;153802,78;153635,71;153733,17;5658032857,00;184050
WINFUT;17/05/2023;14:30:00;153628,75;153740,13;153586,98;153691,40;6176506211,00;200963
WINFUT;17/05/2023;14:20:00;153538,25;153642,67;153503,45;153628,75;4467376947,00;145446
WINFUT;17/05/2023;14:10:00;153635,71;153705,33;153461,68;153538,25;6784579476,00;220893
WINFUT;17/05/2023;14:00:00;153767,98;153837,59;153482,56;153642,67;1,20512668E10;392095
WINFUT;17/05/2023;13:50:00;153893,28;154025,55;153698,36;153767,98;1,014975016E10;329831
WINFUT;17/05/2023;13:40:00;153740,13;153935,05;153649,64;153886,32;9903921619,00;322001
WINFUT;17/05/2023;13:30:00;153649,64;153788,86;153600,91;153733,17;7667115146,00;249407
WINFUT;17/05/2023;13:20:00;153482,56;153670,52;153468,64;153649,64;6120884287,00;199291
WINFUT;17/05/2023;13:10:00;153447,76;153531,29;153426,87;153482,56;3379364822,00;110093
WINFUT;17/05/2023;13:00:00;153266,76;153545,22;153252,84;153454,72;5147064581,00;167758
WINFUT;17/05/2023;12:50:00;153371,18;153426,87;153211,07;153259,80;5645909049,00;184146
WINFUT;17/05/2023;12:40:00;153350,30;153489,53;153315,49;153371,18;5139293204,00;167513
WINFUT;17/05/2023;12:30:00;153399,03;153433,84;153273,73;153343,34;5444565834,00;177518
WINFUT;17/05/2023;12:20:00;153308,53;153545,22;153204,11;153392,07;9503120164,00;309803
WINFUT;17/05/2023;12:10:00;153155,38;153392,07;153057,93;153315,49;1,030140527E10;336104
WINFUT;17/05/2023;12:00:00;153266,76;153364,22;153016,16;153148,42;1,010864585E10;329999
WINFUT;17/05/2023;11:50:00;153364,22;153503,45;153120,58;153259,80;1,125020037E10;366847
WINFUT;17/05/2023;11:40:00;153343,34;153496,49;153148,42;153364,22;1,120919598E10;365586
WINFUT;17/05/2023;11:30:00;153656,60;153719,25;153329,42;153350,30;9304047671,00;302984
WINFUT;17/05/2023;11:20:00;153350,30;153726,21;153280,69;153656,60;1,145801854E10;373133
WINFUT;17/05/2023;11:10:00;153566,10;153614,83;153176,27;153350,30;9586585911,00;312508
WINFUT;17/05/2023;11:00:00;153357,26;153621,79;153169,31;153573,06;1,329360392E10;433257
WINFUT;17/05/2023;10:50:00;153559,14;153656,60;153294,61;153357,26;1,40363777E10;457333
WINFUT;17/05/2023;10:40:00;153573,06;154018,58;153482,56;153566,10;1,765716857E10;574395
WINFUT;17/05/2023;10:30:00;153740,13;153830,63;153280,69;153580,02;1,706511874E10;555773
WINFUT;17/05/2023;10:20:00;153914,16;153935,05;153566,10;153740,13;1,553572078E10;505157
WINFUT;17/05/2023;10:10:00;153774,94;154255,27;153482,56;153921,13;2,689475618E10;873791
WINFUT;17/05/2023;10:00:00;152807,32;153830,63;152779,47;153767,98;2,80063259E10;913060
WINFUT;17/05/2023;09:50:00;152772,51;152967,43;152709,86;152814,28;9099235917,00;297700
WINFUT;17/05/2023;09:40:00;152688,98;152904,78;152494,06;152772,51;1,328037875E10;434819
WINFUT;17/05/2023;09:30:00;152570,64;152779,47;152514,94;152695,94;8448930016,00;276703
WINFUT;17/05/2023;09:20:00;152257,38;152688,98;152215,61;152577,60;8800237171,00;288557
WINFUT;17/05/2023;09:10:00;152069,42;152361,80;151965,00;152257,38;8091715880,00;265883
WINFUT;17/05/2023;09:00:00;152313,07;152438,37;151971,96;152076,38;1,003919973E10;329732
WINFUT;16/05/2023;17:50:00;151693,51;151930,20;151693,51;151825,78;1514610923,00;49878
WINFUT;16/05/2023;17:40:00;151616,94;151714,40;151575,17;151693,51;3008704761,00;99196
WINFUT;16/05/2023;17:30:00;151533,40;151616,94;151435,94;151616,94;3109911894,00;102600
WINFUT;16/05/2023;17:20:00;151735,28;151756,16;151456,83;151533,40;6304425183,00;207965
WINFUT;16/05/2023;17:10:00;151832,74;151944,12;151721,36;151735,28;3689838060,00;121501
WINFUT;16/05/2023;17:00:00;151630,86;152062,46;151616,94;151825,78;8646352719,00;284689
WINFUT;16/05/2023;16:50:00;152076,38;152090,31;151596,05;151630,86;1,225234594E10;403519
WINFUT;16/05/2023;16:40:00;152605,44;152633,29;152041,58;152076,38;8914246705,00;292508
WINFUT;16/05/2023;16:30:00;152633,29;152772,51;152542,79;152598,48;8646657417,00;283218
WINFUT;16/05/2023;16:20:00;152417,49;152640,25;152152,96;152626,33;1,305200716E10;428276
WINFUT;16/05/2023;16:10:00;152501,02;152661,13;152326,99;152417,49;1,319181968E10;432489
WINFUT;16/05/2023;16:00:00;152981,35;153113,62;152473,18;152501,02;1,177683282E10;385252
WINFUT;16/05/2023;15:50:00;153141,46;153245,88;152897,82;152981,35;8090408710,00;264245
WINFUT;16/05/2023;15:40:00;153259,80;153266,76;153106,65;153141,46;5693139212,00;185819
WINFUT;16/05/2023;15:30:00;153412,95;153419,91;153231,96;153259,80;6377621939,00;207993
WINFUT;16/05/2023;15:20:00;153447,76;153468,64;153280,69;153419,91;6479215010,00;211230
WINFUT;16/05/2023;15:10:00;153322,45;153496,49;153301,57;153454,72;6513472285,00;212321
WINFUT;16/05/2023;15:00:00;153343,34;153419,91;153280,69;153322,45;4599282543,00;149963
WINFUT;16/05/2023;14:50:00;153433,84;153454,72;153294,61;153343,34;5322742584,00;173519
WINFUT;16/05/2023;14:40:00;153357,26;153489,53;153259,80;153440,80;6186205940,00;201652
WINFUT;16/05/2023;14:30:00;153566,10;153593,94;153343,34;153357,26;6620348475,00;215722
WINFUT;16/05/2023;14:20:00;153412,95;153580,02;153399,03;153566,10;5296443977,00;172548
WINFUT;16/05/2023;14:10:00;153385,11;153433,84;153343,34;153412,95;3713684165,00;121053
WINFUT;16/05/2023;14:00:00;153566,10;153586,98;153301,57;153378,14;6925131949,00;225705
WINFUT;16/05/2023;13:50:00;153426,87;153628,75;153322,45;153566,10;8238921310,00;268397
WINFUT;16/05/2023;13:40:00;153301,57;153447,76;153092,73;153419,91;9658200813,00;315080
WINFUT;16/05/2023;13:30:00;153273,73;153301,57;153120,58;153294,61;8033194012,00;262171
WINFUT;16/05/2023;13:20:00;153357,26;153392,07;153252,84;153273,73;6181779713,00;201606
WINFUT;16/05/2023;13:10:00;153412,95;153475,60;153329,42;153357,26;4673290786,00;152326
WINFUT;16/05/2023;13:00:00;153524,33;153524,33;153350,30;153405,99;5315981241,00;173248
WINFUT;16/05/2023;12:50:00;153607,87;153740,13;153482,56;153531,29;6244047093,00;203252
WINFUT;16/05/2023;12:40:00;153385,11;153663,56;153371,18;153607,87;6403452061,00;208544
WINFUT;16/05/2023;12:30:00;153392,07;153489,53;153245,88;153392,07;7367009095,00;240141
WINFUT;16/05/2023;12:20:00;153378,14;153426,87;153211,07;153392,07;6132496615,00;199982
WINFUT;16/05/2023;12:10:00;153343,34;153524,33;153225,00;153378,14;7396870346,00;241125
WINFUT;16/05/2023;12:00:00;153322,45;153475,60;153211,07;153343,34;9749720677,00;317848
WINFUT;16/05/2023;11:50:00;153482,56;153559,14;153155,38;153315,49;1,174972159E10;383163
WINFUT;16/05/2023;11:40:00;153580,02;153740,13;153468,64;153482,56;8422428769,00;274135
WINFUT;16/05/2023;11:30:00;153948,97;153948,97;153343,34;153586,98;1,326782479E10;431779
WINFUT;16/05/2023;11:20:00;153510,41;153955,93;153468,64;153948,97;1,297420897E10;421812
WINFUT;16/05/2023;11:10:00;154060,35;154081,24;153447,76;153503,45;1,787874115E10;581597
WINFUT;16/05/2023;11:00:00;154840,02;154860,90;154018,58;154060,35;1,704224375E10;551985
WINFUT;16/05/2023;10:50:00;154582,45;154888,75;154345,76;154833,05;1,419992785E10;459290
WINFUT;16/05/2023;10:40:00;154227,42;154610,29;154206,54;154582,45;1,57353984E10;509432
WINFUT;16/05/2023;10:30:00;154450,18;154867,86;154136,93;154220,46;2,382136028E10;770828
WINFUT;16/05/2023;10:20:00;153774,94;154498,91;153684,44;154443,22;1,643306241E10;533473
WINFUT;16/05/2023;10:10:00;153754,05;154088,20;153684,44;153774,94;1,965151857E10;638626
WINFUT;16/05/2023;10:00:00;153308,53;153774,94;153266,76;153754,05;1,822805685E10;593705
WINFUT;16/05/2023;09:50:00;153106,65;153322,45;152953,51;153308,53;1,082104635E10;353356
WINFUT;16/05/2023;09:40:00;153044,00;153155,38;153009,20;153113,62;4532080340,00;148026
WINFUT;16/05/2023;09:30:00;153009,20;153078,81;152842,13;153044,00;9267980814,00;302985
WINFUT;16/05/2023;09:20:00;153245,88;153350,30;152974,39;153009,20;8192356207,00;267433
WINFUT;16/05/2023;09:10:00;153009,20;153266,76;152974,39;153245,88;7111671389,00;232270
WINFUT;16/05/2023;09:00:00;152939,58;153218,04;152668,09;153002,24;1,138027423E10;371914
WINFUT;15/05/2023;17:50:00;153266,76;153412,95;153259,80;153322,45;984639972,80;32109
WINFUT;15/05/2023;17:40:00;153426,87;153447,76;153252,84;153266,76;2690461585,00;87710
WINFUT;15/05/2023;17:30:00;153399,03;153489,53;153350,30;153433,84;2535645607,00;82635
WINFUT;15/05/2023;17:20:00;153378,14;153433,84;153287,65;153392,07;2814897879,00;91774
WINFUT;15/05/2023;17:10:00;153280,69;153482,56;153273,73;153378,14;4055107154,00;132178
WINFUT;15/05/2023;17:00:00;153322,45;153489,53;153273,73;153273,73;5879214436,00;191636
WINFUT;15/05/2023;16:50:00;153371,18;153447,76;153252,84;153322,45;5876335101,00;191622
WINFUT;15/05/2023;16:40:00;153447,76;153468,64;153336,38;153364,22;4098320682,00;133590
WINFUT;15/05/2023;16:30:00;153273,73;153475,60;153231,96;153447,76;6392058721,00;208373
WINFUT;15/05/2023;16:20:00;153162,34;153301,57;153085,77;153280,69;4712892161,00;153789
WINFUT;15/05/2023;16:10:00;153071,85;153350,30;153057,93;153169,31;8851978570,00;288890
WINFUT;15/05/2023;16:00:00;153287,65;153287,65;152953,51;153064,89;8604542395,00;280990
WINFUT;15/05/2023;15:50:00;153503,45;153552,18;153225,00;153280,69;8336064701,00;271734
WINFUT;15/05/2023;15:40:00;153155,38;153670,52;153134,50;153503,45;1,293236632E10;421306
WINFUT;15/05/2023;15:30:00;153155,38;153197,15;153044,00;153162,34;4416484085,00;144208
WINFUT;15/05/2023;15:20:00;153085,77;153259,80;153078,81;153148,42;6672188219,00;217797
WINFUT;15/05/2023;15:10:00;153078,81;153183,23;153044,00;153085,77;5520144868,00;180261
WINFUT;15/05/2023;15:00:00;152925,66;153113,62;152925,66;153078,81;6357717352,00;207728
WINFUT;15/05/2023;14:50:00;152863,01;152974,39;152842,13;152925,66;3423771025,00;111953
WINFUT;15/05/2023;14:40:00;152849,09;152939,58;152800,36;152856,05;4392943780,00;143692
WINFUT;15/05/2023;14:30:00;152786,44;152890,85;152751,63;152849,09;4181315023,00;136793
WINFUT;15/05/2023;14:20:00;152835,16;152856,05;152688,98;152786,44;5387559867,00;176332
WINFUT;15/05/2023;14:10:00;152807,32;152883,89;152793,40;152828,20;3066496253,00;100318
WINFUT;15/05/2023;14:00:00;152897,82;152918,70;152772,51;152814,28;3665052616,00;119904
WINFUT;15/05/2023;13:50:00;152869,97;152946,54;152800,36;152897,82;3537702691,00;115700
WINFUT;15/05/2023;13:40:00;152876,93;152932,62;152786,44;152869,97;5365071995,00;175489
WINFUT;15/05/2023;13:30:00;153064,89;153078,81;152758,59;152876,93;8054472109,00;263412
WINFUT;15/05/2023;13:20:00;152904,78;153211,07;152856,05;153064,89;9227307972,00;301439
WINFUT;15/05/2023;13:10:00;152765,55;152918,70;152668,09;152911,74;5045268314,00;165126
WINFUT;15/05/2023;13:00:00;152730,74;152828,20;152612,40;152772,51;5409205104,00;177092
WINFUT;15/05/2023;12:50:00;152668,09;152828,20;152612,40;152730,74;4463284049,00;146130
WINFUT;15/05/2023;12:40:00;152626,33;152695,94;152535,83;152675,05;3512848169,00;115080
WINFUT;15/05/2023;12:30:00;152661,13;152702,90;152507,98;152633,29;4845493231,00;158768
WINFUT;15/05/2023;12:20:00;152640,25;152695,94;152542,79;152661,13;5263183057,00;172424
WINFUT;15/05/2023;12:10:00;152688,98;152814,28;152605,44;152640,25;5678462221,00;185928
WINFUT;15/05/2023;12:00:00;152688,98;152876,93;152647,21;152688,98;6645540953,00;217505
WINFUT;15/05/2023;11:50:00;152682,02;152842,13;152626,33;152688,98;7292650542,00;238748
WINFUT;15/05/2023;11:40:00;152688,98;152800,36;152466,22;152682,02;9034336297,00;295983
WINFUT;15/05/2023;11:30:00;152709,86;152814,28;152570,64;152688,98;8420686941,00;275735
WINFUT;15/05/2023;11:20:00;152786,44;152932,62;152612,40;152716,82;9112443090,00;298263
WINFUT;15/05/2023;11:10:00;152737,71;152897,82;152661,13;152786,44;8681715657,00;284118
WINFUT;15/05/2023;11:00:00;152890,85;153050,96;152556,71;152737,71;1,459753016E10;477775
WINFUT;15/05/2023;10:50:00;152466,22;152995,27;152347,87;152883,89;1,258573471E10;412098
WINFUT;15/05/2023;10:40:00;152654,17;152772,51;152236,49;152473,18;1,774287987E10;581858
WINFUT;15/05/2023;10:30:00;153002,24;153085,77;152591,52;152647,21;1,685699027E10;551428
WINFUT;15/05/2023;10:20:00;152925,66;153412,95;152869,97;153009,20;1,542542377E10;503580
WINFUT;15/05/2023;10:10:00;153002,24;153259,80;152633,29;152925,66;1,867774893E10;610581
WINFUT;15/05/2023;10:00:00;153085,77;153315,49;152911,74;153002,24;1,588654038E10;518873
WINFUT;15/05/2023;09:50:00;152869,97;153225,00;152856,05;153078,81;9489476692,00;309991
WINFUT;15/05/2023;09:40:00;152856,05;153071,85;152793,40;152876,93;7531303340,00;246228
WINFUT;15/05/2023;09:30:00;152876,93;152925,66;152716,82;152856,05;6267772416,00;205096
WINFUT;15/05/2023;09:20:00;153078,81;153113,62;152863,01;152876,93;4546885566,00;148620
WINFUT;15/05/2023;09:10:00;152988,31;153148,42;152890,85;153071,85;6843515258,00;223586
WINFUT;15/05/2023;09:00:00;153287,65;153357,26;152807,32;152981,35;8967469444,00;293025
WINFUT;12/05/2023;17:50:00;152661,13;152695,94;152528,87;152661,13;902474530,10;29561
WINFUT;12/05/2023;17:40:00;152751,63;152786,44;152612,40;152668,09;2250585458,00;73690
WINFUT;12/05/2023;17:30:00;152695,94;152758,59;152668,09;152758,59;1418115506,00;46432
WINFUT;12/05/2023;17:20:00;152668,09;152765,55;152661,13;152695,94;1788725535,00;58564
WINFUT;12/05/2023;17:10:00;152647,21;152800,36;152619,36;152668,09;3622845960,00;118611
WINFUT;12/05/2023;17:00:00;152675,05;152723,78;152542,79;152640,25;3450432804,00;113039
WINFUT;12/05/2023;16:50:00;152459,25;152682,02;152389,64;152675,05;5175799267,00;169635
WINFUT;12/05/2023;16:40:00;152424,45;152480,14;152333,95;152452,29;4037047072,00;132441
WINFUT;12/05/2023;16:30:00;152340,91;152626,33;152340,91;152424,45;7065220102,00;231659
WINFUT;12/05/2023;16:20:00;152424,45;152445,33;152264,34;152340,91;4069224177,00;133555
WINFUT;12/05/2023;16:10:00;152389,64;152445,33;152243,45;152431,41;5052799395,00;165815
WINFUT;12/05/2023;16:00:00;152452,29;152494,06;152285,22;152389,64;5450689930,00;178843
WINFUT;12/05/2023;15:50:00;152507,98;152535,83;152333,95;152459,25;5856849211,00;192117
WINFUT;12/05/2023;15:40:00;152549,75;152702,90;152403,56;152501,02;8687886963,00;284717
WINFUT;12/05/2023;15:30:00;152285,22;152598,48;152271,30;152542,79;8118934638,00;266267
WINFUT;12/05/2023;15:20:00;152187,76;152361,80;152146,00;152285,22;5036073426,00;165356
WINFUT;12/05/2023;15:10:00;152139,03;152236,49;152020,69;152194,73;5587350195,00;183621
WINFUT;12/05/2023;15:00:00;152285,22;152326,99;152097,27;152139,03;5495879334,00;180522
WINFUT;12/05/2023;14:50:00;152292,18;152382,68;152187,76;152278,26;4875491229,00;160068
WINFUT;12/05/2023;14:40:00;152347,87;152382,68;152208,65;152292,18;3685057761,00;120992
WINFUT;12/05/2023;14:30:00;152320,03;152403,56;152222,57;152347,87;4729183664,00;155250
WINFUT;12/05/2023;14:20:00;152173,84;152368,76;152159,92;152326,99;5303273000,00;174129
WINFUT;12/05/2023;14:10:00;152208,65;152243,45;151971,96;152173,84;6824858140,00;224345
WINFUT;12/05/2023;14:00:00;152375,72;152382,68;152048,54;152208,65;9280491799,00;304853
WINFUT;12/05/2023;13:50:00;152166,88;152480,14;152132,07;152368,76;6703503044,00;220046
WINFUT;12/05/2023;13:40:00;152361,80;152424,45;152097,27;152166,88;5526334270,00;181471
WINFUT;12/05/2023;13:30:00;152201,69;152403,56;152180,80;152361,80;5843393166,00;191830
WINFUT;12/05/2023;13:20:00;152375,72;152445,33;152187,76;152208,65;5231299414,00;171690
WINFUT;12/05/2023;13:10:00;152438,37;152563,67;152347,87;152382,68;5084278564,00;166759
WINFUT;12/05/2023;13:00:00;152480,14;152514,94;152320,03;152445,33;5623881114,00;184496
WINFUT;12/05/2023;12:50:00;152535,83;152591,52;152431,41;152480,14;3919377737,00;128493
WINFUT;12/05/2023;12:40:00;152403,56;152570,64;152361,80;152528,87;5648287240,00;185228
WINFUT;12/05/2023;12:30:00;152514,94;152570,64;152403,56;152410,53;6289992463,00;206249
WINFUT;12/05/2023;12:20:00;152890,85;152918,70;152494,06;152507,98;7806207759,00;255652
WINFUT;12/05/2023;12:10:00;152974,39;153009,20;152751,63;152890,85;7397400276,00;241935
WINFUT;12/05/2023;12:00:00;152675,05;153009,20;152640,25;152981,35;8256231171,00;270137
WINFUT;12/05/2023;11:50:00;152675,05;152730,74;152563,67;152675,05;5697752599,00;186630
WINFUT;12/05/2023;11:40:00;152605,44;152730,74;152473,18;152675,05;8133478350,00;266483
WINFUT;12/05/2023;11:30:00;152814,28;152821,24;152243,45;152605,44;1,532951798E10;502501
WINFUT;12/05/2023;11:20:00;152932,62;152981,35;152675,05;152814,28;1,108459152E10;362654
WINFUT;12/05/2023;11:10:00;152542,79;152967,43;152521,91;152925,66;1,269426918E10;415490
WINFUT;12/05/2023;11:00:00;152765,55;152765,55;152285,22;152535,83;1,654215006E10;542444
WINFUT;12/05/2023;10:50:00;151902,35;152869,97;151867,54;152765,55;2,429493632E10;797050
WINFUT;12/05/2023;10:40:00;151554,29;151971,96;151526,44;151909,31;1,797809506E10;592198
WINFUT;12/05/2023;10:30:00;151442,91;151665,67;151150,53;151561,25;1,616949105E10;533863
WINFUT;12/05/2023;10:20:00;151540,36;151637,82;151150,53;151442,91;1,260322944E10;416191
WINFUT;12/05/2023;10:10:00;151596,05;151811,85;151442,91;151540,36;1,437017256E10;473881
WINFUT;12/05/2023;10:00:00;151540,36;151637,82;150969,54;151603,02;1,942956248E10;641964
WINFUT;12/05/2023;09:50:00;151477,71;151582,13;151359,37;151540,36;5726251058,00;189020
WINFUT;12/05/2023;09:40:00;151435,94;151637,82;151435,94;151484,67;5997792851,00;197882
WINFUT;12/05/2023;09:30:00;151582,13;151672,63;151422,02;151442,91;6946346170,00;229150
WINFUT;12/05/2023;09:20:00;151721,36;151916,27;151540,36;151575,17;6938224391,00;228594
WINFUT;12/05/2023;09:10:00;151575,17;151825,78;151422,02;151721,36;8582274905,00;283020
WINFUT;12/05/2023;09:00:00;152173,84;152173,84;151234,07;151575,17;1,236459998E10;407898
WINFUT;11/05/2023;17:50:00;152424,45;152507,98;152173,84;152173,84;1177408900,00;38646
WINFUT;11/05/2023;17:40:00;152410,53;152466,22;152292,18;152417,49;2785698846,00;91416
WINFUT;11/05/2023;17:30:00;152584,56;152661,13;152389,64;152410,53;2895235617,00;94909
WINFUT;11/05/2023;17:20:00;152501,02;152688,98;152494,06;152591,52;3769495027,00;123512
WINFUT;11/05/2023;17:10:00;152487,10;152563,67;152431,41;152494,06;3054133552,00;100137
WINFUT;11/05/2023;17:00:00;152326,99;152514,94;152306,11;152480,14;4976953923,00;163260
WINFUT;11/05/2023;16:50:00;152257,38;152347,87;152139,03;152326,99;5013031583,00;164641
WINFUT;11/05/2023;16:40:00;152243,45;152326,99;152173,84;152257,38;5299182673,00;174029
WINFUT;11/05/2023;16:30:00;152139,03;152257,38;151971,96;152236,49;7366210591,00;242111
WINFUT;11/05/2023;16:20:00;152215,61;152306,11;152062,46;152146,00;6142318677,00;201778
WINFUT;11/05/2023;16:10:00;152173,84;152347,87;152159,92;152215,61;4417761856,00;145078
WINFUT;11/05/2023;16:00:00;152139,03;152278,26;152104,23;152173,84;5508624240,00;180966
WINFUT;11/05/2023;15:50:00;152507,98;152521,91;152125,11;152146,00;8200102241,00;269172
WINFUT;11/05/2023;15:40:00;152960,47;153050,96;152452,29;152507,98;1,321808305E10;432868
WINFUT;11/05/2023;15:30:00;151728,32;152981,35;151721,36;152960,47;2,030273308E10;666361
WINFUT;11/05/2023;15:20:00;151603,02;151839,70;151568,21;151728,32;6768170311,00;223068
WINFUT;11/05/2023;15:10:00;151811,85;151958,04;151589,09;151603,02;8569690180,00;282304
WINFUT;11/05/2023;15:00:00;151749,20;151839,70;151554,29;151811,85;8427041831,00;277765
WINFUT;11/05/2023;14:50:00;151505,56;151749,20;151484,67;151742,24;8062381093,00;265864
WINFUT;11/05/2023;14:40:00;151714,40;151790,97;151477,71;151512,52;8731226582,00;287914
WINFUT;11/05/2023;14:30:00;151665,67;151853,62;151575,17;151714,40;8281851165,00;272921
WINFUT;11/05/2023;14:20:00;151867,54;152027,65;151596,05;151665,67;1,145044336E10;377232
WINFUT;11/05/2023;14:10:00;151073,96;151895,39;151067,00;151867,54;1,227694844E10;405187
WINFUT;11/05/2023;14:00:00;150892,96;151171,42;150886,00;151073,96;5924488136,00;196140
WINFUT;11/05/2023;13:50:00;150809,43;150920,81;150781,58;150892,96;3406468673,00;112909
WINFUT;11/05/2023;13:40:00;150809,43;150899,93;150753,74;150802,47;4293239646,00;142331
WINFUT;11/05/2023;13:30:00;150781,58;150886,00;150767,66;150802,47;3751751879,00;124373
WINFUT;11/05/2023;13:20:00;150684,12;150816,39;150607,55;150781,58;4422750778,00;146729
WINFUT;11/05/2023;13:10:00;150725,89;150739,82;150572,74;150677,16;5542674981,00;183939
WINFUT;11/05/2023;13:00:00;150920,81;150955,62;150614,51;150732,85;8103464202,00;268751
WINFUT;11/05/2023;12:50:00;151080,92;151150,53;150906,89;150920,81;6174912456,00;204456
WINFUT;11/05/2023;12:40:00;150962,58;151310,64;150948,65;151087,88;8600369557,00;284447
WINFUT;11/05/2023;12:30:00;150920,81;151067,00;150892,96;150962,58;5914338853,00;195862
WINFUT;11/05/2023;12:20:00;150969,54;150997,38;150711,97;150920,81;8050107746,00;266863
WINFUT;11/05/2023;12:10:00;151053,07;151171,42;150941,69;150969,54;8956377143,00;296454
WINFUT;11/05/2023;12:00:00;150774,62;151087,88;150725,89;151053,07;6733268572,00;223101
WINFUT;11/05/2023;11:50:00;151004,34;151101,80;150711,97;150767,66;8542908989,00;283121
WINFUT;11/05/2023;11:40:00;150823,35;151060,03;150691,09;151004,34;1,347737749E10;446618
WINFUT;11/05/2023;11:30:00;151213,18;151234,07;150621,47;150823,35;1,425840119E10;472433
WINFUT;11/05/2023;11:20:00;150774,62;151268,87;150711,97;151206,22;1,342859519E10;444669
WINFUT;11/05/2023;11:10:00;150565,78;150844,23;150517,05;150774,62;1,160137742E10;384917
WINFUT;11/05/2023;11:00:00;150698,05;150698,05;150308,22;150565,78;1,468382021E10;487813
WINFUT;11/05/2023;10:50:00;150238,60;150816,39;150148,11;150705,01;1,68879548E10;560972
WINFUT;11/05/2023;10:40:00;150579,71;150642,36;150224,68;150238,60;1,272871797E10;423059
WINFUT;11/05/2023;10:30:00;150398,71;150774,62;150273,41;150579,71;1,642463309E10;545591
WINFUT;11/05/2023;10:20:00;150287,33;150503,13;150168,99;150398,71;1,343931327E10;446976
WINFUT;11/05/2023;10:10:00;149827,89;150356,94;149744,35;150287,33;1,599639998E10;533048
WINFUT;11/05/2023;10:00:00;150120,26;150127,22;149619,05;149827,89;1,825076619E10;609129
WINFUT;11/05/2023;09:50:00;150280,37;150308,22;150008,88;150106,34;8678389905,00;289064
WINFUT;11/05/2023;09:40:00;150363,91;150468,32;150224,68;150280,37;8240873982,00;274080
WINFUT;11/05/2023;09:30:00;150489,21;150663,24;150273,41;150356,94;1,039367631E10;345433
WINFUT;11/05/2023;09:20:00;150530,98;150593,63;150370,87;150496,17;6479498677,00;215292
WINFUT;11/05/2023;09:10:00;150927,77;150983,46;150489,21;150524,02;7756562565,00;257289
WINFUT;11/05/2023;09:00:00;150802,47;151004,34;150544,90;150927,77;9038079925,00;299776
WINFUT;10/05/2023;17:50:00;151540,36;151596,05;151338,49;151596,05;1390558949,00;45898
WINFUT;10/05/2023;17:40:00;151442,91;151540,36;151435,94;151540,36;2216372763,00;73150
WINFUT;10/05/2023;17:30:00;151575,17;151603,02;151415,06;151442,91;2561725286,00;84548
WINFUT;10/05/2023;17:20:00;151456,83;151603,02;151394,18;151575,17;3355818569,00;110749
WINFUT;10/05/2023;17:10:00;151373,29;151519,48;151310,64;151449,87;3589870981,00;118546
WINFUT;10/05/2023;17:00:00;151408,10;151463,79;151192,30;151366,33;5959547598,00;196933
WINFUT;10/05/2023;16:50:00;151547,33;151547,33;151352,41;151415,06;6092872427,00;201162
WINFUT;10/05/2023;16:40:00;151533,40;151665,67;151526,44;151547,33;4218664391,00;139143
WINFUT;10/05/2023;16:30:00;151401,14;151756,16;151366,33;151533,40;9957763341,00;328427
WINFUT;10/05/2023;16:20:00;151324,56;151533,40;151289,76;151401,14;6242508096,00;206138
WINFUT;10/05/2023;16:10:00;151289,76;151359,37;151234,07;151331,53;2913788933,00;96293
WINFUT;10/05/2023;16:00:00;151247,99;151359,37;151185,34;151296,72;4195384125,00;138661
WINFUT;10/05/2023;15:50:00;151352,41;151366,33;151199,26;151247,99;5291353992,00;174865
WINFUT;10/05/2023;15:40:00;151234,07;151498,60;151227,11;151352,41;8694920980,00;287200
WINFUT;10/05/2023;15:30:00;151067,00;151324,56;151060,03;151234,07;7094648979,00;234611
WINFUT;10/05/2023;15:20:00;151157,49;151178,38;150969,54;151060,03;6178857655,00;204509
WINFUT;10/05/2023;15:10:00;150976,50;151234,07;150927,77;151157,49;7367938294,00;243819
WINFUT;10/05/2023;15:00:00;150858,16;150990,42;150851,20;150976,50;4906189511,00;162530
WINFUT;10/05/2023;14:50:00;150746,78;150906,89;150663,24;150865,12;5186714064,00;171993
WINFUT;10/05/2023;14:40:00;150496,17;150851,20;150489,21;150753,74;7374184504,00;244636
WINFUT;10/05/2023;14:30:00;150649,32;150809,43;150496,17;150503,13;7281942859,00;241618
WINFUT;10/05/2023;14:20:00;150934,73;150955,62;150489,21;150649,32;1,05327906E10;349499
WINFUT;10/05/2023;14:10:00;150997,38;151157,49;150879,04;150941,69;5831852060,00;193133
WINFUT;10/05/2023;14:00:00;150927,77;151053,07;150795,51;150990,42;5453544308,00;180667
WINFUT;10/05/2023;13:50:00;150858,16;150955,62;150781,58;150920,81;3597999941,00;119240
WINFUT;10/05/2023;13:40:00;150844,23;150934,73;150809,43;150858,16;3152884338,00;104494
WINFUT;10/05/2023;13:30:00;150927,77;150962,58;150823,35;150837,27;3869859345,00;128231
WINFUT;10/05/2023;13:20:00;150934,73;151080,92;150844,23;150934,73;4464992285,00;147882
WINFUT;10/05/2023;13:10:00;150725,89;150948,65;150677,16;150941,69;4938333815,00;163698
WINFUT;10/05/2023;13:00:00;150872,08;150920,81;150711,97;150725,89;4684097727,00;155327
WINFUT;10/05/2023;12:50:00;151011,31;151101,80;150795,51;150865,12;5263719652,00;174405
WINFUT;10/05/2023;12:40:00;150774,62;151115,73;150725,89;151011,31;7187753062,00;238067
WINFUT;10/05/2023;12:30:00;150872,08;150892,96;150635,40;150774,62;6260902152,00;207650
WINFUT;10/05/2023;12:20:00;150892,96;150969,54;150705,01;150879,04;7713659809,00;255733
WINFUT;10/05/2023;12:10:00;150628,43;150934,73;150593,63;150899,93;7185161376,00;238275
WINFUT;10/05/2023;12:00:00;150551,86;150753,74;150510,09;150621,47;7445546701,00;247113
WINFUT;10/05/2023;11:50:00;150725,89;150837,27;150468,32;150544,90;8769964861,00;291111
WINFUT;10/05/2023;11:40:00;150510,09;150906,89;150496,17;150725,89;1,198045071E10;397390
WINFUT;10/05/2023;11:30:00;150802,47;151025,23;150384,79;150510,09;1,234231252E10;409485
WINFUT;10/05/2023;11:20:00;150795,51;151136,61;150781,58;150795,51;1,160884874E10;384482
WINFUT;10/05/2023;11:10:00;150788,54;151039,15;150586,67;150802,47;1,254060114E10;415729
WINFUT;10/05/2023;11:00:00;150725,89;151018,27;150656,28;150781,58;1,596692455E10;529372
WINFUT;10/05/2023;10:50:00;150022,80;150739,82;149793,08;150732,85;1,554281749E10;516855
WINFUT;10/05/2023;10:40:00;151122,69;151206,22;149925,34;150022,80;2,283372244E10;758878
WINFUT;10/05/2023;10:30:00;151122,69;151241,03;150746,78;151122,69;1,566117554E10;518646
WINFUT;10/05/2023;10:20:00;150781,58;151185,34;150711,97;151122,69;1,065921242E10;353163
WINFUT;10/05/2023;10:10:00;150684,12;151394,18;150663,24;150781,58;2,143556063E10;709502
WINFUT;10/05/2023;10:00:00;150760,70;150906,89;150503,13;150684,12;1,36716625E10;453589
WINFUT;10/05/2023;09:50:00;151004,34;151039,15;150537,94;150760,70;1,135608617E10;376724
WINFUT;10/05/2023;09:40:00;150781,58;151143,57;150621,47;151004,34;1,289423341E10;427218
WINFUT;10/05/2023;09:30:00;150705,01;151505,56;150691,09;150781,58;1,680192535E10;556212
WINFUT;10/05/2023;09:20:00;150635,40;150872,08;150447,44;150705,01;6592711203,00;218831
WINFUT;10/05/2023;09:10:00;150886,00;150906,89;150503,13;150635,40;6142821832,00;203840
WINFUT;10/05/2023;09:00:00;150711,97;150969,54;150614,51;150886,00;9445016573,00;313168
WINFUT;09/05/2023;17:50:00;151296,72;151338,49;151206,22;151338,49;1223438512,00;40434
WINFUT;09/05/2023;17:40:00;151387,22;151442,91;151282,80;151296,72;3148533711,00;104009
WINFUT;09/05/2023;17:30:00;151359,37;151540,36;151345,45;151394,18;4149078639,00;136996
WINFUT;09/05/2023;17:20:00;151213,18;151394,18;151164,45;151359,37;4087700442,00;135090
WINFUT;09/05/2023;17:10:00;151004,34;151289,76;150997,38;151213,18;5579137924,00;184524
WINFUT;09/05/2023;17:00:00;150892,96;151087,88;150879,04;150997,38;5998766453,00;198652
WINFUT;09/05/2023;16:50:00;150809,43;150920,81;150767,66;150892,96;3903952890,00;129403
WINFUT;09/05/2023;16:40:00;150795,51;150886,00;150718,93;150809,43;5287995038,00;175350
WINFUT;09/05/2023;16:30:00;150830,31;150899,93;150746,78;150788,54;5167640347,00;171323
WINFUT;09/05/2023;16:20:00;150816,39;150934,73;150788,54;150837,27;6038076282,00;200121
WINFUT;09/05/2023;16:10:00;150879,04;150941,69;150809,43;150816,39;4139572576,00;137184
WINFUT;09/05/2023;16:00:00;150698,05;150941,69;150628,43;150879,04;7446766604,00;246921
WINFUT;09/05/2023;15:50:00;150837,27;150865,12;150586,67;150698,05;8432062753,00;279736
WINFUT;09/05/2023;15:40:00;150962,58;151046,11;150802,47;150830,31;6494456724,00;215169
WINFUT;09/05/2023;15:30:00;150976,50;151025,23;150934,73;150962,58;4362659073,00;144490
WINFUT;09/05/2023;15:20:00;151080,92;151129,65;150886,00;150976,50;6991628808,00;231520
WINFUT;09/05/2023;15:10:00;151080,92;151094,84;150927,77;151080,92;6781925523,00;224540
WINFUT;09/05/2023;15:00:00;151136,61;151254,95;151011,31;151080,92;6990163075,00;231256
WINFUT;09/05/2023;14:50:00;151129,65;151171,42;151073,96;151136,61;3250212637,00;107531
WINFUT;09/05/2023;14:40:00;151073,96;151171,42;151032,19;151122,69;4774341132,00;157980
WINFUT;09/05/2023;14:30:00;151164,45;151213,18;151004,34;151073,96;6422067539,00;212537
WINFUT;09/05/2023;14:20:00;151150,53;151199,26;151073,96;151164,45;4319950806,00;142910
WINFUT;09/05/2023;14:10:00;151247,99;151268,87;151087,88;151150,53;5854187704,00;193628
WINFUT;09/05/2023;14:00:00;151275,83;151296,72;151157,49;151247,99;4644974128,00;153562
WINFUT;09/05/2023;13:50:00;151213,18;151359,37;151199,26;151282,80;3667913983,00;121221
WINFUT;09/05/2023;13:40:00;151415,06;151422,02;151199,26;151206,22;5124444304,00;169358
WINFUT;09/05/2023;13:30:00;151707,43;151832,74;151373,29;151408,10;8993966533,00;296682
WINFUT;09/05/2023;13:20:00;151394,18;151749,20;151352,41;151707,43;1,139420162E10;375825
WINFUT;09/05/2023;13:10:00;151310,64;151449,87;151254,95;151394,18;6553511755,00;216472
WINFUT;09/05/2023;13:00:00;151073,96;151394,18;150976,50;151317,60;1,076567127E10;355939
WINFUT;09/05/2023;12:50:00;151080,92;151115,73;150920,81;151073,96;4670812194,00;154630
WINFUT;09/05/2023;12:40:00;150872,08;151087,88;150795,51;151073,96;6057840944,00;200640
WINFUT;09/05/2023;12:30:00;151011,31;151053,07;150711,97;150865,12;8508716507,00;281939
WINFUT;09/05/2023;12:20:00;151136,61;151289,76;150969,54;151004,34;9672665997,00;319996
WINFUT;09/05/2023;12:10:00;150927,77;151185,34;150774,62;151136,61;1,14027443E10;377581
WINFUT;09/05/2023;12:00:00;150530,98;150983,46;150524,02;150927,77;1,41896869E10;470504
WINFUT;09/05/2023;11:50:00;150461,36;150586,67;150315,18;150530,98;7113180185,00;236384
WINFUT;09/05/2023;11:40:00;150273,41;150579,71;150266,45;150468,32;9616627476,00;319608
WINFUT;09/05/2023;11:30:00;150412,63;150503,13;150092,42;150273,41;9985328809,00;332268
WINFUT;09/05/2023;11:20:00;150210,76;150475,29;150203,80;150405,67;7885255187,00;262235
WINFUT;09/05/2023;11:10:00;150287,33;150524,02;150106,34;150203,80;1,264917664E10;420771
WINFUT;09/05/2023;11:00:00;150182,91;150830,31;150099,38;150287,33;2,597349554E10;862963
WINFUT;09/05/2023;10:50:00;149291,87;150217,72;149270,98;150189,87;1,977977557E10;659904
WINFUT;09/05/2023;10:40:00;149312,75;149667,78;149222,25;149284,91;1,565178245E10;523688
WINFUT;09/05/2023;10:30:00;148881,15;149681,70;148714,08;149319,71;2,585872263E10;866058
WINFUT;09/05/2023;10:20:00;148922,92;148964,69;148811,54;148881,15;6680058732,00;224302
WINFUT;09/05/2023;10:10:00;148915,96;148964,69;148651,43;148922,92;1,16827079E10;392372
WINFUT;09/05/2023;10:00:00;148540,05;148957,72;148512,20;148915,96;1,654019623E10;555716
WINFUT;09/05/2023;09:50:00;148609,66;148748,89;148372,98;148547,01;9519254755,00;320467
WINFUT;09/05/2023;09:40:00;148665,35;148721,04;148463,47;148616,62;7391962712,00;248743
WINFUT;09/05/2023;09:30:00;148797,61;148797,61;148477,40;148672,31;7347325618,00;247186
WINFUT;09/05/2023;09:20:00;148672,31;148804,58;148574,85;148797,61;4720409602,00;158725
WINFUT;09/05/2023;09:10:00;148630,54;148776,73;148533,09;148679,27;6031621059,00;202848
WINFUT;09/05/2023;09:00:00;148693,20;148881,15;148470,43;148630,54;1,06211337E10;357170
WINFUT;08/05/2023;17:50:00;149270,98;149284,91;148999,49;148999,49;915868784,10;30703
WINFUT;08/05/2023;17:40:00;149041,26;149291,87;149006,45;149270,98;3037255706,00;101853
WINFUT;08/05/2023;17:30:00;149117,83;149208,33;149020,38;149034,30;3556214322,00;119248
WINFUT;08/05/2023;17:20:00;149361,48;149375,40;149083,03;149117,83;4257330615,00;142661
WINFUT;08/05/2023;17:10:00;149486,78;149542,47;149340,60;149368,44;2977253182,00;99621
WINFUT;08/05/2023;17:00:00;149514,63;149626,01;149403,25;149479,82;4669516439,00;156168
WINFUT;08/05/2023;16:50:00;149479,82;149549,43;149403,25;149514,63;4245776449,00;142022
WINFUT;08/05/2023;16:40:00;149277,94;149493,74;149270,98;149486,78;4684925778,00;156794
WINFUT;08/05/2023;16:30:00;149556,40;149626,01;149236,18;149277,94;6805688766,00;227741
WINFUT;08/05/2023;16:20:00;149646,89;149660,82;149486,78;149563,36;4213735749,00;140857
WINFUT;08/05/2023;16:10:00;149472,86;149723,47;149472,86;149646,89;5009245810,00;167447
WINFUT;08/05/2023;16:00:00;149535,51;149639,93;149458,94;149479,82;5350166330,00;178866
WINFUT;08/05/2023;15:50:00;149458,94;149577,28;149375,40;149535,51;4207421654,00;140741
WINFUT;08/05/2023;15:40:00;149486,78;149507,67;149368,44;149465,90;3778227171,00;126413
WINFUT;08/05/2023;15:30:00;149375,40;149528,55;149277,94;149493,74;6110600647,00;204506
WINFUT;08/05/2023;15:20:00;149347,56;149417,17;149298,83;149375,40;4210138897,00;140932
WINFUT;08/05/2023;15:10:00;149110,87;149403,25;149089,99;149354,52;7844607977,00;262747
WINFUT;08/05/2023;15:00:00;149674,74;149723,47;148915,96;149110,87;1,431917839E10;479573
WINFUT;08/05/2023;14:50:00;149646,89;149723,47;149424,13;149681,70;7655651267,00;255882
WINFUT;08/05/2023;14:40:00;149813,96;149834,85;149465,90;149639,93;8543734458,00;285464
WINFUT;08/05/2023;14:30:00;149890,54;149932,31;149744,35;149813,96;4894156993,00;163332
WINFUT;08/05/2023;14:20:00;149911,42;150036,72;149834,85;149897,50;4261627055,00;142132
WINFUT;08/05/2023;14:10:00;149967,11;150050,65;149862,69;149911,42;4740836559,00;158088
WINFUT;08/05/2023;14:00:00;149918,38;150050,65;149890,54;149967,11;4926653586,00;164262
WINFUT;08/05/2023;13:50:00;150078,49;150106,34;149807,00;149911,42;7209938177,00;240443
WINFUT;08/05/2023;13:40:00;150294,29;150301,25;150015,84;150071,53;6074985329,00;202338
WINFUT;08/05/2023;13:30:00;150008,88;150412,63;149925,34;150287,33;9350112279,00;311323
WINFUT;08/05/2023;13:20:00;149855,73;150008,88;149800,04;150008,88;5303179753,00;176887
WINFUT;08/05/2023;13:10:00;149827,89;149876,62;149744,35;149862,69;4133357304,00;137950
WINFUT;08/05/2023;13:00:00;150099,38;150106,34;149730,43;149827,89;8073706277,00;269343
WINFUT;08/05/2023;12:50:00;149862,69;150280,37;149779,16;150099,38;1,196872246E10;398782
WINFUT;08/05/2023;12:40:00;149570,32;149897,50;149472,86;149869,65;8766411381,00;292850
WINFUT;08/05/2023;12:30:00;149612,09;149897,50;149514,63;149570,32;9936272779,00;331806
WINFUT;08/05/2023;12:20:00;149632,97;149702,58;149410,21;149612,09;7493103296,00;250472
WINFUT;08/05/2023;12:10:00;149131,76;149813,96;149069,11;149639,93;1,489519502E10;498123
WINFUT;08/05/2023;12:00:00;150057,61;150064,57;149055,18;149124,80;1,548749308E10;517442
WINFUT;08/05/2023;11:50:00;149535,51;150078,49;149521,59;150057,61;1,049212203E10;350142
WINFUT;08/05/2023;11:40:00;149500,71;149730,43;149410,21;149535,51;1,015507161E10;339539
WINFUT;08/05/2023;11:30:00;149521,59;149632,97;149305,79;149493,74;8997261997,00;301030
WINFUT;08/05/2023;11:20:00;149375,40;149570,32;149236,18;149521,59;7953238151,00;266168
WINFUT;08/05/2023;11:10:00;149284,91;149465,90;149089,99;149368,44;1,146532783E10;384064
WINFUT;08/05/2023;11:00:00;149465,90;149591,20;149264,02;149277,94;1,217569191E10;407374
WINFUT;08/05/2023;10:50:00;149312,75;149507,67;149208,33;149458,94;1,130905204E10;378539
WINFUT;08/05/2023;10:40:00;149653,85;149702,58;149027,34;149319,71;1,662246615E10;556582
WINFUT;08/05/2023;10:30:00;149626,01;149841,81;149403,25;149660,82;1,895964313E10;633552
WINFUT;08/05/2023;10:20:00;149612,09;149653,85;149173,52;149626,01;1,699448673E10;568594
WINFUT;08/05/2023;10:10:00;149563,36;150127,22;149556,40;149619,05;1,923553731E10;641803
WINFUT;08/05/2023;10:00:00;149612,09;149786,12;149368,44;149556,40;1,617227231E10;540592
WINFUT;08/05/2023;09:50:00;149932,31;149981,03;149605,12;149612,09;7347636108,00;245311
WINFUT;08/05/2023;09:40:00;149646,89;149981,03;149556,40;149932,31;1,060997886E10;354263
WINFUT;08/05/2023;09:30:00;149451,98;149723,47;149382,36;149646,89;8036017993,00;268607
WINFUT;08/05/2023;09:20:00;149458,94;149772,20;149361,48;149451,98;9127651186,00;305128
WINFUT;08/05/2023;09:10:00;149403,25;149639,93;149277,94;149451,98;1,128183605E10;377393
WINFUT;08/05/2023;09:00:00;149110,87;149465,90;148338,17;149403,25;1,441241059E10;483326
WINFUT;05/05/2023;17:50:00;148700,16;148700,16;148386,90;148386,90;1509309789,00;50816
WINFUT;05/05/2023;17:40:00;148769,77;148895,07;148679,27;148707,12;3853419492,00;129483
WINFUT;05/05/2023;17:30:00;148560,93;148811,54;148484,36;148762,81;3867862489,00;130095
WINFUT;05/05/2023;17:20:00;148623,58;148693,20;148526,12;148560,93;2596385478,00;87356
WINFUT;05/05/2023;17:10:00;148421,71;148672,31;148414,74;148623,58;5820851234,00;195888
WINFUT;05/05/2023;17:00:00;148317,29;148456,51;148233,75;148414,74;4794953199,00;161629
WINFUT;05/05/2023;16:50:00;148338,17;148352,09;148101,49;148324,25;5927077958,00;199931
WINFUT;05/05/2023;16:40:00;148143,25;148338,17;148136,29;148331,21;5038765299,00;169971
WINFUT;05/05/2023;16:30:00;148101,49;148240,71;148052,76;148143,25;4785829752,00;161519
WINFUT;05/05/2023;16:20:00;148052,76;148164,14;147962,26;148101,49;4453462322,00;150389
WINFUT;05/05/2023;16:10:00;148303,36;148366,01;147927,45;148052,76;8274795143,00;279329
WINFUT;05/05/2023;16:00:00;148171,10;148310,32;148101,49;148303,36;5411091624,00;182560
WINFUT;05/05/2023;15:50:00;148024,91;148324,25;148010,99;148171,10;8377782662,00;282685
WINFUT;05/05/2023;15:40:00;147843,92;148038,83;147746,46;148017,95;7481144226,00;252951
WINFUT;05/05/2023;15:30:00;148331,21;148393,86;147836,96;147850,88;9950242715,00;335894
WINFUT;05/05/2023;15:20:00;148164,14;148477,40;148101,49;148338,17;7688300767,00;259148
WINFUT;05/05/2023;15:10:00;148108,45;148345,13;148052,76;148171,10;7487710120,00;252632
WINFUT;05/05/2023;15:00:00;148059,72;148191,98;148038,83;148101,49;6870092168,00;231913
WINFUT;05/05/2023;14:50:00;148024,91;148108,45;147760,38;148059,72;8829471712,00;298393
WINFUT;05/05/2023;14:40:00;147781,27;148045,80;147732,54;148017,95;1,103578517E10;373123
WINFUT;05/05/2023;14:30:00;147391,43;147836,96;147363,59;147781,27;1,218154911E10;412609
WINFUT;05/05/2023;14:20:00;147356,63;147412,32;147300,94;147384,47;5214106803,00;176911
WINFUT;05/05/2023;14:10:00;147112,98;147370,55;147071,21;147356,63;5244549995,00;178116
WINFUT;05/05/2023;14:00:00;147238,29;147300,94;147057,29;147106,02;4997967227,00;169808
WINFUT;05/05/2023;13:50:00;147266,13;147370,55;147099,06;147238,29;5229936423,00;177610
WINFUT;05/05/2023;13:40:00;147133,87;147405,36;147057,29;147266,13;1,241752337E10;421637
WINFUT;05/05/2023;13:30:00;146695,30;147210,44;146674,42;147133,87;1,186326715E10;403715
WINFUT;05/05/2023;13:20:00;146416,85;146737,07;146395,97;146702,27;7425278424,00;253323
WINFUT;05/05/2023;13:10:00;146291,55;146444,70;146235,86;146416,85;5331137921,00;182139
WINFUT;05/05/2023;13:00:00;146312,43;146395,97;146235,86;146284,59;4864988027,00;166240
WINFUT;05/05/2023;12:50:00;146201,05;146402,93;146117,52;146319,39;8375953664,00;286346
WINFUT;05/05/2023;12:40:00;145623,27;146228,90;145602,38;146201,05;1,068320562E10;365958
WINFUT;05/05/2023;12:30:00;145463,16;145839,07;145463,16;145623,27;5829349664,00;200100
WINFUT;05/05/2023;12:20:00;145497,96;145630,23;145358,74;145456,19;6650864845,00;228567
WINFUT;05/05/2023;12:10:00;145386,58;145511,89;145282,16;145497,96;6225807469,00;214063
WINFUT;05/05/2023;12:00:00;145470,12;145727,69;145351,78;145386,58;9214234674,00;316503
WINFUT;05/05/2023;11:50:00;145386,58;145588,46;145323,93;145477,08;7364198312,00;253158
WINFUT;05/05/2023;11:40:00;145470,12;145532,77;145254,32;145386,58;7570164166,00;260301
WINFUT;05/05/2023;11:30:00;145240,39;145484,04;145115,09;145477,08;8234417843,00;283401
WINFUT;05/05/2023;11:20:00;145254,32;145539,73;145066,36;145240,39;1,034244158E10;355979
WINFUT;05/05/2023;11:10:00;144913,21;145456,19;144885,37;145247,36;1,298513062E10;447249
WINFUT;05/05/2023;11:00:00;145087,25;145205,59;144760,07;144913,21;1,076291357E10;371217
WINFUT;05/05/2023;10:50:00;145463,16;145609,34;144815,76;145087,25;1,69537728E10;584169
WINFUT;05/05/2023;10:40:00;145010,67;145463,16;144982,83;145456,19;1,32517354E10;456293
WINFUT;05/05/2023;10:30:00;145254,32;145463,16;144753,10;145017,63;1,752512353E10;603954
WINFUT;05/05/2023;10:20:00;145240,39;145296,09;144885,37;145254,32;1,266354895E10;436392
WINFUT;05/05/2023;10:10:00;145101,17;145873,87;145066,36;145233,43;1,902606571E10;653885
WINFUT;05/05/2023;10:00:00;145066,36;145240,39;144836,64;145101,17;1,326991192E10;457429
WINFUT;05/05/2023;09:50:00;145045,48;145560,61;144920,18;145073,32;1,408176728E10;484714
WINFUT;05/05/2023;09:40:00;144746,14;145059,40;144711,34;145045,48;6873283484,00;237210
WINFUT;05/05/2023;09:30:00;144850,56;145066,36;144453,77;144739,18;1,049328247E10;362349
WINFUT;05/05/2023;09:20:00;144662,61;145129,01;144544,27;144850,56;7967347099,00;275040
WINFUT;05/05/2023;09:10:00;144989,79;145010,67;144641,72;144655,65;6648308479,00;229553
WINFUT;05/05/2023;09:00:00;144934,10;145198,63;144718,30;144982,83;6925706655,00;238797
WINFUT;04/05/2023;17:50:00;144279,74;145289,12;144189,24;145289,12;933304719,80;32247
WINFUT;04/05/2023;17:40:00;144279,74;144307,58;144210,12;144279,74;1821583147,00;63134
WINFUT;04/05/2023;17:30:00;144251,89;144398,08;144140,51;144286,70;4186898563,00;145112
WINFUT;04/05/2023;17:20:00;144210,12;144286,70;144161,39;144244,93;2482879403,00;86077
WINFUT;04/05/2023;17:10:00;144251,89;144418,96;144168,36;144217,08;4387914716,00;152048
WINFUT;04/05/2023;17:00:00;144140,51;144258,85;144077,86;144251,89;3538297139,00;122715
WINFUT;04/05/2023;16:50:00;144189,24;144189,24;144008,25;144147,47;4485740827,00;155643
WINFUT;04/05/2023;16:40:00;144460,73;144509,46;144070,90;144182,28;6938893642,00;240474
WINFUT;04/05/2023;16:30:00;144091,78;144718,30;144070,90;144467,69;9191263461,00;318203
WINFUT;04/05/2023;16:20:00;144008,25;144196,20;143938,63;144091,78;5952829202,00;206574
WINFUT;04/05/2023;16:10:00;144398,08;144405,04;143862,06;144001,28;9080271679,00;315083
WINFUT;04/05/2023;16:00:00;144467,69;144627,80;144384,16;144405,04;6837488121,00;236576
WINFUT;04/05/2023;15:50:00;144405,04;144509,46;144224,05;144467,69;6554419995,00;226973
WINFUT;04/05/2023;15:40:00;144293,66;144481,61;144272,78;144412,00;5925467854,00;205205
WINFUT;04/05/2023;15:30:00;144224,05;144467,69;144043,05;144293,66;8465170788,00;293371
WINFUT;04/05/2023;15:20:00;144537,30;144641,72;144175,32;144231,01;7422080651,00;257014
WINFUT;04/05/2023;15:10:00;144634,76;144676,53;144474,65;144544,27;6319697566,00;218573
WINFUT;04/05/2023;15:00:00;144850,56;144871,45;144509,46;144634,76;7217871974,00;249470
WINFUT;04/05/2023;14:50:00;144975,87;144982,83;144732,22;144843,60;7424258925,00;256271
WINFUT;04/05/2023;14:40:00;145268,24;145310,01;144871,45;144975,87;1,023225502E10;352689
WINFUT;04/05/2023;14:30:00;144495,54;145449,23;144356,31;145268,24;1,945872574E10;671001
WINFUT;04/05/2023;14:20:00;143729,79;144544,27;143701,95;144502,50;1,531717127E10;531334
WINFUT;04/05/2023;14:10:00;143416,54;143799,41;143381,73;143722,83;7966691601,00;277382
WINFUT;04/05/2023;14:00:00;143500,07;143541,84;143277,31;143416,54;7396269890,00;257858
WINFUT;04/05/2023;13:50:00;143117,20;143513,99;143005,82;143500,07;6636395590,00;231626
WINFUT;04/05/2023;13:40:00;143131,12;143242,50;142984,94;143117,20;5978544529,00;208894
WINFUT;04/05/2023;13:30:00;142984,94;143138,08;142929,25;143131,12;4912543493,00;171740
WINFUT;04/05/2023;13:20:00;142755,21;143005,82;142713,45;142984,94;4084390051,00;142952
WINFUT;04/05/2023;13:10:00;142859,63;142880,52;142685,60;142762,17;4067383228,00;142443
WINFUT;04/05/2023;13:00:00;142734,33;142936,21;142671,68;142866,59;4613374719,00;161518
WINFUT;04/05/2023;12:50:00;142657,76;142810,90;142595,10;142741,29;3711630381,00;130047
WINFUT;04/05/2023;12:40:00;142615,99;142817,87;142574,22;142650,79;5921403981,00;207496
WINFUT;04/05/2023;12:30:00;142699,52;142783,06;142455,88;142615,99;8629911634,00;302603
WINFUT;04/05/2023;12:20:00;142776,10;142894,44;142622,95;142699,52;9039345925,00;316592
WINFUT;04/05/2023;12:10:00;143444,38;143486,15;142727,37;142776,10;1,143161161E10;399422
WINFUT;04/05/2023;12:00:00;143242,50;143562,72;143131,12;143444,38;1,032822774E10;360323
WINFUT;04/05/2023;11:50:00;143632,34;143806,37;143172,89;143235,54;1,153878085E10;402027
WINFUT;04/05/2023;11:40:00;143277,31;143757,64;143270,35;143632,34;1,134887098E10;395310
WINFUT;04/05/2023;11:30:00;143193,77;143374,77;143054,55;143284,27;1,320029204E10;460890
WINFUT;04/05/2023;11:20:00;143903,83;143973,44;143186,81;143193,77;1,477244301E10;514741
WINFUT;04/05/2023;11:10:00;143778,52;143994,32;143520,96;143903,83;1,381347779E10;480354
WINFUT;04/05/2023;11:00:00;144133,55;144182,28;143479,19;143785,48;1,788983876E10;621862
WINFUT;04/05/2023;10:50:00;144231,01;144439,85;144043,05;144133,55;1,301022872E10;450898
WINFUT;04/05/2023;10:40:00;144697,41;144787,91;143910,79;144231,01;1,982086732E10;686688
WINFUT;04/05/2023;10:30:00;145372,66;145539,73;144620,84;144697,41;1,598724551E10;550682
WINFUT;04/05/2023;10:20:00;145414,43;145463,16;145066,36;145365,70;1,175487885E10;404625
WINFUT;04/05/2023;10:10:00;145769,45;145908,68;145344,81;145407,47;1,413254556E10;485211
WINFUT;04/05/2023;10:00:00;144850,56;145811,22;144822,72;145762,49;1,805099385E10;621021
WINFUT;04/05/2023;09:50:00;144627,80;145233,43;144606,92;144843,60;1,379005892E10;475647
WINFUT;04/05/2023;09:40:00;144627,80;144892,33;144460,73;144627,80;1,213063438E10;419253
WINFUT;04/05/2023;09:30:00;143980,40;144746,14;143848,14;144627,80;1,371841338E10;475329
WINFUT;04/05/2023;09:20:00;143903,83;144050,01;143834,21;143987,36;6138826585,00;213225
WINFUT;04/05/2023;09:10:00;144077,86;144091,78;143660,18;143896,87;7153591413,00;248696
WINFUT;04/05/2023;09:00:00;143611,45;144154,43;143437,42;144070,90;1,0694939E10;371689
WINFUT;03/05/2023;17:50:00;143882,94;144001,28;143541,84;143541,84;2040944154,00;70976
WINFUT;03/05/2023;17:40:00;143924,71;143959,52;143764,60;143882,94;2845017600,00;98862
WINFUT;03/05/2023;17:30:00;143750,68;143952,56;143729,79;143924,71;2419578579,00;84115
WINFUT;03/05/2023;17:20:00;143715,87;143764,60;143660,18;143743,72;1763378118,00;61356
WINFUT;03/05/2023;17:10:00;143667,14;143778,52;143653,22;143708,91;2051477341,00;71375
WINFUT;03/05/2023;17:00:00;143660,18;143701,95;143513,99;143674,10;3615798956,00;125885
WINFUT;03/05/2023;16:50:00;143562,72;143778,52;143527,92;143667,14;3650377244,00;127038
WINFUT;03/05/2023;16:40:00;143639,30;143708,91;143513,99;143569,68;5084496134,00;177015
WINFUT;03/05/2023;16:30:00;143681,07;143750,68;143374,77;143639,30;7358873149,00;256276
WINFUT;03/05/2023;16:20:00;143806,37;143862,06;143527,92;143688,03;7916576574,00;275432
WINFUT;03/05/2023;16:10:00;143910,79;143973,44;143611,45;143806,37;1,086994267E10;377968
WINFUT;03/05/2023;16:00:00;144091,78;144335,43;143778,52;143903,83;9883550463,00;343103
WINFUT;03/05/2023;15:50:00;144112,67;144272,78;143813,33;144098,74;1,080516076E10;375110
WINFUT;03/05/2023;15:40:00;144182,28;144425,92;143889,90;144112,67;1,099835248E10;381452
WINFUT;03/05/2023;15:30:00;144105,70;144300,62;143848,14;144189,24;1,217485736E10;422613
WINFUT;03/05/2023;15:20:00;144133,55;144279,74;143994,32;144098,74;6277169027,00;217752
WINFUT;03/05/2023;15:10:00;143994,32;144384,16;143806,37;144133,55;1,022215822E10;354653
WINFUT;03/05/2023;15:00:00;143917,75;144349,35;143694,99;143994,32;1,405946704E10;488059
WINFUT;03/05/2023;14:50:00;143792,45;144224,05;143736,76;143896,87;6162056470,00;214086
WINFUT;03/05/2023;14:40:00;143820,29;143903,83;143667,14;143785,48;5026129791,00;174774
WINFUT;03/05/2023;14:30:00;143681,07;143834,21;143660,18;143813,33;4176528934,00;145285
WINFUT;03/05/2023;14:20:00;143646,26;143764,60;143597,53;143681,07;4911857824,00;170926
WINFUT;03/05/2023;14:10:00;143541,84;143660,18;143479,19;143646,26;3646397036,00;126994
WINFUT;03/05/2023;14:00:00;143562,72;143611,45;143465,27;143541,84;3987274467,00;138891
WINFUT;03/05/2023;13:50:00;143520,96;143583,61;143388,69;143562,72;4308675362,00;150126
WINFUT;03/05/2023;13:40:00;143583,61;143618,41;143472,23;143520,96;3232913833,00;112619
WINFUT;03/05/2023;13:30:00;143639,30;143688,03;143500,07;143583,61;3835351340,00;133557
WINFUT;03/05/2023;13:20:00;143590,57;143688,03;143562,72;143639,30;2889585835,00;100593
WINFUT;03/05/2023;13:10:00;143681,07;143820,29;143555,76;143597,53;5325361772,00;185315
WINFUT;03/05/2023;13:00:00;143632,34;143778,52;143604,49;143681,07;5124796960,00;178300
WINFUT;03/05/2023;12:50:00;143444,38;143667,14;143381,73;143639,30;5404066281,00;188229
WINFUT;03/05/2023;12:40:00;143395,65;143555,76;143284,27;143444,38;6919057045,00;241203
WINFUT;03/05/2023;12:30:00;143527,92;143660,18;143339,96;143402,61;7209148644,00;251206
WINFUT;03/05/2023;12:20:00;143472,23;143729,79;143409,57;143527,92;6637453387,00;231133
WINFUT;03/05/2023;12:10:00;143513,99;143611,45;143388,69;143479,19;7389845889,00;257490
WINFUT;03/05/2023;12:00:00;143667,14;143848,14;143458,30;143507,03;9197987821,00;320148
WINFUT;03/05/2023;11:50:00;143639,30;143750,68;143486,15;143674,10;9291950915,00;323466
WINFUT;03/05/2023;11:40:00;143541,84;143646,26;143312,12;143639,30;9549252197,00;332818
WINFUT;03/05/2023;11:30:00;143319,08;143646,26;143284,27;143541,84;1,145656791E10;399275
WINFUT;03/05/2023;11:20:00;143152,01;143395,65;143047,59;143326,04;1,006633057E10;351459
WINFUT;03/05/2023;11:10:00;143186,81;143451,34;143117,20;143158,97;1,080012742E10;376970
WINFUT;03/05/2023;11:00:00;143221,62;143381,73;143019,74;143186,81;1,487971925E10;519527
WINFUT;03/05/2023;10:50:00;143465,27;143646,26;143110,24;143221,62;1,341392345E10;467867
WINFUT;03/05/2023;10:40:00;143395,65;143674,10;143326,04;143465,27;1,361680159E10;474487
WINFUT;03/05/2023;10:30:00;143966,48;144015,21;143082,39;143395,65;2,524829875E10;879946
WINFUT;03/05/2023;10:20:00;144203,16;144467,69;143827,25;143966,48;1,816952814E10;630348
WINFUT;03/05/2023;10:10:00;143618,41;144210,12;143430,46;144210,12;1,851564052E10;644048
WINFUT;03/05/2023;10:00:00;143952,56;144063,94;143507,03;143611,45;1,629890379E10;566726
WINFUT;03/05/2023;09:50:00;144182,28;144210,12;143938,63;143952,56;7386044919,00;256349
WINFUT;03/05/2023;09:40:00;144091,78;144217,08;143966,48;144182,28;8280325997,00;287335
WINFUT;03/05/2023;09:30:00;143771,56;144251,89;143701,95;144098,74;1,200722943E10;417009
WINFUT;03/05/2023;09:20:00;143743,72;143792,45;143472,23;143771,56;9901922171,00;344664
WINFUT;03/05/2023;09:10:00;144029,13;144029,13;143472,23;143736,76;7953272950,00;276477
WINFUT;03/05/2023;09:00:00;143667,14;144126,59;143569,68;144029,13;9546758813,00;331692
WINFUT;02/05/2023;17:50:00;143326,04;143451,34;143263,39;143263,39;1415432368,00;49368
WINFUT;02/05/2023;17:40:00;143597,53;143604,49;143305,16;143333,00;3860574792,00;134552
WINFUT;02/05/2023;17:30:00;143548,80;143681,07;143534,88;143597,53;3125930677,00;108834
WINFUT;02/05/2023;17:20:00;143715,87;143757,64;143465,27;143541,84;5268142916,00;183452
WINFUT;02/05/2023;17:10:00;143778,52;143841,17;143646,26;143715,87;3502600764,00;121829
WINFUT;02/05/2023;17:00:00;143632,34;143806,37;143569,68;143785,48;4659095832,00;162105
WINFUT;02/05/2023;16:50:00;143806,37;143855,10;143611,45;143632,34;5082226704,00;176781
WINFUT;02/05/2023;16:40:00;143855,10;143882,94;143764,60;143806,37;2995905892,00;104157
WINFUT;02/05/2023;16:30:00;143896,87;143931,67;143736,76;143848,14;5500938848,00;191248
WINFUT;02/05/2023;16:20:00;143806,37;143987,36;143792,45;143896,87;6369036045,00;221306
WINFUT;02/05/2023;16:10:00;143834,21;143848,14;143667,14;143799,41;5376486392,00;186971
WINFUT;02/05/2023;16:00:00;143813,33;143848,14;143792,45;143827,25;2758306992,00;95894
WINFUT;02/05/2023;15:50:00;143834,21;143896,87;143764,60;143806,37;3579048430,00;124424
WINFUT;02/05/2023;15:40:00;143862,06;143882,94;143743,72;143827,25;3745044083,00;130196
WINFUT;02/05/2023;15:30:00;143764,60;143896,87;143715,87;143862,06;4919080121,00;171018
WINFUT;02/05/2023;15:20:00;143785,48;143820,29;143660,18;143764,60;4251192092,00;147879
WINFUT;02/05/2023;15:10:00;143792,45;143841,17;143625,37;143792,45;5684441809,00;197750
WINFUT;02/05/2023;15:00:00;143855,10;143875,98;143743,72;143792,45;3325251054,00;115624
WINFUT;02/05/2023;14:50:00;143862,06;143903,83;143771,56;143862,06;4041958935,00;140503
WINFUT;02/05/2023;14:40:00;143764,60;143889,90;143743,72;143855,10;3755735358,00;130573
WINFUT;02/05/2023;14:30:00;143562,72;143820,29;143548,80;143764,60;4621988560,00;160814
WINFUT;02/05/2023;14:20:00;143841,17;143855,10;143541,84;143562,72;6936572880,00;241342
WINFUT;02/05/2023;14:10:00;143827,25;143875,98;143778,52;143834,21;3582574499,00;124537
WINFUT;02/05/2023;14:00:00;143862,06;143987,36;143827,25;143827,25;4351183697,00;151166
WINFUT;02/05/2023;13:50:00;143910,79;144050,01;143743,72;143862,06;5674316034,00;197171
WINFUT;02/05/2023;13:40:00;143875,98;144015,21;143736,76;143917,75;4362815161,00;151599
WINFUT;02/05/2023;13:30:00;143869,02;143931,67;143757,64;143875,98;4045158095,00;140606
WINFUT;02/05/2023;13:20:00;143931,67;143952,56;143806,37;143869,02;3847439945,00;133700
WINFUT;02/05/2023;13:10:00;143820,29;143952,56;143750,68;143938,63;4320271275,00;150147
WINFUT;02/05/2023;13:00:00;143869,02;143924,71;143708,91;143813,33;5654053713,00;196601
WINFUT;02/05/2023;12:50:00;144008,25;144008,25;143820,29;143869,02;5392493387,00;187367
WINFUT;02/05/2023;12:40:00;143764,60;144091,78;143743,72;144001,28;5908330789,00;205264
WINFUT;02/05/2023;12:30:00;143513,99;143771,56;143416,54;143764,60;6088205422,00;211995
WINFUT;02/05/2023;12:20:00;143785,48;143841,17;143284,27;143513,99;1,295262477E10;451334
WINFUT;02/05/2023;12:10:00;143889,90;143931,67;143750,68;143785,48;4565620282,00;158718
WINFUT;02/05/2023;12:00:00;143945,59;144091,78;143778,52;143896,87;8029208933,00;278933
WINFUT;02/05/2023;11:50:00;144091,78;144189,24;143931,67;143945,59;7444133475,00;258354
WINFUT;02/05/2023;11:40:00;143952,56;144119,63;143722,83;144098,74;7878151010,00;273717
WINFUT;02/05/2023;11:30:00;143792,45;144029,13;143688,03;143959,52;9773148105,00;339734
WINFUT;02/05/2023;11:20:00;144349,35;144384,16;143708,91;143785,48;1,318852642E10;457900
WINFUT;02/05/2023;11:10:00;144015,21;144356,31;143646,26;144342,39;1,627348699E10;564891
WINFUT;02/05/2023;11:00:00;144523,38;144641,72;143750,68;144015,21;2,067037237E10;717164
WINFUT;02/05/2023;10:50:00;145059,40;145226,47;144349,35;144516,42;1,834121296E10;633182
WINFUT;02/05/2023;10:40:00;146187,13;146208,01;145003,71;145059,40;2,05085676E10;704318
WINFUT;02/05/2023;10:30:00;146159,29;146354,20;145852,99;146194,09;1,950440674E10;667494
WINFUT;02/05/2023;10:20:00;146764,92;146778,84;146089,67;146159,29;1,437150846E10;490896
WINFUT;02/05/2023;10:10:00;146862,38;146987,68;146444,70;146771,88;1,504081781E10;512676
WINFUT;02/05/2023;10:00:00;146549,12;146897,18;146333,32;146855,41;1,593599552E10;543372
WINFUT;02/05/2023;09:50:00;146521,27;146792,76;146465,58;146549,12;7970824645,00;271779
WINFUT;02/05/2023;09:40:00;146368,12;146549,12;146270,67;146521,27;5718999965,00;195319
WINFUT;02/05/2023;09:30:00;146075,75;146479,50;146013,10;146368,12;8316495382,00;284390
WINFUT;02/05/2023;09:20:00;146333,32;146395,97;146068,79;146075,75;5954970110,00;203571
WINFUT;02/05/2023;09:10:00;146298,51;146479,50;146173,21;146326,36;7650270854,00;261455
WINFUT;02/05/2023;09:00:00;146430,78;146757,96;146249,78;146291,55;9586310943,00;327219
WINFUT;28/04/2023;17:50:00;146827,57;146855,41;146535,19;146535,19;1359273314,00;46327
WINFUT;28/04/2023;17:40:00;147078,18;147106,02;146716,19;146834,53;4039194701,00;137485
WINFUT;28/04/2023;17:30:00;147071,21;147126,90;147036,41;147078,18;1596517113,00;54270
WINFUT;28/04/2023;17:20:00;147154,75;147161,71;147029,45;147064,25;2288880627,00;77798
WINFUT;28/04/2023;17:10:00;147126,90;147203,48;147008,56;147161,71;4567403939,00;155234
WINFUT;28/04/2023;17:00:00;147273,09;147461,05;147112,98;147119,94;6172251165,00;209543
WINFUT;28/04/2023;16:50:00;146841,49;147273,09;146778,84;147273,09;5831620404,00;198294
WINFUT;28/04/2023;16:40:00;146918,07;146952,87;146723,15;146834,53;4513373775,00;153698
WINFUT;28/04/2023;16:30:00;147015,52;147022,49;146869,34;146925,03;4466904619,00;152012
WINFUT;28/04/2023;16:20:00;147099,06;147140,83;146966,80;147008,56;4818762264,00;163859
WINFUT;28/04/2023;16:10:00;146918,07;147119,94;146841,49;147106,02;5149668218,00;175177
WINFUT;28/04/2023;16:00:00;146883,26;146966,80;146792,76;146918,07;4444180847,00;151278
WINFUT;28/04/2023;15:50:00;146827,57;146911,10;146764,92;146876,30;3531414314,00;120242
WINFUT;28/04/2023;15:40:00;146764,92;146897,18;146688,34;146827,57;5840745311,00;198936
WINFUT;28/04/2023;15:30:00;147015,52;147050,33;146695,30;146757,96;5298723156,00;180342
WINFUT;28/04/2023;15:20:00;146918,07;147043,37;146897,18;147008,56;4509637936,00;153416
WINFUT;28/04/2023;15:10:00;147182,60;147196,52;146848,45;146918,07;6254126844,00;212690
WINFUT;28/04/2023;15:00:00;147168,67;147259,17;147126,90;147189,56;3402915338,00;115589
WINFUT;28/04/2023;14:50:00;147217,40;147231,32;147071,21;147175,63;5164106950,00;175455
WINFUT;28/04/2023;14:40:00;147384,47;147384,47;147161,71;147210,44;4568671653,00;155116
WINFUT;28/04/2023;14:30:00;147293,98;147468,01;147293,98;147384,47;4663093599,00;158196
WINFUT;28/04/2023;14:20:00;147231,32;147356,63;147217,40;147300,94;4197358611,00;142478
WINFUT;28/04/2023;14:10:00;147210,44;147273,09;147168,67;147238,29;3378448361,00;114737
WINFUT;28/04/2023;14:00:00;147468,01;147488,89;147161,71;147210,44;5444291437,00;184758
WINFUT;28/04/2023;13:50:00;147461,05;147516,74;147349,67;147468,01;3260278379,00;110563
WINFUT;28/04/2023;13:40:00;147495,85;147516,74;147224,36;147461,05;6279958804,00;213062
WINFUT;28/04/2023;13:30:00;147342,70;147537,62;147307,90;147495,85;6624162618,00;224629
WINFUT;28/04/2023;13:20:00;147140,83;147356,63;147022,49;147342,70;7488528442,00;254395
WINFUT;28/04/2023;13:10:00;146792,76;147140,83;146778,84;147140,83;6428304836,00;218708
WINFUT;28/04/2023;13:00:00;146730,11;146897,18;146709,23;146792,76;3994876195,00;136072
WINFUT;28/04/2023;12:50:00;146820,61;146855,41;146681,38;146730,11;5247162902,00;178774
WINFUT;28/04/2023;12:40:00;146925,03;147022,49;146799,72;146820,61;6955095909,00;236723
WINFUT;28/04/2023;12:30:00;146799,72;147071,21;146723,15;146931,99;8334288793,00;283660
WINFUT;28/04/2023;12:20:00;146576,96;146911,10;146402,93;146799,72;8532535818,00;290938
WINFUT;28/04/2023;12:10:00;146040,94;146583,92;146013,10;146570,00;9865351660,00;337289
WINFUT;28/04/2023;12:00:00;146027,02;146131,44;145616,30;146040,94;1,22163888E10;418820
WINFUT;28/04/2023;11:50:00;146576,96;146604,81;146006,14;146027,02;1,024811689E10;350235
WINFUT;28/04/2023;11:40:00;146618,73;146723,15;146500,39;146583,92;6919726994,00;235978
WINFUT;28/04/2023;11:30:00;146904,14;146994,64;146556,08;146611,77;1,15034339E10;391938
WINFUT;28/04/2023;11:20:00;146166,25;147099,06;146061,83;146904,14;2,177615746E10;742284
WINFUT;28/04/2023;11:10:00;145337,85;146214,98;145275,20;146166,25;1,661934893E10;570147
WINFUT;28/04/2023;11:00:00;145101,17;145435,31;144906,25;145330,89;1,210270726E10;416730
WINFUT;28/04/2023;10:50:00;144808,79;145115,09;144697,41;145101,17;8696943818,00;300006
WINFUT;28/04/2023;10:40:00;144989,79;145135,98;144620,84;144808,79;1,314165437E10;453581
WINFUT;28/04/2023;10:30:00;145142,94;145198,63;144648,68;144996,75;1,510766703E10;521348
WINFUT;28/04/2023;10:20:00;144836,64;145303,05;144760,07;145135,98;1,308418719E10;451227
WINFUT;28/04/2023;10:10:00;145525,81;145616,30;144808,79;144836,64;1,95503678E10;673488
WINFUT;28/04/2023;10:00:00;145894,76;146249,78;145497,96;145525,81;1,678470837E10;575220
WINFUT;28/04/2023;09:50:00;145950,45;146068,79;145866,91;145894,76;7543285053,00;258398
WINFUT;28/04/2023;09:40:00;145525,81;145978,29;145504,92;145943,49;9091235028,00;311857
WINFUT;28/04/2023;09:30:00;145337,85;145678,96;145115,09;145525,81;1,249039135E10;429352
WINFUT;28/04/2023;09:20:00;145184,70;145463,16;145142,94;145337,85;5184371169,00;178392
WINFUT;28/04/2023;09:10:00;145358,74;145386,58;145177,74;145184,70;4917083726,00;169238
WINFUT;28/04/2023;09:00:00;145073,32;145470,12;144794,87;145358,74;8174314377,00;281612
WINFUT;27/04/2023;17:50:00;145525,81;145567,58;145428,35;145428,35;806442664,30;27715
WINFUT;27/04/2023;17:40:00;145581,50;145595,42;145491,00;145539,73;1517310030,00;52130
WINFUT;27/04/2023;17:30:00;145539,73;145630,23;145449,23;145581,50;2420154268,00;83136
WINFUT;27/04/2023;17:20:00;145407,47;145560,61;145323,93;145539,73;2765456612,00;95068
WINFUT;27/04/2023;17:10:00;145428,35;145449,23;145296,09;145400,50;2475757526,00;85157
WINFUT;27/04/2023;17:00:00;145379,62;145734,65;145379,62;145428,35;6744281211,00;231719
WINFUT;27/04/2023;16:50:00;145198,63;145407,47;145149,90;145379,62;4630345552,00;159360
WINFUT;27/04/2023;16:40:00;145407,47;145456,19;145129,01;145198,63;5222209007,00;179742
WINFUT;27/04/2023;16:30:00;145142,94;145470,12;145142,94;145407,47;5071916806,00;174532
WINFUT;27/04/2023;16:20:00;145122,05;145282,16;145045,48;145149,90;4901668029,00;168819
WINFUT;27/04/2023;16:10:00;144996,75;145184,70;144961,94;145115,09;3988407692,00;137443
WINFUT;27/04/2023;16:00:00;144815,76;145087,25;144808,79;145003,71;6465155476,00;223014
WINFUT;27/04/2023;15:50:00;145059,40;145156,86;144808,79;144822,72;6310302967,00;217678
WINFUT;27/04/2023;15:40:00;145017,63;145129,01;144989,79;145052,44;3203037600,00;110398
WINFUT;27/04/2023;15:30:00;145198,63;145219,51;144968,90;145010,67;3981227891,00;137199
WINFUT;27/04/2023;15:20:00;145191,67;145240,39;145052,44;145191,67;4532155110,00;156131
WINFUT;27/04/2023;15:10:00;145184,70;145289,12;145129,01;145191,67;3723711418,00;128227
WINFUT;27/04/2023;15:00:00;145240,39;145407,47;145135,98;145191,67;6535895847,00;224969
WINFUT;27/04/2023;14:50:00;145115,09;145393,54;145073,32;145233,43;1,075747994E10;370389
WINFUT;27/04/2023;14:40:00;144725,26;145142,94;144627,80;145115,09;9033028415,00;311716
WINFUT;27/04/2023;14:30:00;144780,95;144864,48;144711,34;144732,22;3987652362,00;137715
WINFUT;27/04/2023;14:20:00;144767,03;144808,79;144613,88;144787,91;4884498962,00;168777
WINFUT;27/04/2023;14:10:00;144620,84;144885,37;144586,03;144767,03;7177479358,00;247964
WINFUT;27/04/2023;14:00:00;144871,45;144906,25;144572,11;144627,80;6182758418,00;213594
WINFUT;27/04/2023;13:50:00;144815,76;144885,37;144718,30;144864,48;3738951837,00;129091
WINFUT;27/04/2023;13:40:00;144620,84;144836,64;144620,84;144808,79;5245254637,00;181191
WINFUT;27/04/2023;13:30:00;144732,22;144760,07;144613,88;144620,84;4200483542,00;145148
WINFUT;27/04/2023;13:20:00;144572,11;144739,18;144523,38;144725,26;4881683090,00;168758
WINFUT;27/04/2023;13:10:00;144432,88;144620,84;144418,96;144572,11;5822009922,00;201420
WINFUT;27/04/2023;13:00:00;144544,27;144627,80;144272,78;144432,88;1,092070892E10;378061
WINFUT;27/04/2023;12:50:00;144850,56;144906,25;144516,42;144551,23;7164670183,00;247559
WINFUT;27/04/2023;12:40:00;145094,21;145108,13;144808,79;144850,56;5948031693,00;205248
WINFUT;27/04/2023;12:30:00;145198,63;145261,28;144968,90;145094,21;4981649708,00;171635
WINFUT;27/04/2023;12:20:00;145122,05;145247,36;145003,71;145198,63;5594378335,00;192743
WINFUT;27/04/2023;12:10:00;145184,70;145261,28;145066,36;145122,05;4194921233,00;144487
WINFUT;27/04/2023;12:00:00;145038,52;145323,93;144989,79;145184,70;7722383809,00;265985
WINFUT;27/04/2023;11:50:00;145184,70;145191,67;144934,10;145045,48;6663249065,00;229693
WINFUT;27/04/2023;11:40:00;145275,20;145379,62;145031,56;145177,74;8064972777,00;277812
WINFUT;27/04/2023;11:30:00;145637,19;145665,03;145219,51;145268,24;8710692145,00;299471
WINFUT;27/04/2023;11:20:00;145748,57;145755,53;145323,93;145630,23;1,049076597E10;360360
WINFUT;27/04/2023;11:10:00;145142,94;145769,45;145122,05;145748,57;1,229486179E10;422679
WINFUT;27/04/2023;11:00:00;145073,32;145303,05;144989,79;145135,98;1,271272197E10;437943
WINFUT;27/04/2023;10:50:00;144620,84;145122,05;144558,19;145073,32;1,199740728E10;414312
WINFUT;27/04/2023;10:40:00;144836,64;144857,52;144474,65;144620,84;1,420453995E10;491056
WINFUT;27/04/2023;10:30:00;145163,82;145254,32;144829,68;144843,60;1,447591638E10;498989
WINFUT;27/04/2023;10:20:00;144224,05;145247,36;144175,32;145163,82;1,62094232E10;560069
WINFUT;27/04/2023;10:10:00;144481,61;144579,07;144070,90;144224,05;1,390440257E10;481629
WINFUT;27/04/2023;10:00:00;144258,85;144739,18;144224,05;144481,61;1,389782922E10;480709
WINFUT;27/04/2023;09:50:00;144335,43;144398,08;144126,59;144258,85;6886171233,00;238664
WINFUT;27/04/2023;09:40:00;144244,93;144363,27;143994,32;144335,43;9098278152,00;315491
WINFUT;27/04/2023;09:30:00;144794,87;145003,71;144168,36;144244,93;1,524383868E10;527733
WINFUT;27/04/2023;09:20:00;144690,45;144968,90;144599,96;144801,83;6699748669,00;231402
WINFUT;27/04/2023;09:10:00;144941,06;145142,94;144641,72;144690,45;1,001580484E10;345569
WINFUT;27/04/2023;09:00:00;145428,35;145504,92;144878,41;144941,06;1,106505198E10;381249
WINFUT;26/04/2023;17:50:00;144808,79;145156,86;144794,87;145101,17;1276147816,00;44007
WINFUT;26/04/2023;17:40:00;144885,37;144954,98;144787,91;144808,79;2805870713,00;96840
WINFUT;26/04/2023;17:30:00;144913,21;144948,02;144773,99;144892,33;2450147688,00;84569
WINFUT;26/04/2023;17:20:00;144801,83;144975,87;144780,95;144920,18;2518333241,00;86901
WINFUT;26/04/2023;17:10:00;144794,87;144864,48;144725,26;144794,87;2839590238,00;98044
WINFUT;26/04/2023;17:00:00;144711,34;144794,87;144599,96;144794,87;3870981043,00;133748
WINFUT;26/04/2023;16:50:00;144711,34;144787,91;144634,76;144711,34;4378888944,00;151291
WINFUT;26/04/2023;16:40:00;144773,99;144822,72;144655,65;144704,38;3920555030,00;135426
WINFUT;26/04/2023;16:30:00;144961,94;145073,32;144711,34;144773,99;6075995263,00;209683
WINFUT;26/04/2023;16:20:00;144927,14;144989,79;144836,64;144961,94;3890809843,00;134246
WINFUT;26/04/2023;16:10:00;145003,71;145142,94;144871,45;144934,10;6081000560,00;209660
WINFUT;26/04/2023;16:00:00;144941,06;145024,59;144906,25;145003,71;3131774804,00;108019
WINFUT;26/04/2023;15:50:00;144732,22;145024,59;144704,38;144941,06;6043948201,00;208582
WINFUT;26/04/2023;15:40:00;144746,14;144787,91;144558,19;144732,22;6090020265,00;210443
WINFUT;26/04/2023;15:30:00;144850,56;144892,33;144690,45;144746,14;4924704725,00;170053
WINFUT;26/04/2023;15:20:00;144822,72;144892,33;144662,61;144850,56;6039848285,00;208556
WINFUT;26/04/2023;15:10:00;144565,15;144850,56;144558,19;144822,72;6041965269,00;208749
WINFUT;26/04/2023;15:00:00;144725,26;144773,99;144446,81;144565,15;1,040715169E10;359897
WINFUT;26/04/2023;14:50:00;145080,28;145129,01;144683,49;144718,30;1,132492327E10;390677
WINFUT;26/04/2023;14:40:00;145372,66;145414,43;145059,40;145080,28;5680395493,00;195504
WINFUT;26/04/2023;14:30:00;145275,20;145386,58;145226,47;145365,70;4080017399,00;140391
WINFUT;26/04/2023;14:20:00;145358,74;145386,58;145219,51;145275,20;5394292089,00;185639
WINFUT;26/04/2023;14:10:00;145539,73;145539,73;145344,81;145358,74;3913886169,00;134566
WINFUT;26/04/2023;14:00:00;145567,58;145637,19;145484,04;145539,73;2783898781,00;95632
WINFUT;26/04/2023;13:50:00;145491,00;145651,11;145428,35;145574,54;4608726014,00;158304
WINFUT;26/04/2023;13:40:00;145525,81;145574,54;145456,19;145491,00;3229502837,00;110966
WINFUT;26/04/2023;13:30:00;145581,50;145671,99;145491,00;145532,77;6151734499,00;211271
WINFUT;26/04/2023;13:20:00;145365,70;145609,34;145316,97;145588,46;4822842122,00;165746
WINFUT;26/04/2023;13:10:00;145296,09;145421,39;145219,51;145365,70;5331806768,00;183451
WINFUT;26/04/2023;13:00:00;145400,50;145518,85;145233,43;145303,05;6133303997,00;210942
WINFUT;26/04/2023;12:50:00;145351,78;145484,04;145289,12;145393,54;4741518045,00;163070
WINFUT;26/04/2023;12:40:00;145330,89;145435,31;145310,01;145351,78;4076510502,00;140215
WINFUT;26/04/2023;12:30:00;145553,65;145651,11;145261,28;145330,89;7562491382,00;259903
WINFUT;26/04/2023;12:20:00;145421,39;145567,58;145289,12;145560,61;6992173708,00;240424
WINFUT;26/04/2023;12:10:00;145470,12;145560,61;145400,50;145421,39;3832003014,00;131717
WINFUT;26/04/2023;12:00:00;145449,23;145595,42;145386,58;145470,12;5399180885,00;185546
WINFUT;26/04/2023;11:50:00;145539,73;145588,46;145414,43;145449,23;5131669416,00;176368
WINFUT;26/04/2023;11:40:00;145546,69;145616,30;145316,97;145539,73;1,170588671E10;402308
WINFUT;26/04/2023;11:30:00;145101,17;145595,42;145073,32;145546,69;1,039277657E10;357415
WINFUT;26/04/2023;11:20:00;145059,40;145212,55;144878,41;145101,17;1,168384167E10;402738
WINFUT;26/04/2023;11:10:00;145170,78;145491,00;145045,48;145059,40;1,29733855E10;446453
WINFUT;26/04/2023;11:00:00;145344,81;145449,23;145142,94;145170,78;1,136855854E10;391248
WINFUT;26/04/2023;10:50:00;145574,54;145637,19;145275,20;145344,81;1,251156554E10;430130
WINFUT;26/04/2023;10:40:00;145790,34;145832,10;145484,04;145574,54;1,491780268E10;512137
WINFUT;26/04/2023;10:30:00;146033,98;146089,67;145734,65;145783,38;1,281768102E10;439409
WINFUT;26/04/2023;10:20:00;145922,60;146124,48;145797,30;146033,98;1,246464483E10;426955
WINFUT;26/04/2023;10:10:00;146319,39;146535,19;145873,87;145915,64;1,576926691E10;539220
WINFUT;26/04/2023;10:00:00;146006,14;146326,36;145839,07;146326,36;1,057471086E10;362072
WINFUT;26/04/2023;09:50:00;145936,52;146082,71;145852,99;146013,10;7597265321,00;260236
WINFUT;26/04/2023;09:40:00;145978,29;146375,09;145873,87;145929,56;1,096495236E10;375203
WINFUT;26/04/2023;09:30:00;146013,10;146201,05;145915,64;145971,33;6838570571,00;234133
WINFUT;26/04/2023;09:20:00;145901,72;146208,01;145832,10;146020,06;7311772669,00;250319
WINFUT;26/04/2023;09:10:00;146020,06;146242,82;145706,80;145894,76;1,124448894E10;385142
WINFUT;26/04/2023;09:00:00;146416,85;147391,43;145992,21;146020,06;1,35844459E10;463275
WINFUT;25/04/2023;17:50:00;146500,39;146897,18;146465,58;146897,18;1320760959,00;45028
WINFUT;25/04/2023;17:40:00;146214,98;146618,73;146173,21;146514,31;4988850545,00;170348
WINFUT;25/04/2023;17:30:00;146124,48;146235,86;146103,59;146214,98;2067623837,00;70728
WINFUT;25/04/2023;17:20:00;146047,90;146201,05;146020,06;146117,52;2906388443,00;99452
WINFUT;25/04/2023;17:10:00;146040,94;146145,36;146006,14;146047,90;3028467257,00;103667
WINFUT;25/04/2023;17:00:00;145762,49;146117,52;145734,65;146040,94;6154579530,00;210881
WINFUT;25/04/2023;16:50:00;145922,60;145943,49;145699,84;145769,45;4944847860,00;169582
WINFUT;25/04/2023;16:40:00;145783,38;146020,06;145762,49;145929,56;5846017411,00;200343
WINFUT;25/04/2023;16:30:00;145637,19;145852,99;145616,30;145783,38;5404586602,00;185390
WINFUT;25/04/2023;16:20:00;145685,92;145880,83;145574,54;145637,19;7004582901,00;240315
WINFUT;25/04/2023;16:10:00;145581,50;145720,72;145567,58;145685,92;3339212127,00;114625
WINFUT;25/04/2023;16:00:00;145588,46;145671,99;145532,77;145581,50;3621113301,00;124357
WINFUT;25/04/2023;15:50:00;145456,19;145630,23;145449,23;145588,46;4550179338,00;156314
WINFUT;25/04/2023;15:40:00;145414,43;145491,00;145323,93;145456,19;3633705129,00;124941
WINFUT;25/04/2023;15:30:00;145532,77;145553,65;145372,66;145421,39;3488982039,00;119936
WINFUT;25/04/2023;15:20:00;145435,31;145539,73;145393,54;145532,77;3765123076,00;129423
WINFUT;25/04/2023;15:10:00;145414,43;145588,46;145407,47;145435,31;4079882069,00;140199
WINFUT;25/04/2023;15:00:00;145456,19;145518,85;145358,74;145414,43;3779996652,00;129957
WINFUT;25/04/2023;14:50:00;145261,28;145623,27;145198,63;145449,23;1,001467614E10;344307
WINFUT;25/04/2023;14:40:00;145289,12;145400,50;145101,17;145254,32;9261596509,00;318870
WINFUT;25/04/2023;14:30:00;145240,39;145372,66;145191,67;145282,16;4767764478,00;164092
WINFUT;25/04/2023;14:20:00;145442,27;145518,85;145240,39;145247,36;6275157985,00;215815
WINFUT;25/04/2023;14:10:00;145769,45;145818,18;145184,70;145435,31;1,064483977E10;365841
WINFUT;25/04/2023;14:00:00;145776,41;146075,75;145748,57;145762,49;8199150420,00;280973
WINFUT;25/04/2023;13:50:00;145678,96;145852,99;145665,03;145783,38;3247505351,00;111393
WINFUT;25/04/2023;13:40:00;145776,41;145880,83;145671,99;145678,96;4034196219,00;138382
WINFUT;25/04/2023;13:30:00;145755,53;145999,18;145713,76;145783,38;6022438819,00;206433
WINFUT;25/04/2023;13:20:00;145727,69;145776,41;145658,07;145762,49;2708048944,00;92922
WINFUT;25/04/2023;13:10:00;145651,11;145825,14;145518,85;145727,69;5901776320,00;202534
WINFUT;25/04/2023;13:00:00;145713,76;145839,07;145623,27;145658,07;4240014538,00;145482
WINFUT;25/04/2023;12:50:00;145762,49;145859,95;145456,19;145720,72;8505015177,00;291987
WINFUT;25/04/2023;12:40:00;145797,30;145804,26;145616,30;145762,49;4309963130,00;147900
WINFUT;25/04/2023;12:30:00;145755,53;145922,60;145644,15;145797,30;5846984751,00;200490
WINFUT;25/04/2023;12:20:00;145720,72;145832,10;145581,50;145762,49;6300994010,00;216229
WINFUT;25/04/2023;12:10:00;145734,65;145880,83;145665,03;145727,69;9671309528,00;331742
WINFUT;25/04/2023;12:00:00;145289,12;145762,49;145163,82;145734,65;8527583004,00;293139
WINFUT;25/04/2023;11:50:00;145358,74;145414,43;145038,52;145289,12;8597376769,00;295897
WINFUT;25/04/2023;11:40:00;145491,00;145553,65;145254,32;145358,74;5937293056,00;204175
WINFUT;25/04/2023;11:30:00;145247,36;145630,23;145191,67;145484,04;9998891054,00;343719
WINFUT;25/04/2023;11:20:00;145671,99;145699,84;145233,43;145247,36;8598955535,00;295538
WINFUT;25/04/2023;11:10:00;145435,31;145755,53;145275,20;145671,99;1,023528478E10;351762
WINFUT;25/04/2023;11:00:00;145470,12;145797,30;145261,28;145428,35;1,356577245E10;466069
WINFUT;25/04/2023;10:50:00;145644,15;145665,03;145316,97;145470,12;1,094782593E10;376250
WINFUT;25/04/2023;10:40:00;145574,54;145713,76;145163,82;145637,19;2,018868726E10;694019
WINFUT;25/04/2023;10:30:00;145790,34;146131,44;145484,04;145574,54;1,966400224E10;674401
WINFUT;25/04/2023;10:20:00;146047,90;146361,16;145727,69;145783,38;1,433220518E10;490583
WINFUT;25/04/2023;10:10:00;146131,44;146284,59;145832,10;146047,90;1,35874988E10;465035
WINFUT;25/04/2023;10:00:00;146563,04;146570,00;145839,07;146124,48;1,882674227E10;644324
WINFUT;25/04/2023;09:50:00;146681,38;146709,23;146451,66;146563,04;6449253854,00;220031
WINFUT;25/04/2023;09:40:00;146507,35;146869,34;146437,74;146674,42;1,08775773E10;370922
WINFUT;25/04/2023;09:30:00;146347,24;146764,92;146235,86;146500,39;9296156562,00;317236
WINFUT;25/04/2023;09:20:00;146583,92;146778,84;146194,09;146347,24;1,184644094E10;404422
WINFUT;25/04/2023;09:10:00;146542,16;146681,38;146368,12;146576,96;1,07194515E10;365806
WINFUT;25/04/2023;09:00:00;146709,23;146827,57;146409,89;146549,12;1,025301953E10;349620
WINFUT;24/04/2023;17:50:00;147175,63;147280,05;147147,79;147280,05;655460664,90;22263
WINFUT;24/04/2023;17:40:00;147210,44;147293,98;147154,75;147182,60;1896817081,00;64413
WINFUT;24/04/2023;17:30:00;147140,83;147273,09;147126,90;147210,44;1630262835,00;55375
WINFUT;24/04/2023;17:20:00;147147,79;147217,40;147112,98;147140,83;1795637586,00;61007
WINFUT;24/04/2023;17:10:00;147071,21;147189,56;147064,25;147154,75;1890748077,00;64253
WINFUT;24/04/2023;17:00:00;147126,90;147224,36;147036,41;147071,21;3413397836,00;115994
WINFUT;24/04/2023;16:50:00;147001,60;147196,52;146945,91;147133,87;4794532501,00;162986
WINFUT;24/04/2023;16:40:00;146959,83;147092,10;146904,14;146994,64;3106118132,00;105650
WINFUT;24/04/2023;16:30:00;146994,64;147050,33;146848,45;146959,83;3957771776,00;134664
WINFUT;24/04/2023;16:20:00;147015,52;147057,29;146952,87;146987,68;3136318021,00;106677
WINFUT;24/04/2023;16:10:00;147001,60;147168,67;146931,99;147015,52;5996413099,00;203910
WINFUT;24/04/2023;16:00:00;146966,80;147106,02;146938,95;147001,60;4432279090,00;150718
WINFUT;24/04/2023;15:50:00;147029,45;147043,37;146945,91;146966,80;3423203025,00;116434
WINFUT;24/04/2023;15:40:00;146952,87;147036,41;146918,07;147036,41;3262343680,00;110984
WINFUT;24/04/2023;15:30:00;147168,67;147189,56;146911,10;146959,83;5627480789,00;191354
WINFUT;24/04/2023;15:20:00;147119,94;147182,60;146925,03;147168,67;6824184765,00;232029
WINFUT;24/04/2023;15:10:00;147126,90;147210,44;147036,41;147126,90;4254906538,00;144613
WINFUT;24/04/2023;15:00:00;147064,25;147182,60;147036,41;147126,90;3889634211,00;132198
WINFUT;24/04/2023;14:50:00;147321,82;147342,70;147015,52;147057,29;6290561187,00;213708
WINFUT;24/04/2023;14:40:00;147280,05;147349,67;147057,29;147314,86;6464731785,00;219593
WINFUT;24/04/2023;14:30:00;147147,79;147335,74;147064,25;147287,01;5248780629,00;178294
WINFUT;24/04/2023;14:20:00;147245,25;147314,86;147106,02;147154,75;4738886139,00;160958
WINFUT;24/04/2023;14:10:00;147210,44;147280,05;147126,90;147245,25;3500095230,00;118889
WINFUT;24/04/2023;14:00:00;147126,90;147273,09;147078,18;147203,48;5365466219,00;182291
WINFUT;24/04/2023;13:50:00;147189,56;147293,98;147106,02;147126,90;4209081281,00;142969
WINFUT;24/04/2023;13:40:00;147085,14;147217,40;147001,60;147182,60;4877976838,00;165772
WINFUT;24/04/2023;13:30:00;147119,94;147147,79;146973,76;147078,18;5453125101,00;185388
WINFUT;24/04/2023;13:20:00;147300,94;147335,74;147092,10;147112,98;4640490991,00;157608
WINFUT;24/04/2023;13:10:00;147321,82;147454,09;147259,17;147300,94;4570731556,00;155090
WINFUT;24/04/2023;13:00:00;147391,43;147405,36;147224,36;147314,86;5210587980,00;176826
WINFUT;24/04/2023;12:50:00;147607,23;147635,08;147370,55;147391,43;5321961093,00;180395
WINFUT;24/04/2023;12:40:00;147495,85;147649,00;147314,86;147607,23;7121430939,00;241422
WINFUT;24/04/2023;12:30:00;147363,59;147572,43;147287,01;147495,85;5994500138,00;203288
WINFUT;24/04/2023;12:20:00;147287,01;147363,59;147168,67;147363,59;4271902734,00;145041
WINFUT;24/04/2023;12:10:00;147280,05;147370,55;147085,14;147287,01;7886828119,00;267799
WINFUT;24/04/2023;12:00:00;147280,05;147363,59;147057,29;147287,01;7650724846,00;259864
WINFUT;24/04/2023;11:50:00;147398,40;147662,92;147238,29;147280,05;8875955856,00;300948
WINFUT;24/04/2023;11:40:00;147412,32;147635,08;147321,82;147391,43;8529183075,00;289184
WINFUT;24/04/2023;11:30:00;147732,54;147774,30;147342,70;147419,28;9234035664,00;312936
WINFUT;24/04/2023;11:20:00;147913,53;147948,34;147558,50;147732,54;9572875306,00;324065
WINFUT;24/04/2023;11:10:00;148094,52;148393,86;147885,69;147920,49;1,405796175E10;474659
WINFUT;24/04/2023;11:00:00;147349,67;148198,94;147307,90;148094,52;2,071041199E10;700649
WINFUT;24/04/2023;10:50:00;146472,54;147502,81;146423,81;147349,67;1,786938702E10;607834
WINFUT;24/04/2023;10:40:00;146228,90;146472,54;146159,29;146465,58;1,128779111E10;385752
WINFUT;24/04/2023;10:30:00;146493,43;146549,12;145985,25;146221,94;1,967679848E10;672632
WINFUT;24/04/2023;10:20:00;147161,71;147259,17;146437,74;146486,47;1,429711443E10;486809
WINFUT;24/04/2023;10:10:00;146521,27;147321,82;146507,35;147154,75;1,743772828E10;593114
WINFUT;24/04/2023;10:00:00;146911,10;147140,83;146437,74;146528,23;1,891244566E10;644265
WINFUT;24/04/2023;09:50:00;146618,73;146973,76;146611,77;146904,14;6749159809,00;229812
WINFUT;24/04/2023;09:40:00;146771,88;146938,95;146611,77;146618,73;8573932629,00;292086
WINFUT;24/04/2023;09:30:00;146702,27;146848,45;146576,96;146771,88;7802520611,00;265918
WINFUT;24/04/2023;09:20:00;146674,42;146862,38;146611,77;146702,27;7285006166,00;248216
WINFUT;24/04/2023;09:10:00;146507,35;146709,23;146256,74;146674,42;8892618500,00;303558
WINFUT;24/04/2023;09:00:00;147092,10;147356,63;146389,01;146514,31;1,155931753E10;394007
WINFUT;20/04/2023;17:50:00;147843,92;147850,88;147600,27;147774,30;1031098756,00;34896
WINFUT;20/04/2023;17:40:00;147725,58;147864,80;147642,04;147843,92;2165254652,00;73272
WINFUT;20/04/2023;17:30:00;147732,54;147850,88;147642,04;147732,54;2467335950,00;83492
WINFUT;20/04/2023;17:20:00;147843,92;147878,72;147607,23;147732,54;3159803623,00;106941
WINFUT;20/04/2023;17:10:00;147607,23;147864,80;147565,47;147850,88;3499267405,00;118431
WINFUT;20/04/2023;17:00:00;147662,92;147788,23;147544,58;147607,23;3938028608,00;133324
WINFUT;20/04/2023;16:50:00;147530,66;147697,73;147468,01;147662,92;3973372137,00;134600
WINFUT;20/04/2023;16:40:00;147474,97;147614,20;147440,16;147537,62;3824001781,00;129592
WINFUT;20/04/2023;16:30:00;147461,05;147551,54;147398,40;147474,97;4462008109,00;151285
WINFUT;20/04/2023;16:20:00;147551,54;147795,19;147440,16;147461,05;8296623433,00;280988
WINFUT;20/04/2023;16:10:00;147502,81;147586,35;147370,55;147551,54;4641368903,00;157367
WINFUT;20/04/2023;16:00:00;147628,12;147676,85;147461,05;147502,81;4208222179,00;142583
WINFUT;20/04/2023;15:50:00;147537,62;147662,92;147530,66;147621,16;5516504228,00;186887
WINFUT;20/04/2023;15:40:00;147349,67;147551,54;147259,17;147530,66;5563842306,00;188688
WINFUT;20/04/2023;15:30:00;147426,24;147516,74;147224,36;147349,67;6498533374,00;220539
WINFUT;20/04/2023;15:20:00;147405,36;147537,62;147266,13;147426,24;7655083172,00;259681
WINFUT;20/04/2023;15:10:00;147628,12;147655,96;147335,74;147398,40;7661516795,00;259754
WINFUT;20/04/2023;15:00:00;147843,92;147843,92;147607,23;147635,08;6260766519,00;211924
WINFUT;20/04/2023;14:50:00;147830,00;148073,64;147774,30;147843,92;6820234750,00;230542
WINFUT;20/04/2023;14:40:00;147990,10;148108,45;147802,15;147836,96;6793742553,00;229597
WINFUT;20/04/2023;14:30:00;147760,38;148094,52;147753,42;147997,07;7422539195,00;250812
WINFUT;20/04/2023;14:20:00;147725,58;147920,49;147642,04;147767,34;5360611248,00;181366
WINFUT;20/04/2023;14:10:00;147711,65;147746,46;147586,35;147725,58;4058214915,00;137402
WINFUT;20/04/2023;14:00:00;147690,77;147830,00;147683,81;147718,61;4162395973,00;140863
WINFUT;20/04/2023;13:50:00;147662,92;147781,27;147572,43;147690,77;4967176574,00;168163
WINFUT;20/04/2023;13:40:00;147412,32;147739,50;147412,32;147662,92;5896989803,00;199737
WINFUT;20/04/2023;13:30:00;147481,93;147614,20;147370,55;147419,28;4341832247,00;147196
WINFUT;20/04/2023;13:20:00;147565,47;147600,27;147398,40;147481,93;3395211040,00;115109
WINFUT;20/04/2023;13:10:00;147502,81;147586,35;147440,16;147565,47;3914590773,00;132690
WINFUT;20/04/2023;13:00:00;147509,78;147725,58;147468,01;147495,85;5601489767,00;189784
WINFUT;20/04/2023;12:50:00;147447,12;147572,43;147370,55;147502,81;4062976553,00;137739
WINFUT;20/04/2023;12:40:00;147474,97;147530,66;147328,78;147447,12;4480459560,00;151966
WINFUT;20/04/2023;12:30:00;147516,74;147649,00;147384,47;147474,97;5629603005,00;190803
WINFUT;20/04/2023;12:20:00;147474,97;147683,81;147440,16;147509,78;5553987798,00;188191
WINFUT;20/04/2023;12:10:00;147273,09;147551,54;147106,02;147468,01;6754365915,00;229236
WINFUT;20/04/2023;12:00:00;147516,74;147669,89;147147,79;147273,09;8940943580,00;303266
WINFUT;20/04/2023;11:50:00;147593,31;147809,11;147405,36;147509,78;8308480256,00;281482
WINFUT;20/04/2023;11:40:00;147426,24;147704,69;147314,86;147593,31;8612658120,00;291938
WINFUT;20/04/2023;11:30:00;147356,63;147746,46;147342,70;147426,24;1,109247032E10;375896
WINFUT;20/04/2023;11:20:00;147558,50;147621,16;147231,32;147356,63;9008648960,00;305548
WINFUT;20/04/2023;11:10:00;147558,50;148024,91;147488,89;147565,47;1,604218904E10;542680
WINFUT;20/04/2023;11:00:00;146855,41;147753,42;146778,84;147558,50;1,636482345E10;555271
WINFUT;20/04/2023;10:50:00;147377,51;147398,40;146848,45;146848,45;1,123041242E10;381782
WINFUT;20/04/2023;10:40:00;146848,45;147447,12;146841,49;147370,55;1,495139186E10;507979
WINFUT;20/04/2023;10:30:00;146695,30;147342,70;146500,39;146848,45;1,873586492E10;637301
WINFUT;20/04/2023;10:20:00;145852,99;146695,30;145832,10;146695,30;1,488732405E10;508502
WINFUT;20/04/2023;10:10:00;146604,81;146813,65;145818,18;145852,99;2,658264352E10;908119
WINFUT;20/04/2023;10:00:00;147823,03;147850,88;146549,12;146611,77;2,07777661E10;706044
WINFUT;20/04/2023;09:50:00;147934,41;148080,60;147732,54;147816,07;8030007201,00;271458
WINFUT;20/04/2023;09:40:00;148101,49;148164,14;147906,57;147934,41;7399399992,00;249938
WINFUT;20/04/2023;09:30:00;147864,80;148129,33;147718,61;148108,45;1,008657102E10;340841
WINFUT;20/04/2023;09:20:00;147335,74;148031,87;147210,44;147871,76;1,234887874E10;418055
WINFUT;20/04/2023;09:10:00;147572,43;147579,39;147064,25;147335,74;9996267779,00;339334
WINFUT;20/04/2023;09:00:00;146883,26;147676,85;146632,65;147565,47;1,084506726E10;368127
WINFUT;19/04/2023;17:50:00;147266,13;147551,54;147252,21;147370,55;1178515841,00;39972
WINFUT;19/04/2023;17:40:00;147405,36;147461,05;147259,17;147273,09;2258803662,00;76638
WINFUT;19/04/2023;17:30:00;147307,90;147502,81;147300,94;147405,36;3713301613,00;125958
WINFUT;19/04/2023;17:20:00;147154,75;147363,59;147147,79;147314,86;2555492551,00;86766
WINFUT;19/04/2023;17:10:00;147133,87;147300,94;147036,41;147154,75;3684607273,00;125188
WINFUT;19/04/2023;17:00:00;146987,68;147161,71;146883,26;147133,87;5230079365,00;177867
WINFUT;19/04/2023;16:50:00;147078,18;147203,48;146952,87;146994,64;4616690744,00;156923
WINFUT;19/04/2023;16:40:00;147022,49;147217,40;146931,99;147078,18;6192364992,00;210556
WINFUT;19/04/2023;16:30:00;147015,52;147168,67;146959,83;147022,49;6274537532,00;213329
WINFUT;19/04/2023;16:20:00;147119,94;147273,09;147008,56;147015,52;6192609449,00;210430
WINFUT;19/04/2023;16:10:00;147106,02;147377,51;147071,21;147119,94;7484858036,00;254200
WINFUT;19/04/2023;16:00:00;146987,68;147161,71;146931,99;147106,02;7550315986,00;256710
WINFUT;19/04/2023;15:50:00;146695,30;147001,60;146625,69;146994,64;9834457907,00;334808
WINFUT;19/04/2023;15:40:00;146883,26;146966,80;146653,54;146702,27;8315030428,00;283176
WINFUT;19/04/2023;15:30:00;147064,25;147085,14;146778,84;146883,26;1,006598288E10;342501
WINFUT;19/04/2023;15:20:00;147474,97;147495,85;147015,52;147064,25;8943629297,00;303681
WINFUT;19/04/2023;15:10:00;147509,78;147621,16;147433,20;147481,93;4548334607,00;154142
WINFUT;19/04/2023;15:00:00;147572,43;147746,46;147328,78;147509,78;9808519959,00;332437
WINFUT;19/04/2023;14:50:00;147530,66;147621,16;147412,32;147572,43;4031753593,00;136645
WINFUT;19/04/2023;14:40:00;147676,85;147774,30;147488,89;147537,62;4851827634,00;164343
WINFUT;19/04/2023;14:30:00;147718,61;147760,38;147607,23;147669,89;4087377263,00;138374
WINFUT;19/04/2023;14:20:00;147530,66;147732,54;147468,01;147711,65;5377900023,00;182154
WINFUT;19/04/2023;14:10:00;147871,76;147927,45;147516,74;147537,62;5764932441,00;195161
WINFUT;19/04/2023;14:00:00;147774,30;147913,53;147635,08;147864,80;6549033232,00;221568
WINFUT;19/04/2023;13:50:00;147739,50;147836,96;147669,89;147774,30;3149319100,00;106560
WINFUT;19/04/2023;13:40:00;147753,42;147836,96;147683,81;147746,46;3908835356,00;132273
WINFUT;19/04/2023;13:30:00;147600,27;147781,27;147412,32;147746,46;5879876862,00;199129
WINFUT;19/04/2023;13:20:00;147593,31;147649,00;147461,05;147593,31;4797925998,00;162586
WINFUT;19/04/2023;13:10:00;147635,08;147781,27;147572,43;147593,31;4654012709,00;157583
WINFUT;19/04/2023;13:00:00;147544,58;147649,00;147426,24;147642,04;6272058660,00;212537
WINFUT;19/04/2023;12:50:00;147767,34;147774,30;147488,89;147544,58;5241561268,00;177495
WINFUT;19/04/2023;12:40:00;147997,07;148004,03;147746,46;147760,38;4849905010,00;163994
WINFUT;19/04/2023;12:30:00;148073,64;148164,14;147899,61;147990,10;5541843596,00;187178
WINFUT;19/04/2023;12:20:00;147906,57;148080,60;147802,15;148073,64;6003128415,00;202877
WINFUT;19/04/2023;12:10:00;147774,30;147969,22;147718,61;147913,53;5763197693,00;194920
WINFUT;19/04/2023;12:00:00;148122,37;148157,18;147676,85;147774,30;7455635293,00;252088
WINFUT;19/04/2023;11:50:00;147948,34;148296,40;147948,34;148122,37;8488114089,00;286503
WINFUT;19/04/2023;11:40:00;147934,41;147990,10;147704,69;147941,38;7431317415,00;251342
WINFUT;19/04/2023;11:30:00;147920,49;148094,52;147823,03;147934,41;6859163255,00;231821
WINFUT;19/04/2023;11:20:00;147899,61;148080,60;147614,20;147920,49;1,047543831E10;354212
WINFUT;19/04/2023;11:10:00;147983,14;148136,29;147593,31;147899,61;1,419826606E10;479955
WINFUT;19/04/2023;11:00:00;147488,89;147983,14;147419,28;147983,14;1,218303765E10;412498
WINFUT;19/04/2023;10:50:00;147370,55;147941,38;147342,70;147481,93;1,280404706E10;433534
WINFUT;19/04/2023;10:40:00;147516,74;147732,54;147224,36;147370,55;1,641363022E10;556637
WINFUT;19/04/2023;10:30:00;148386,90;148393,86;147342,70;147516,74;2,228893824E10;754127
WINFUT;19/04/2023;10:20:00;148150,21;148519,16;147955,30;148379,94;1,538287052E10;518833
WINFUT;19/04/2023;10:10:00;148902,03;148957,72;148136,29;148143,25;1,493405598E10;502531
WINFUT;19/04/2023;10:00:00;148658,39;148992,53;148477,40;148902,03;1,408274867E10;473438
WINFUT;19/04/2023;09:50:00;148428,67;148804,58;148282,48;148658,39;1,013299372E10;341003
WINFUT;19/04/2023;09:40:00;148783,69;148846,34;148219,83;148428,67;1,516698063E10;510428
WINFUT;19/04/2023;09:30:00;148853,31;149096,95;148762,81;148776,73;7767043944,00;260727
WINFUT;19/04/2023;09:20:00;148832,42;149096,95;148693,20;148860,27;9737897245,00;327057
WINFUT;19/04/2023;09:10:00;148964,69;149083,03;148804,58;148825,46;9961164479,00;334369
WINFUT;19/04/2023;09:00:00;148874,19;149180,49;148101,49;148971,65;1,24915663E10;420336
WINFUT;18/04/2023;17:50:00;150461,36;150482,25;150085,45;150085,45;1173377964,00;39036
WINFUT;18/04/2023;17:40:00;150482,25;150517,05;150322,14;150461,36;2493571253,00;82892
WINFUT;18/04/2023;17:30:00;150454,40;150530,98;150329,10;150489,21;3200925036,00;106379
WINFUT;18/04/2023;17:20:00;150377,83;150517,05;150315,18;150454,40;3297799089,00;109606
WINFUT;18/04/2023;17:10:00;150440,48;150475,29;150356,94;150377,83;2510765381,00;83449
WINFUT;18/04/2023;17:00:00;150482,25;150586,67;150433,52;150440,48;3866436450,00;128454
WINFUT;18/04/2023;16:50:00;150245,56;150530,98;150196,83;150475,29;6756567598,00;224653
WINFUT;18/04/2023;16:40:00;150343,02;150363,91;150182,91;150238,60;3796720410,00;126318
WINFUT;18/04/2023;16:30:00;150329,10;150426,56;150203,80;150343,02;7322255132,00;243548
WINFUT;18/04/2023;16:20:00;150656,28;150691,09;150301,25;150329,10;6356321934,00;211234
WINFUT;18/04/2023;16:10:00;150795,51;150837,27;150572,74;150656,28;7523274823,00;249639
WINFUT;18/04/2023;16:00:00;150196,83;150851,20;150120,26;150802,47;1,296016453E10;430511
WINFUT;18/04/2023;15:50:00;149953,19;150273,41;149918,38;150203,80;9069887592,00;302148
WINFUT;18/04/2023;15:40:00;149890,54;150001,92;149744,35;149960,15;7731479460,00;257913
WINFUT;18/04/2023;15:30:00;149953,19;150015,84;149779,16;149890,54;5989977435,00;199808
WINFUT;18/04/2023;15:20:00;149932,31;150057,61;149827,89;149953,19;6027592479,00;200970
WINFUT;18/04/2023;15:10:00;149709,54;149974,07;149653,85;149925,34;8476804842,00;282832
WINFUT;18/04/2023;15:00:00;149953,19;150008,88;149681,70;149709,54;9855841164,00;328834
WINFUT;18/04/2023;14:50:00;150196,83;150273,41;149918,38;149946,23;6258591204,00;208443
WINFUT;18/04/2023;14:40:00;150294,29;150349,98;150168,99;150189,87;4642705955,00;154500
WINFUT;18/04/2023;14:30:00;150315,18;150398,71;150245,56;150294,29;4401962869,00;146418
WINFUT;18/04/2023;14:20:00;150280,37;150544,90;150252,52;150308,22;7170186562,00;238412
WINFUT;18/04/2023;14:10:00;150210,76;150301,25;150134,18;150287,33;5326500665,00;177289
WINFUT;18/04/2023;14:00:00;150106,34;150245,56;150078,49;150210,76;5545058226,00;184633
WINFUT;18/04/2023;13:50:00;150447,44;150475,29;150071,53;150106,34;6680041665,00;222311
WINFUT;18/04/2023;13:40:00;150329,10;150468,32;150259,49;150447,44;5904324983,00;196347
WINFUT;18/04/2023;13:30:00;150398,71;150517,05;150322,14;150336,06;6011141925,00;199813
WINFUT;18/04/2023;13:20:00;150356,94;150482,25;150356,94;150398,71;4327342140,00;143842
WINFUT;18/04/2023;13:10:00;150329,10;150454,40;150259,49;150363,91;4454820731,00;148129
WINFUT;18/04/2023;13:00:00;150238,60;150370,87;150203,80;150322,14;5303339690,00;176436
WINFUT;18/04/2023;12:50:00;150329,10;150356,94;150064,57;150245,56;6337083159,00;210969
WINFUT;18/04/2023;12:40:00;150182,91;150412,63;150175,95;150322,14;6350766794,00;211260
WINFUT;18/04/2023;12:30:00;150558,82;150558,82;150168,99;150182,91;7005308553,00;232947
WINFUT;18/04/2023;12:20:00;150440,48;150607,55;150245,56;150565,78;6903922377,00;229472
WINFUT;18/04/2023;12:10:00;150614,51;150635,40;150294,29;150433,52;7661075127,00;254626
WINFUT;18/04/2023;12:00:00;150656,28;150711,97;150405,67;150614,51;8139700666,00;270369
WINFUT;18/04/2023;11:50:00;150510,09;150851,20;150419,60;150663,24;1,233940689E10;409468
WINFUT;18/04/2023;11:40:00;150120,26;150628,43;150099,38;150510,09;1,105327055E10;367446
WINFUT;18/04/2023;11:30:00;150078,49;150252,52;150008,88;150127,22;8314358094,00;276923
WINFUT;18/04/2023;11:20:00;150196,83;150412,63;150064,57;150078,49;9241404054,00;307567
WINFUT;18/04/2023;11:10:00;150148,11;150308,22;149883,58;150189,87;1,234827669E10;411281
WINFUT;18/04/2023;11:00:00;150203,80;150217,72;149702,58;150148,11;1,688780608E10;563080
WINFUT;18/04/2023;10:50:00;150043,69;150517,05;150001,92;150203,80;1,382764919E10;460136
WINFUT;18/04/2023;10:40:00;149479,82;150189,87;149445,01;150050,65;1,470793138E10;490619
WINFUT;18/04/2023;10:30:00;149298,83;149800,04;148867,23;149479,82;2,223441406E10;744561
WINFUT;18/04/2023;10:20:00;149417,17;149786,12;149173,52;149305,79;1,860125316E10;622347
WINFUT;18/04/2023;10:10:00;150370,87;150391,75;149305,79;149410,21;2,499279779E10;833749
WINFUT;18/04/2023;10:00:00;151227,11;151247,99;150266,45;150370,87;1,930548893E10;640004
WINFUT;18/04/2023;09:50:00;151449,87;151519,48;151213,18;151234,07;9453317218,00;312264
WINFUT;18/04/2023;09:40:00;151756,16;151846,66;151442,91;151449,87;7543768270,00;248690
WINFUT;18/04/2023;09:30:00;151909,31;152208,65;151644,78;151756,16;1,091818997E10;359467
WINFUT;18/04/2023;09:20:00;152125,11;152173,84;151707,43;151902,35;9313792066,00;306500
WINFUT;18/04/2023;09:10:00;152062,46;152278,26;151818,82;152132,07;1,036423061E10;341010
WINFUT;18/04/2023;09:00:00;150948,65;152076,38;150920,81;152055,50;1,341011022E10;442403
WINFUT;17/04/2023;17:50:00;150252,52;150343,02;150127,22;150266,45;1426982013,00;47490
WINFUT;17/04/2023;17:40:00;150440,48;150489,21;150245,56;150252,52;3053807156,00;101570
WINFUT;17/04/2023;17:30:00;150356,94;150489,21;150252,52;150433,52;3202739284,00;106504
WINFUT;17/04/2023;17:20:00;150482,25;150503,13;150308,22;150349,98;3876048861,00;128867
WINFUT;17/04/2023;17:10:00;150489,21;150642,36;150398,71;150489,21;4775693111,00;158631
WINFUT;17/04/2023;17:00:00;150433,52;150496,17;150266,45;150489,21;5673354061,00;188627
WINFUT;17/04/2023;16:50:00;150029,76;150461,36;150022,80;150433,52;7505521653,00;249764
WINFUT;17/04/2023;16:40:00;150217,72;150280,37;150015,84;150029,76;5041441867,00;167900
WINFUT;17/04/2023;16:30:00;150231,64;150308,22;150148,11;150210,76;4639265502,00;154402
WINFUT;17/04/2023;16:20:00;150064,57;150252,52;150043,69;150224,68;4527963849,00;150788
WINFUT;17/04/2023;16:10:00;149925,34;150099,38;149855,73;150064,57;4198740070,00;139949
WINFUT;17/04/2023;16:00:00;149883,58;150043,69;149876,62;149918,38;4782554823,00;159472
WINFUT;17/04/2023;15:50:00;150029,76;150043,69;149876,62;149890,54;3171345113,00;105726
WINFUT;17/04/2023;15:40:00;150134,18;150196,83;149918,38;150022,80;5573190441,00;185697
WINFUT;17/04/2023;15:30:00;150071,53;150182,91;149946,23;150134,18;6805235107,00;226734
WINFUT;17/04/2023;15:20:00;149967,11;150106,34;149827,89;150071,53;7073761023,00;235861
WINFUT;17/04/2023;15:10:00;150085,45;150148,11;149946,23;149967,11;6109720002,00;203622
WINFUT;17/04/2023;15:00:00;150134,18;150175,95;149981,03;150092,42;7609798937,00;253535
WINFUT;17/04/2023;14:50:00;150162,03;150231,64;150085,45;150134,18;4236996080,00;141104
WINFUT;17/04/2023;14:40:00;150120,26;150252,52;150092,42;150162,03;4792548936,00;159590
WINFUT;17/04/2023;14:30:00;149994,96;150168,99;149953,19;150120,26;6573442001,00;219008
WINFUT;17/04/2023;14:20:00;149974,07;150043,69;149904,46;150001,92;4974757758,00;165841
WINFUT;17/04/2023;14:10:00;149813,96;150029,76;149730,43;149974,07;6664876699,00;222322
WINFUT;17/04/2023;14:00:00;149897,50;150043,69;149772,20;149820,92;6050893852,00;201791
WINFUT;17/04/2023;13:50:00;150078,49;150189,87;149820,92;149904,46;9165244086,00;305523
WINFUT;17/04/2023;13:40:00;150189,87;150266,45;149925,34;150078,49;6892453600,00;229670
WINFUT;17/04/2023;13:30:00;150238,60;150301,25;150120,26;150189,87;3894334257,00;129627
WINFUT;17/04/2023;13:20:00;150064,57;150322,14;150050,65;150245,56;8478568844,00;282273
WINFUT;17/04/2023;13:10:00;150168,99;150182,91;150015,84;150057,61;4256278179,00;141794
WINFUT;17/04/2023;13:00:00;150189,87;150294,29;150127,22;150168,99;3569238334,00;118814
WINFUT;17/04/2023;12:50:00;150391,75;150433,52;150168,99;150189,87;5213637517,00;173433
WINFUT;17/04/2023;12:40:00;150141,14;150461,36;150078,49;150391,75;5205325476,00;173221
WINFUT;17/04/2023;12:30:00;150057,61;150259,49;150001,92;150141,14;6603335267,00;219903
WINFUT;17/04/2023;12:20:00;150252,52;150398,71;150022,80;150057,61;7954297066,00;264750
WINFUT;17/04/2023;12:10:00;150245,56;150398,71;150148,11;150259,49;6707761558,00;223187
WINFUT;17/04/2023;12:00:00;150377,83;150454,40;150168,99;150238,60;7049285467,00;234527
WINFUT;17/04/2023;11:50:00;150238,60;150530,98;150238,60;150384,79;8251057844,00;274242
WINFUT;17/04/2023;11:40:00;150252,52;150426,56;150085,45;150245,56;1,266873358E10;421667
WINFUT;17/04/2023;11:30:00;150600,59;150760,70;150203,80;150252,52;1,104646438E10;366922
WINFUT;17/04/2023;11:20:00;150927,77;150976,50;150447,44;150607,55;9376705328,00;311267
WINFUT;17/04/2023;11:10:00;151046,11;151073,96;150705,01;150920,81;9775298421,00;323995
WINFUT;17/04/2023;11:00:00;151108,76;151157,49;150788,54;151046,11;1,0166168E10;336687
WINFUT;17/04/2023;10:50:00;150746,78;151234,07;150718,93;151108,76;1,236495225E10;409440
WINFUT;17/04/2023;10:40:00;150927,77;151324,56;150600,59;150746,78;1,728821939E10;572743
WINFUT;17/04/2023;10:30:00;150948,65;151032,19;150482,25;150934,73;1,593835071E10;528503
WINFUT;17/04/2023;10:20:00;150802,47;151080,92;150259,49;150955,62;1,919759044E10;636919
WINFUT;17/04/2023;10:10:00;150851,20;151519,48;150711,97;150795,51;2,135914859E10;706672
WINFUT;17/04/2023;10:00:00;150837,27;151115,73;150677,16;150858,16;1,358527023E10;450150
WINFUT;17/04/2023;09:50:00;150906,89;151143,57;150760,70;150844,23;9219909079,00;305350
WINFUT;17/04/2023;09:40:00;151157,49;151247,99;150809,43;150906,89;1,087996366E10;360281
WINFUT;17/04/2023;09:30:00;150711,97;151227,11;150600,59;151150,53;1,32343973E10;438357
WINFUT;17/04/2023;09:20:00;150760,70;150837,27;150600,59;150711,97;5583060300,00;185220
WINFUT;17/04/2023;09:10:00;150795,51;151087,88;150635,40;150760,70;9469958730,00;313908
WINFUT;17/04/2023;09:00:00;151589,09;151616,94;150705,01;150788,54;8948813845,00;296162
WINFUT;14/04/2023;17:50:00;151456,83;151505,56;151317,60;151477,71;1196411441,00;39507
WINFUT;14/04/2023;17:40:00;151401,14;151665,67;151338,49;151449,87;5229695187,00;172577
WINFUT;14/04/2023;17:30:00;151192,30;151442,91;151185,34;151394,18;4219271458,00;139405
WINFUT;14/04/2023;17:20:00;151115,73;151206,22;151004,34;151192,30;3246628017,00;107437
WINFUT;14/04/2023;17:10:00;150976,50;151317,60;150962,58;151115,73;6592810376,00;218079
WINFUT;14/04/2023;17:00:00;150781,58;151011,31;150767,66;150969,54;4843784450,00;160520
WINFUT;14/04/2023;16:50:00;150537,94;150823,35;150475,29;150774,62;6655327144,00;220831
WINFUT;14/04/2023;16:40:00;150391,75;150607,55;150315,18;150530,98;6728036206,00;223575
WINFUT;14/04/2023;16:30:00;150517,05;150544,90;150343,02;150391,75;4644610802,00;154361
WINFUT;14/04/2023;16:20:00;150343,02;150677,16;150308,22;150517,05;8025585235,00;266658
WINFUT;14/04/2023;16:10:00;150635,40;150642,36;150092,42;150343,02;9402539746,00;312733
WINFUT;14/04/2023;16:00:00;150642,36;150684,12;150565,78;150635,40;2985867763,00;99118
WINFUT;14/04/2023;15:50:00;150732,85;150753,74;150586,67;150642,36;4687928837,00;155585
WINFUT;14/04/2023;15:40:00;150705,01;150816,39;150656,28;150739,82;4061599349,00;134726
WINFUT;14/04/2023;15:30:00;150788,54;150899,93;150656,28;150705,01;5361556630,00;177790
WINFUT;14/04/2023;15:20:00;150746,78;150899,93;150670,20;150781,58;6021475314,00;199682
WINFUT;14/04/2023;15:10:00;150760,70;150795,51;150614,51;150739,82;4916384306,00;163097
WINFUT;14/04/2023;15:00:00;150572,74;150795,51;150565,78;150760,70;5254741710,00;174373
WINFUT;14/04/2023;14:50:00;150649,32;150718,93;150565,78;150579,71;3626849191,00;120380
WINFUT;14/04/2023;14:40:00;150684,12;150739,82;150614,51;150656,28;4549405899,00;150964
WINFUT;14/04/2023;14:30:00;150969,54;150997,38;150572,74;150691,09;8966993689,00;297429
WINFUT;14/04/2023;14:20:00;151094,84;151122,69;150941,69;150969,54;4913045998,00;162676
WINFUT;14/04/2023;14:10:00;151227,11;151366,33;151073,96;151108,76;6635926890,00;219462
WINFUT;14/04/2023;14:00:00;151004,34;151415,06;151004,34;151220,14;9432617079,00;311904
WINFUT;14/04/2023;13:50:00;150858,16;151025,23;150691,09;151011,31;6031136884,00;199935
WINFUT;14/04/2023;13:40:00;150691,09;150899,93;150670,20;150865,12;5585194422,00;185196
WINFUT;14/04/2023;13:30:00;150920,81;150997,38;150684,12;150698,05;6999512237,00;232053
WINFUT;14/04/2023;13:20:00;150809,43;151053,07;150649,32;150927,77;8652703790,00;286787
WINFUT;14/04/2023;13:10:00;150517,05;150837,27;150447,44;150809,43;6398504601,00;212389
WINFUT;14/04/2023;13:00:00;150475,29;150600,59;150315,18;150517,05;6814518126,00;226451
WINFUT;14/04/2023;12:50:00;150343,02;150475,29;150231,64;150468,32;6218392326,00;206814
WINFUT;14/04/2023;12:40:00;150349,98;150544,90;150322,14;150349,98;5775275866,00;191934
WINFUT;14/04/2023;12:30:00;150196,83;150454,40;150134,18;150343,02;6366288623,00;211771
WINFUT;14/04/2023;12:20:00;150078,49;150259,49;150029,76;150203,80;5211736292,00;173538
WINFUT;14/04/2023;12:10:00;150196,83;150349,98;149994,96;150085,45;6858545193,00;228405
WINFUT;14/04/2023;12:00:00;150259,49;150287,33;150022,80;150196,83;7877000901,00;262272
WINFUT;14/04/2023;11:50:00;150454,40;150586,67;150224,68;150259,49;7767336128,00;258287
WINFUT;14/04/2023;11:40:00;150343,02;150530,98;150155,07;150454,40;9070348397,00;301626
WINFUT;14/04/2023;11:30:00;150426,56;150496,17;149862,69;150349,98;1,353993725E10;450872
WINFUT;14/04/2023;11:20:00;150565,78;150718,93;150196,83;150426,56;1,089687864E10;362202
WINFUT;14/04/2023;11:10:00;150245,56;150711,97;150224,68;150565,78;1,285344379E10;426991
WINFUT;14/04/2023;11:00:00;150718,93;150767,66;150022,80;150245,56;1,671172562E10;555516
WINFUT;14/04/2023;10:50:00;150405,67;150872,08;150329,10;150718,93;1,496701285E10;497029
WINFUT;14/04/2023;10:40:00;149786,12;150496,17;149577,28;150412,63;1,653120873E10;550765
WINFUT;14/04/2023;10:30:00;148748,89;149897,50;148644,47;149786,12;2,044196134E10;685171
WINFUT;14/04/2023;10:20:00;149493,74;149584,24;148693,20;148741,92;1,806966378E10;605709
WINFUT;14/04/2023;10:10:00;149605,12;149730,43;149305,79;149500,71;1,370299715E10;458298
WINFUT;14/04/2023;10:00:00;150628,43;150628,43;149528,55;149605,12;2,058322096E10;686079
WINFUT;14/04/2023;09:50:00;150600,59;150781,58;150524,02;150628,43;6843104553,00;227093
WINFUT;14/04/2023;09:40:00;150879,04;150920,81;150489,21;150607,55;1,210344131E10;401692
WINFUT;14/04/2023;09:30:00;151171,42;151470,75;150711,97;150879,04;1,413342702E10;468033
WINFUT;14/04/2023;09:20:00;151178,38;151247,99;151018,27;151178,38;6717299363,00;222254
WINFUT;14/04/2023;09:10:00;151331,53;151547,33;151171,42;151171,42;8815693412,00;291179
WINFUT;14/04/2023;09:00:00;150711,97;151394,18;150684,12;151331,53;9358792281,00;309664
WINFUT;13/04/2023;17:50:00;151060,03;151157,49;150851,20;150851,20;858197236,30;28414
WINFUT;13/04/2023;17:40:00;151018,27;151080,92;150886,00;151060,03;2430271332,00;80488
WINFUT;13/04/2023;17:30:00;150892,96;151039,15;150865,12;151025,23;2103159980,00;69659
WINFUT;13/04/2023;17:20:00;150886,00;150948,65;150816,39;150892,96;2894893795,00;95932
WINFUT;13/04/2023;17:10:00;151046,11;151080,92;150844,23;150892,96;4121135686,00;136518
WINFUT;13/04/2023;17:00:00;151164,45;151310,64;151032,19;151046,11;4664255171,00;154266
WINFUT;13/04/2023;16:50:00;151025,23;151192,30;150990,42;151157,49;5202274703,00;172157
WINFUT;13/04/2023;16:40:00;150969,54;151080,92;150837,27;151018,27;5940908883,00;196775
WINFUT;13/04/2023;16:30:00;151094,84;151115,73;150948,65;150962,58;3873151967,00;128245
WINFUT;13/04/2023;16:20:00;151129,65;151261,91;150962,58;151094,84;6175220899,00;204343
WINFUT;13/04/2023;16:10:00;151178,38;151227,11;150983,46;151122,69;4840548031,00;160191
WINFUT;13/04/2023;16:00:00;151199,26;151227,11;151039,15;151171,42;4656390592,00;154051
WINFUT;13/04/2023;15:50:00;151254,95;151324,56;151143,57;151192,30;3752055175,00;124053
WINFUT;13/04/2023;15:40:00;151241,03;151331,53;151178,38;151261,91;3932591339,00;130001
WINFUT;13/04/2023;15:30:00;151338,49;151352,41;151108,76;151241,03;7203539741,00;238183
WINFUT;13/04/2023;15:20:00;151247,99;151366,33;151192,30;151338,49;4696789206,00;155246
WINFUT;13/04/2023;15:10:00;151296,72;151456,83;151234,07;151241,03;6808532719,00;224935
WINFUT;13/04/2023;15:00:00;151477,71;151498,60;151268,87;151289,76;5738630976,00;189540
WINFUT;13/04/2023;14:50:00;151401,14;151651,74;151394,18;151477,71;7799206972,00;257366
WINFUT;13/04/2023;14:40:00;151247,99;151512,52;151192,30;151401,14;7397918312,00;244418
WINFUT;13/04/2023;14:30:00;151122,69;151289,76;151039,15;151247,99;4835982369,00;159968
WINFUT;13/04/2023;14:20:00;151143,57;151324,56;151025,23;151129,65;6431725957,00;212739
WINFUT;13/04/2023;14:10:00;151080,92;151227,11;150997,38;151150,53;6153074073,00;203583
WINFUT;13/04/2023;14:00:00;150997,38;151115,73;150927,77;151087,88;5187124091,00;171724
WINFUT;13/04/2023;13:50:00;150997,38;151115,73;150976,50;150997,38;4552576285,00;150706
WINFUT;13/04/2023;13:40:00;150781,58;151025,23;150774,62;151004,34;5115667329,00;169489
WINFUT;13/04/2023;13:30:00;150823,35;150886,00;150663,24;150781,58;5073491141,00;168225
WINFUT;13/04/2023;13:20:00;150941,69;150969,54;150663,24;150823,35;7048396824,00;233654
WINFUT;13/04/2023;13:10:00;151115,73;151206,22;150906,89;150934,73;3773637092,00;124879
WINFUT;13/04/2023;13:00:00;151268,87;151282,80;150955,62;151115,73;6889386870,00;227955
WINFUT;13/04/2023;12:50:00;151192,30;151324,56;151143,57;151268,87;4782589043,00;158122
WINFUT;13/04/2023;12:40:00;151227,11;151303,68;151046,11;151192,30;4575753085,00;151351
WINFUT;13/04/2023;12:30:00;151073,96;151289,76;151060,03;151234,07;4958979147,00;164000
WINFUT;13/04/2023;12:20:00;151164,45;151366,33;150990,42;151080,92;7576314045,00;250585
WINFUT;13/04/2023;12:10:00;150892,96;151268,87;150865,12;151171,42;9214520168,00;304860
WINFUT;13/04/2023;12:00:00;151101,80;151220,14;150830,31;150886,00;8158624122,00;270078
WINFUT;13/04/2023;11:50:00;151157,49;151289,76;150997,38;151094,84;7138453126,00;236147
WINFUT;13/04/2023;11:40:00;151101,80;151359,37;151025,23;151150,53;1,114791094E10;368683
WINFUT;13/04/2023;11:30:00;151338,49;151498,60;151073,96;151101,80;1,394009295E10;460663
WINFUT;13/04/2023;11:20:00;151533,40;151658,71;151310,64;151338,49;1,03783518E10;342543
WINFUT;13/04/2023;11:10:00;151561,25;151811,85;151415,06;151540,36;1,30577968E10;430709
WINFUT;13/04/2023;11:00:00;151589,09;151756,16;151310,64;151561,25;1,479499725E10;488218
WINFUT;13/04/2023;10:50:00;151874,51;151909,31;151526,44;151589,09;1,336571545E10;440544
WINFUT;13/04/2023;10:40:00;151568,21;151978,93;151435,94;151867,54;1,748452942E10;576276
WINFUT;13/04/2023;10:30:00;150948,65;151784,01;150899,93;151575,17;2,062852642E10;681683
WINFUT;13/04/2023;10:20:00;151143,57;151213,18;150760,70;150955,62;1,588060087E10;525913
WINFUT;13/04/2023;10:10:00;151498,60;151630,86;150920,81;151136,61;2,303514984E10;761690
WINFUT;13/04/2023;10:00:00;151853,62;152152,96;151394,18;151498,60;1,899182961E10;625259
WINFUT;13/04/2023;09:50:00;152006,77;152069,42;151777,05;151860,58;7183722894,00;236449
WINFUT;13/04/2023;09:40:00;151895,39;152069,42;151784,01;152013,73;7992930130,00;263061
WINFUT;13/04/2023;09:30:00;152041,58;152313,07;151770,09;151895,39;1,097529178E10;361039
WINFUT;13/04/2023;09:20:00;151860,58;152118,15;151749,20;152041,58;7422151855,00;244240
WINFUT;13/04/2023;09:10:00;151811,85;151951,08;151686,55;151860,58;6859592137,00;225909
WINFUT;13/04/2023;09:00:00;151756,16;151978,93;151422,02;151811,85;1,147264695E10;378108
WINFUT;12/04/2023;17:50:00;151526,44;151679,59;151505,56;151616,94;709189676,40;23394
WINFUT;12/04/2023;17:40:00;151533,40;151609,98;151456,83;151526,44;2106660488,00;69506
WINFUT;12/04/2023;17:30:00;151533,40;151658,71;151505,56;151540,36;2701951313,00;89125
WINFUT;12/04/2023;17:20:00;151547,33;151603,02;151345,45;151540,36;3778072953,00;124697
WINFUT;12/04/2023;17:10:00;151742,24;151797,93;151540,36;151540,36;4609021009,00;151929
WINFUT;12/04/2023;17:00:00;151874,51;151916,27;151519,48;151749,20;6782050443,00;223602
WINFUT;12/04/2023;16:50:00;151874,51;151965,00;151756,16;151867,54;4744327790,00;156205
WINFUT;12/04/2023;16:40:00;151909,31;151965,00;151672,63;151881,47;7651336266,00;251970
WINFUT;12/04/2023;16:30:00;151999,81;152097,27;151784,01;151916,27;8495499199,00;279605
WINFUT;12/04/2023;16:20:00;152452,29;152459,25;151930,20;151999,81;9510118886,00;312410
WINFUT;12/04/2023;16:10:00;153064,89;153064,89;152306,11;152445,33;1,129301213E10;370054
WINFUT;12/04/2023;16:00:00;153050,96;153141,46;152821,24;153064,89;6127822022,00;200280
WINFUT;12/04/2023;15:50:00;153002,24;153099,69;152793,40;153057,93;7452449161,00;243614
WINFUT;12/04/2023;15:40:00;153078,81;153238,92;152932,62;152995,27;5803788263,00;189530
WINFUT;12/04/2023;15:30:00;153120,58;153259,80;152995,27;153078,81;5993849423,00;195736
WINFUT;12/04/2023;15:20:00;153057,93;153447,76;152995,27;153120,58;1,014077412E10;330914
WINFUT;12/04/2023;15:10:00;152918,70;153231,96;152883,89;153064,89;7190253457,00;234883
WINFUT;12/04/2023;15:00:00;153023,12;153218,04;152737,71;152925,66;9312715976,00;304459
WINFUT;12/04/2023;14:50:00;153183,23;153211,07;152918,70;153009,20;5089046603,00;166263
WINFUT;12/04/2023;14:40:00;153447,76;153468,64;153037,04;153183,23;7668674296,00;250307
WINFUT;12/04/2023;14:30:00;153733,17;153774,94;153350,30;153447,76;7260257838,00;236365
WINFUT;12/04/2023;14:20:00;153754,05;153816,71;153399,03;153740,13;9140653755,00;297515
WINFUT;12/04/2023;14:10:00;153301,57;153781,90;153218,04;153761,02;1,307900734E10;426093
WINFUT;12/04/2023;14:00:00;152730,74;153385,11;152695,94;153301,57;1,391144902E10;454474
WINFUT;12/04/2023;13:50:00;152264,34;152751,63;152055,50;152730,74;9369455890,00;307448
WINFUT;12/04/2023;13:40:00;152139,03;152375,72;152034,62;152257,38;6549731414,00;215145
WINFUT;12/04/2023;13:30:00;152139,03;152201,69;151971,96;152132,07;4793378518,00;157582
WINFUT;12/04/2023;13:20:00;151923,23;152152,96;151895,39;152139,03;3820700915,00;125647
WINFUT;12/04/2023;13:10:00;151930,20;152083,34;151895,39;151923,23;3820010928,00;125678
WINFUT;12/04/2023;13:00:00;151763,13;152146,00;151742,24;151923,23;7548337573,00;248390
WINFUT;12/04/2023;12:50:00;151797,93;151839,70;151554,29;151770,09;6106980258,00;201280
WINFUT;12/04/2023;12:40:00;151665,67;152006,77;151637,82;151797,93;6824329420,00;224745
WINFUT;12/04/2023;12:30:00;151526,44;151749,20;151408,10;151672,63;7745209494,00;255483
WINFUT;12/04/2023;12:20:00;151192,30;151568,21;151157,49;151526,44;6554551539,00;216531
WINFUT;12/04/2023;12:10:00;151129,65;151268,87;150892,96;151185,34;8424407462,00;278782
WINFUT;12/04/2023;12:00:00;151268,87;151435,94;151080,92;151129,65;6949180512,00;229700
WINFUT;12/04/2023;11:50:00;151366,33;151470,75;151011,31;151268,87;8787407495,00;290418
WINFUT;12/04/2023;11:40:00;151136,61;151442,91;150955,62;151373,29;9433066211,00;311868
WINFUT;12/04/2023;11:30:00;152013,73;152034,62;151073,96;151129,65;1,307411295E10;431362
WINFUT;12/04/2023;11:20:00;151742,24;152076,38;151637,82;152020,69;9393129377,00;309357
WINFUT;12/04/2023;11:10:00;152062,46;152104,23;151735,28;151742,24;6898781167,00;227045
WINFUT;12/04/2023;11:00:00;151742,24;152132,07;151616,94;152069,42;1,46281199E10;481708
WINFUT;12/04/2023;10:50:00;152375,72;152466,22;151686,55;151749,20;1,295383222E10;426155
WINFUT;12/04/2023;10:40:00;152730,74;152974,39;152361,80;152382,68;1,620238187E10;530754
WINFUT;12/04/2023;10:30:00;152354,84;152856,05;151916,27;152730,74;1,933256819E10;634415
WINFUT;12/04/2023;10:20:00;151797,93;152473,18;151665,67;152354,84;1,765366915E10;580478
WINFUT;12/04/2023;10:10:00;151331,53;152243,45;151331,53;151797,93;1,659998942E10;546453
WINFUT;12/04/2023;10:00:00;151435,94;151519,48;151143,57;151345,45;1,122992412E10;371066
WINFUT;12/04/2023;09:50:00;151623,90;152034,62;151338,49;151442,91;1,058979935E10;349305
WINFUT;12/04/2023;09:40:00;151923,23;151965,00;151199,26;151616,94;1,2114261E10;399706
WINFUT;12/04/2023;09:30:00;151686,55;152528,87;151463,79;151923,23;1,703545242E10;559805
WINFUT;12/04/2023;09:20:00;150809,43;151749,20;150649,32;151693,51;1,092445542E10;361456
WINFUT;12/04/2023;09:10:00;151073,96;151171,42;150677,16;150802,47;9323310543,00;308911
WINFUT;12/04/2023;09:00:00;151067,00;151366,33;150621,47;151080,92;1,028854959E10;340728
WINFUT;11/04/2023;17:50:00;151664,80;151678,99;151338,49;151338,49;1464213512,00;48323
WINFUT;11/04/2023;17:40:00;151210,80;151678,99;151196,61;151671,89;5564618863,00;183676
WINFUT;11/04/2023;17:30:00;151317,21;151416,52;151097,30;151217,89;4995108325,00;165119
WINFUT;11/04/2023;17:20:00;151111,49;151494,55;150962,52;151310,11;7333823743,00;242447
WINFUT;11/04/2023;17:10:00;150841,92;151175,33;150841,92;151111,49;5669564722,00;187674
WINFUT;11/04/2023;17:00:00;150664,58;151111,49;150657,48;150834,83;9434262663,00;312569
WINFUT;11/04/2023;16:50:00;150607,83;150827,73;150593,64;150664,58;7062824417,00;234299
WINFUT;11/04/2023;16:40:00;150749,70;150792,27;150572,36;150607,83;5777123518,00;191700
WINFUT;11/04/2023;16:30:00;150735,52;150863,20;150671,67;150749,70;5868627214,00;194634
WINFUT;11/04/2023;16:20:00;150955,42;150969,61;150692,95;150742,61;7098661597,00;235363
WINFUT;11/04/2023;16:10:00;150770,98;151203,70;150763,89;150955,42;9926606284,00;328657
WINFUT;11/04/2023;16:00:00;150593,64;150870,30;150551,08;150778,08;6528642421,00;216571
WINFUT;11/04/2023;15:50:00;150785,17;150820,64;150565,27;150593,64;5863415236,00;194523
WINFUT;11/04/2023;15:40:00;150820,64;150955,42;150721,33;150778,08;6564181893,00;217613
WINFUT;11/04/2023;15:30:00;150586,55;150856,11;150501,42;150820,64;7945117599,00;263623
WINFUT;11/04/2023;15:20:00;150373,73;150657,48;150359,55;150586,55;6196567303,00;205835
WINFUT;11/04/2023;15:10:00;150558,17;150565,27;150359,55;150373,73;5920342457,00;196758
WINFUT;11/04/2023;15:00:00;150614,92;150735,52;150416,30;150558,17;9128351940,00;303179
WINFUT;11/04/2023;14:50:00;151012,17;151033,45;150593,64;150607,83;1,018819682E10;337741
WINFUT;11/04/2023;14:40:00;150877,39;151210,80;150799,36;151005,08;1,239269696E10;410292
WINFUT;11/04/2023;14:30:00;150409,20;150941,24;150409,20;150877,39;1,228304849E10;407635
WINFUT;11/04/2023;14:20:00;150132,55;150600,73;150068,70;150416,30;1,197347853E10;398080
WINFUT;11/04/2023;14:10:00;149976,48;150246,05;149891,36;150132,55;9525438072,00;317337
WINFUT;11/04/2023;14:00:00;149650,17;150125,45;149621,79;149983,58;1,12862183E10;376454
WINFUT;11/04/2023;13:50:00;149586,33;149813,33;149501,20;149657,26;5322126178,00;177844
WINFUT;11/04/2023;13:40:00;149487,01;149593,42;149423,17;149579,23;5020623004,00;167902
WINFUT;11/04/2023;13:30:00;149487,01;149515,39;149338,04;149487,01;4691088638,00;156953
WINFUT;11/04/2023;13:20:00;149529,58;149657,26;149444,45;149494,11;5038092243,00;168440
WINFUT;11/04/2023;13:10:00;149416,07;149628,89;149394,79;149536,67;3941746778,00;131827
WINFUT;11/04/2023;13:00:00;149501,20;149508,29;149352,23;149408,98;3134816070,00;104895
WINFUT;11/04/2023;12:50:00;149401,89;149508,29;149274,20;149494,11;4236455296,00;141793
WINFUT;11/04/2023;12:40:00;149366,42;149529,58;149330,95;149394,79;4994161009,00;167118
WINFUT;11/04/2023;12:30:00;149366,42;149408,98;149160,70;149373,51;5564599909,00;186390
WINFUT;11/04/2023;12:20:00;149366,42;149543,76;149274,20;149359,32;4917480107,00;164585
WINFUT;11/04/2023;12:10:00;149338,04;149572,14;149231,64;149366,42;7038387191,00;235561
WINFUT;11/04/2023;12:00:00;149316,76;149657,26;149281,29;149345,14;9381216686,00;313819
WINFUT;11/04/2023;11:50:00;149338,04;149416,07;149196,17;149316,76;6627389793,00;221909
WINFUT;11/04/2023;11:40:00;149281,29;149416,07;149068,48;149338,04;8945616552,00;299656
WINFUT;11/04/2023;11:30:00;149699,83;149749,48;149260,01;149281,29;8650588070,00;289420
WINFUT;11/04/2023;11:20:00;149635,98;149997,76;149515,39;149699,83;1,451122632E10;484525
WINFUT;11/04/2023;11:10:00;149118,14;149742,39;148898,23;149635,98;1,628699437E10;545253
WINFUT;11/04/2023;11:00:00;148706,70;149501,20;148657,04;149111,04;1,873626723E10;627941
WINFUT;11/04/2023;10:50:00;148862,76;148862,76;148430,04;148706,70;1,008857412E10;339384
WINFUT;11/04/2023;10:40:00;148281,07;148962,07;148139,20;148855,67;1,47023911E10;494829
WINFUT;11/04/2023;10:30:00;148203,04;148600,29;148110,82;148281,07;1,481104528E10;499218
WINFUT;11/04/2023;10:20:00;148784,73;149139,42;148203,04;148210,13;1,53286022E10;515456
WINFUT;11/04/2023;10:10:00;147500,76;149366,42;147287,94;148784,73;3,009924206E10;1014770
WINFUT;11/04/2023;10:00:00;146770,10;147592,98;146720,44;147500,76;1,980030155E10;672476
WINFUT;11/04/2023;09:50:00;146670,79;146833,94;146465,07;146770,10;9713841175,00;331221
WINFUT;11/04/2023;09:40:00;146699,16;146947,44;146635,32;146670,79;8013190961,00;273042
WINFUT;11/04/2023;09:30:00;146606,94;146784,29;146507,63;146706,25;9122129204,00;311032
WINFUT;11/04/2023;09:20:00;146230,97;146805,57;146209,69;146606,94;1,482361827E10;505734
WINFUT;11/04/2023;09:10:00;146209,69;146330,28;146039,44;146238,07;9217178724,00;315261
WINFUT;11/04/2023;09:00:00;145422,28;146273,53;145337,16;146202,60;1,576441325E10;540377
WINFUT;10/04/2023;17:50:00;144762,56;144876,06;144712,91;144876,06;1105078334,00;38158
WINFUT;10/04/2023;17:40:00;144691,62;144847,69;144677,44;144769,66;2296436394,00;79316
WINFUT;10/04/2023;17:30:00;144734,19;144840,59;144627,78;144691,62;3130123689,00;108150
WINFUT;10/04/2023;17:20:00;144840,59;144868,97;144712,91;144734,19;2660397196,00;91872
WINFUT;10/04/2023;17:10:00;144670,34;144883,16;144641,97;144833,50;3463221027,00;119612
WINFUT;10/04/2023;17:00:00;144698,72;144805,12;144585,22;144677,44;4567297899,00;157824
WINFUT;10/04/2023;16:50:00;144613,59;144720,00;144571,03;144705,81;4572038146,00;158041
WINFUT;10/04/2023;16:40:00;144521,37;144613,59;144450,44;144606,50;3630854274,00;125611
WINFUT;10/04/2023;16:30:00;144599,41;144613,59;144478,81;144521,37;3815750897,00;132007
WINFUT;10/04/2023;16:20:00;144606,50;144634,87;144471,72;144606,50;4915350245,00;170019
WINFUT;10/04/2023;16:10:00;144478,81;144649,06;144322,75;144606,50;8623270720,00;298412
WINFUT;10/04/2023;16:00:00;144521,37;144656,16;144471,72;144471,72;5162341430,00;178524
WINFUT;10/04/2023;15:50:00;144521,37;144613,59;144429,15;144521,37;4874160264,00;168656
WINFUT;10/04/2023;15:40:00;144514,28;144571,03;144464,62;144514,28;2548375255,00;88166
WINFUT;10/04/2023;15:30:00;144634,87;144641,97;144429,15;144507,19;6131614803,00;212139
WINFUT;10/04/2023;15:20:00;144592,31;144741,28;144571,03;144627,78;4268331888,00;147523
WINFUT;10/04/2023;15:10:00;144556,84;144748,37;144535,56;144585,22;6052143622,00;209201
WINFUT;10/04/2023;15:00:00;144493,00;144606,50;144407,87;144556,84;5539073377,00;191646
WINFUT;10/04/2023;14:50:00;144606,50;144620,69;144450,44;144493,00;3751905177,00;129821
WINFUT;10/04/2023;14:40:00;144578,12;144663,25;144535,56;144613,59;4081012291,00;141113
WINFUT;10/04/2023;14:30:00;144528,47;144634,87;144450,44;144578,12;4568874211,00;158044
WINFUT;10/04/2023;14:20:00;144422,06;144556,84;144407,87;144521,37;3838929714,00;132836
WINFUT;10/04/2023;14:10:00;144471,72;144606,50;144414,97;144422,06;5245150922,00;181471
WINFUT;10/04/2023;14:00:00;144507,19;144563,94;144393,69;144471,72;4561442813,00;157877
WINFUT;10/04/2023;13:50:00;144528,47;144578,12;144464,62;144514,28;4189608376,00;144943
WINFUT;10/04/2023;13:40:00;144691,62;144790,94;144514,28;144528,47;5428948585,00;187615
WINFUT;10/04/2023;13:30:00;144649,06;144727,09;144571,03;144698,72;4598904406,00;158968
WINFUT;10/04/2023;13:20:00;144606,50;144684,53;144535,56;144649,06;3260706290,00;112735
WINFUT;10/04/2023;13:10:00;144613,59;144663,25;144493,00;144613,59;4031676672,00;139419
WINFUT;10/04/2023;13:00:00;144698,72;144734,19;144556,84;144613,59;5256456813,00;181707
WINFUT;10/04/2023;12:50:00;144762,56;144833,50;144684,53;144705,81;3704821818,00;127969
WINFUT;10/04/2023;12:40:00;144890,25;144904,44;144684,53;144762,56;5263727998,00;181782
WINFUT;10/04/2023;12:30:00;144826,41;145088,88;144762,56;144890,25;8003344000,00;276146
WINFUT;10/04/2023;12:20:00;144613,59;144876,06;144563,94;144826,41;5933297776,00;204979
WINFUT;10/04/2023;12:10:00;144918,62;144932,81;144542,65;144613,59;7711455485,00;266429
WINFUT;10/04/2023;12:00:00;144464,62;144982,47;144429,15;144918,62;8642115286,00;298590
WINFUT;10/04/2023;11:50:00;144336,94;144734,19;144329,84;144464,62;9378609009,00;324373
WINFUT;10/04/2023;11:40:00;144400,78;144613,59;144322,75;144336,94;7139465355,00;247117
WINFUT;10/04/2023;11:30:00;144677,44;144734,19;144351,12;144407,87;1,012314289E10;350221
WINFUT;10/04/2023;11:20:00;144443,34;144684,53;144237,62;144684,53;9657609279,00;334338
WINFUT;10/04/2023;11:10:00;144500,09;144542,65;144280,19;144443,34;8323805253,00;288192
WINFUT;10/04/2023;11:00:00;144585,22;144741,28;144379,50;144507,19;1,105442814E10;382355
WINFUT;10/04/2023;10:50:00;144705,81;144883,16;144450,44;144585,22;1,051529224E10;363483
WINFUT;10/04/2023;10:40:00;145088,88;145209,47;144627,78;144705,81;1,646752607E10;568058
WINFUT;10/04/2023;10:30:00;144578,12;145103,06;144407,87;145088,88;1,743877938E10;602665
WINFUT;10/04/2023;10:20:00;144507,19;144634,87;144202,15;144585,22;1,284085642E10;444598
WINFUT;10/04/2023;10:10:00;143996,43;144549,75;143975,15;144514,28;1,652039896E10;572210
WINFUT;10/04/2023;10:00:00;143861,65;144202,15;143861,65;143989,34;1,434229977E10;497876
WINFUT;10/04/2023;09:50:00;143819,09;143925,50;143726,87;143861,65;7528144064,00;261733
WINFUT;10/04/2023;09:40:00;143733,97;143890,03;143670,12;143819,09;7470938782,00;259794
WINFUT;10/04/2023;09:30:00;143180,65;143819,09;143173,56;143733,97;1,246581305E10;434253
WINFUT;10/04/2023;09:20:00;143329,62;143350,90;143074,24;143187,74;7774243607,00;271440
WINFUT;10/04/2023;09:10:00;143478,59;143492,78;143159,37;143322,53;7572310564,00;264229
WINFUT;10/04/2023;09:00:00;143478,59;143592,09;143407,65;143478,59;5461415241,00;190302
WINFUT;06/04/2023;17:50:00;143691,40;143762,34;143535,34;143762,34;809473349,30;28174
WINFUT;06/04/2023;17:40:00;143613,37;143712,68;143450,21;143684,31;2604013369,00;90691
WINFUT;06/04/2023;17:30:00;143393,46;143648,84;143358,00;143613,37;4780395861,00;166579
WINFUT;06/04/2023;17:20:00;143315,43;143421,84;143187,74;143393,46;3312068312,00;115553
WINFUT;06/04/2023;17:10:00;143258,68;143365,09;143216,12;143315,43;3377592801,00;117860
WINFUT;06/04/2023;17:00:00;143244,49;143308,34;143201,93;143251,59;2493060817,00;87013
WINFUT;06/04/2023;16:50:00;143237,40;143372,18;143166,46;143244,49;4666445865,00;162849
WINFUT;06/04/2023;16:40:00;143237,40;143329,62;143187,74;143230,31;3409420435,00;119008
WINFUT;06/04/2023;16:30:00;143315,43;143350,90;143123,90;143237,40;5391659691,00;188222
WINFUT;06/04/2023;16:20:00;143336,71;143365,09;143209,03;143315,43;4094126547,00;142866
WINFUT;06/04/2023;16:10:00;143365,09;143386,37;143272,87;143336,71;3599656218,00;125574
WINFUT;06/04/2023;16:00:00;143521,15;143521,15;143329,62;143358,00;3596248569,00;125360
WINFUT;06/04/2023;15:50:00;143457,31;143542,43;143407,65;143521,15;3890359656,00;135580
WINFUT;06/04/2023;15:40:00;143521,15;143620,46;143436,03;143450,21;4921437223,00;171439
WINFUT;06/04/2023;15:30:00;143329,62;143577,90;143301,25;143521,15;8662665477,00;301946
WINFUT;06/04/2023;15:20:00;143180,65;143350,90;143145,18;143336,71;4514883590,00;157573
WINFUT;06/04/2023;15:10:00;143116,81;143244,49;143102,62;143180,65;2744109345,00;95835
WINFUT;06/04/2023;15:00:00;143216,12;143251,59;143024,59;143123,90;4298446226,00;150149
WINFUT;06/04/2023;14:50:00;143060,06;143230,31;143052,96;143216,12;4564454726,00;159421
WINFUT;06/04/2023;14:40:00;143301,25;143308,34;142996,21;143060,06;5637160096,00;196925
WINFUT;06/04/2023;14:30:00;143350,90;143407,65;143194,84;143301,25;4782609488,00;166894
WINFUT;06/04/2023;14:20:00;143173,56;143400,56;143173,56;143343,81;4546019158,00;158625
WINFUT;06/04/2023;14:10:00;143180,65;143258,68;143166,46;143173,56;2223551879,00;77630
WINFUT;06/04/2023;14:00:00;143216,12;143251,59;143088,43;143180,65;4392571119,00;153408
WINFUT;06/04/2023;13:50:00;143180,65;143279,96;143145,18;143209,03;3407674973,00;118976
WINFUT;06/04/2023;13:40:00;143372,18;143414,75;143074,24;143187,74;5732642398,00;200087
WINFUT;06/04/2023;13:30:00;143265,78;143556,62;143251,59;143372,18;8320622206,00;290080
WINFUT;06/04/2023;13:20:00;143209,03;143379,28;143166,46;143265,78;3675703601,00;128262
WINFUT;06/04/2023;13:10:00;143329,62;143386,37;143173,56;143209,03;4685403287,00;163498
WINFUT;06/04/2023;13:00:00;143230,31;143400,56;143201,93;143329,62;6473722920,00;225872
WINFUT;06/04/2023;12:50:00;143173,56;143244,49;143088,43;143237,40;4446678608,00;155301
WINFUT;06/04/2023;12:40:00;143109,71;143223,21;143074,24;143173,56;5359563517,00;187197
WINFUT;06/04/2023;12:30:00;142740,84;143152,28;142733,74;143116,81;7720550483,00;269949
WINFUT;06/04/2023;12:20:00;142797,59;142833,06;142591,87;142733,74;8375273309,00;293442
WINFUT;06/04/2023;12:10:00;143017,49;143216,12;142776,31;142797,59;8640844170,00;302151
WINFUT;06/04/2023;12:00:00;143194,84;143279,96;142896,90;143010,40;8280045700,00;289318
WINFUT;06/04/2023;11:50:00;143287,06;143358,00;143067,15;143187,74;7057360546,00;246372
WINFUT;06/04/2023;11:40:00;143187,74;143365,09;142925,28;143287,06;1,042809599E10;364282
WINFUT;06/04/2023;11:30:00;143450,21;143627,56;143123,90;143187,74;1,281801728E10;446979
WINFUT;06/04/2023;11:20:00;143237,40;143506,96;143230,31;143457,31;7051547835,00;245910
WINFUT;06/04/2023;11:10:00;143294,15;143549,53;143201,93;143244,49;1,162968016E10;405552
WINFUT;06/04/2023;11:00:00;142911,09;143528,25;142889,81;143301,25;1,448396787E10;505566
WINFUT;06/04/2023;10:50:00;143024,59;143187,74;142811,78;142903,99;1,214575975E10;424800
WINFUT;06/04/2023;10:40:00;143237,40;143287,06;142825,96;143024,59;1,704602535E10;595871
WINFUT;06/04/2023;10:30:00;143769,43;143790,72;143223,21;143230,31;1,660284748E10;578571
WINFUT;06/04/2023;10:20:00;144109,93;144180,87;143620,46;143769,43;1,117835129E10;388458
WINFUT;06/04/2023;10:10:00;143627,56;144315,65;143521,15;144109,93;2,088227425E10;725053
WINFUT;06/04/2023;10:00:00;143010,40;143741,06;142946,56;143627,56;1,632590877E10;569613
WINFUT;06/04/2023;09:50:00;143116,81;143216,12;142918,18;143010,40;5677580094,00;198422
WINFUT;06/04/2023;09:40:00;143194,84;143216,12;143038,78;143116,81;5392992772,00;188381
WINFUT;06/04/2023;09:30:00;142967,84;143279,96;142840,15;143194,84;1,165352289E10;407255
WINFUT;06/04/2023;09:20:00;143258,68;143350,90;142953,65;142967,84;7110439509,00;248336
WINFUT;06/04/2023;09:10:00;143116,81;143393,46;143088,43;143258,68;6487037958,00;226399
WINFUT;06/04/2023;09:00:00;143294,15;143492,78;143095,53;143109,71;7461454869,00;260410
WINFUT;05/04/2023;17:50:00;143237,40;143365,09;143123,90;143123,90;1065383087,00;37187
WINFUT;05/04/2023;17:40:00;143237,40;143393,46;143223,21;143244,49;3229322415,00;112671
WINFUT;05/04/2023;17:30:00;143372,18;143393,46;143159,37;143244,49;3636860306,00;126929
WINFUT;05/04/2023;17:20:00;143414,75;143535,34;143350,90;143379,28;3686275073,00;128493
WINFUT;05/04/2023;17:10:00;143421,84;143471,50;143095,53;143414,75;6767690188,00;236133
WINFUT;05/04/2023;17:00:00;143492,78;143506,96;143343,81;143421,84;3885858299,00;135465
WINFUT;05/04/2023;16:50:00;143648,84;143719,78;143421,84;143492,78;6465200232,00;225165
WINFUT;05/04/2023;16:40:00;143506,96;143733,97;143443,12;143641,75;6679202565,00;232550
WINFUT;05/04/2023;16:30:00;143294,15;143726,87;143258,68;143499,87;9585146127,00;333937
WINFUT;05/04/2023;16:20:00;143294,15;143386,37;143244,49;143301,25;4961667446,00;173116
WINFUT;05/04/2023;16:10:00;143152,28;143329,62;143088,43;143301,25;5655359075,00;197437
WINFUT;05/04/2023;16:00:00;143166,46;143201,93;143003,31;143145,18;6569983533,00;229535
WINFUT;05/04/2023;15:50:00;143421,84;143457,31;143024,59;143166,46;1,109865047E10;387522
WINFUT;05/04/2023;15:40:00;143762,34;143804,90;143414,75;143421,84;7456255233,00;259662
WINFUT;05/04/2023;15:30:00;143414,75;143819,09;143386,37;143762,34;8997149799,00;313292
WINFUT;05/04/2023;15:20:00;143499,87;143592,09;143365,09;143421,84;5188630416,00;180793
WINFUT;05/04/2023;15:10:00;143421,84;143705,59;143379,28;143499,87;9336036779,00;325223
WINFUT;05/04/2023;15:00:00;143173,56;143684,31;143173,56;143414,75;1,187262282E10;413768
WINFUT;05/04/2023;14:50:00;142939,46;143187,74;142918,18;143180,65;6382785731,00;223054
WINFUT;05/04/2023;14:40:00;143095,53;143116,81;142840,15;142939,46;6032560568,00;210985
WINFUT;05/04/2023;14:30:00;143067,15;143166,46;142996,21;143095,53;4892892844,00;170973
WINFUT;05/04/2023;14:20:00;143109,71;143194,84;143031,68;143067,15;4916098384,00;171743
WINFUT;05/04/2023;14:10:00;143045,87;143145,18;142967,84;143116,81;5004679422,00;174925
WINFUT;05/04/2023;14:00:00;142932,37;143067,15;142840,15;143045,87;5809900286,00;203197
WINFUT;05/04/2023;13:50:00;142882,71;142996,21;142698,27;142939,46;6438957709,00;225374
WINFUT;05/04/2023;13:40:00;142911,09;143038,78;142811,78;142882,71;5954159072,00;208277
WINFUT;05/04/2023;13:30:00;142925,28;143138,09;142825,96;142911,09;6795235134,00;237577
WINFUT;05/04/2023;13:20:00;143265,78;143279,96;142868,53;142932,37;8728994258,00;305051
WINFUT;05/04/2023;13:10:00;143138,09;143350,90;143123,90;143272,87;6708489983,00;234149
WINFUT;05/04/2023;13:00:00;143201,93;143251,59;143102,62;143130,99;4908640468,00;171421
WINFUT;05/04/2023;12:50:00;142960,74;143230,31;142960,74;143209,03;5954374903,00;208057
WINFUT;05/04/2023;12:40:00;142861,43;143052,96;142776,31;142953,65;5728115775,00;200411
WINFUT;05/04/2023;12:30:00;142570,59;142939,46;142520,93;142868,53;7313713973,00;256179
WINFUT;05/04/2023;12:20:00;142641,52;142712,46;142435,81;142570,59;6510546848,00;228319
WINFUT;05/04/2023;12:10:00;142194,62;142797,59;142144,96;142634,43;1,031881722E10;362026
WINFUT;05/04/2023;12:00:00;142343,59;142435,81;142194,62;142201,71;5935585400,00;208512
WINFUT;05/04/2023;11:50:00;142357,77;142513,84;142329,40;142343,59;8191139378,00;287583
WINFUT;05/04/2023;11:40:00;142244,27;142379,06;141953,43;142357,77;1,587765138E10;558465
WINFUT;05/04/2023;11:30:00;142251,37;142556,40;142152,05;142244,27;1,124739488E10;395003
WINFUT;05/04/2023;11:20:00;142386,15;142733,74;142152,05;142251,37;1,498583213E10;526007
WINFUT;05/04/2023;11:10:00;142939,46;142974,93;142180,43;142379,06;1,99717588E10;700206
WINFUT;05/04/2023;11:00:00;143634,65;143960,97;142911,09;142939,46;2,547645767E10;888408
WINFUT;05/04/2023;10:50:00;143904,22;144024,81;143592,09;143634,65;1,624318503E10;564780
WINFUT;05/04/2023;10:40:00;144017,72;144344,03;143861,65;143904,22;1,537429793E10;533390
WINFUT;05/04/2023;10:30:00;144095,75;144266,00;143960,97;144024,81;1,232795347E10;427775
WINFUT;05/04/2023;10:20:00;144095,75;144195,06;143812,00;144088,65;1,561216633E10;542017
WINFUT;05/04/2023;10:10:00;144854,78;144890,25;143904,22;144095,75;2,081115904E10;720949
WINFUT;05/04/2023;10:00:00;144876,06;145117,25;144769,66;144854,78;1,236123316E10;426435
WINFUT;05/04/2023;09:50:00;144890,25;145081,78;144748,37;144868,97;8382246811,00;289185
WINFUT;05/04/2023;09:40:00;144954,09;145067,59;144833,50;144897,34;7377586608,00;254519
WINFUT;05/04/2023;09:30:00;144975,37;145216,56;144876,06;144947,00;1,166443355E10;402114
WINFUT;05/04/2023;09:20:00;144684,53;145060,50;144677,44;144975,37;1,131410387E10;390422
WINFUT;05/04/2023;09:10:00;144592,31;144698,72;144266,00;144684,53;1,288456146E10;445859
WINFUT;05/04/2023;09:00:00;144932,81;145088,88;144556,84;144585,22;9183267675,00;316866
WINFUT;04/04/2023;17:50:00;145025,03;145145,63;144996,66;145145,63;677361217,40;23345
WINFUT;04/04/2023;17:40:00;145103,06;145131,44;144989,56;145032,12;2362866064,00;81440
WINFUT;04/04/2023;17:30:00;145003,75;145166,91;144939,91;145103,06;2808746267,00;96819
WINFUT;04/04/2023;17:20:00;144904,44;145017,94;144854,78;145010,84;3265401127,00;112664
WINFUT;04/04/2023;17:10:00;144961,19;145103,06;144890,25;144904,44;3050175928,00;105182
WINFUT;04/04/2023;17:00:00;145095,97;145188,19;144876,06;144968,28;5049789563,00;174112
WINFUT;04/04/2023;16:50:00;144805,12;145138,53;144755,47;145103,06;7102213256,00;244999
WINFUT;04/04/2023;16:40:00;145110,16;145117,25;144805,12;144812,22;5497829600,00;189640
WINFUT;04/04/2023;16:30:00;145244,94;145266,22;144968,28;145110,16;6806231067,00;234501
WINFUT;04/04/2023;16:20:00;145408,09;145450,66;145174,00;145244,94;5906885812,00;203305
WINFUT;04/04/2023;16:10:00;144989,56;145507,41;144932,81;145408,09;9658203086,00;332570
WINFUT;04/04/2023;16:00:00;145081,78;145174,00;144982,47;144989,56;5593204289,00;192784
WINFUT;04/04/2023;15:50:00;145174,00;145237,84;145060,50;145088,88;5082475526,00;175071
WINFUT;04/04/2023;15:40:00;144932,81;145252,03;144868,97;145181,09;8161925915,00;281291
WINFUT;04/04/2023;15:30:00;145060,50;145060,50;144769,66;144925,72;7457209024,00;257340
WINFUT;04/04/2023;15:20:00;145230,75;145244,94;145025,03;145060,50;5062338753,00;174425
WINFUT;04/04/2023;15:10:00;145230,75;145344,25;145174,00;145223,66;3931967366,00;135333
WINFUT;04/04/2023;15:00:00;145244,94;145401,00;145181,09;145237,84;5368383034,00;184745
WINFUT;04/04/2023;14:50:00;145209,47;145301,69;145174,00;145244,94;3916665341,00;134848
WINFUT;04/04/2023;14:40:00;145422,28;145429,38;145202,38;145209,47;4888728171,00;168228
WINFUT;04/04/2023;14:30:00;145273,31;145479,03;145244,94;145415,19;5541732255,00;190604
WINFUT;04/04/2023;14:20:00;145358,44;145493,22;145252,03;145273,31;5125041684,00;176273
WINFUT;04/04/2023;14:10:00;145337,16;145535,78;145287,50;145365,53;5759414186,00;198012
WINFUT;04/04/2023;14:00:00;145330,06;145379,72;145237,84;145344,25;5247005600,00;180552
WINFUT;04/04/2023;13:50:00;145315,88;145415,19;145287,50;145330,06;4634086875,00;159414
WINFUT;04/04/2023;13:40:00;145273,31;145372,63;145202,38;145322,97;5544879183,00;190810
WINFUT;04/04/2023;13:30:00;145174,00;145315,88;145032,12;145280,41;6293001775,00;216724
WINFUT;04/04/2023;13:20:00;145060,50;145244,94;144904,44;145181,09;6960163719,00;239888
WINFUT;04/04/2023;13:10:00;145131,44;145230,75;145032,12;145060,50;5082723752,00;175081
WINFUT;04/04/2023;13:00:00;145088,88;145358,44;145032,12;145131,44;7516856758,00;258828
WINFUT;04/04/2023;12:50:00;144847,69;145174,00;144776,75;145088,88;6421851188,00;221480
WINFUT;04/04/2023;12:40:00;144939,91;144982,47;144663,25;144854,78;6961310383,00;240280
WINFUT;04/04/2023;12:30:00;144982,47;145060,50;144641,97;144947,00;8265074018,00;285262
WINFUT;04/04/2023;12:20:00;144847,69;145081,78;144599,41;144989,56;1,284607811E10;443392
WINFUT;04/04/2023;12:10:00;145457,75;145528,69;144741,28;144840,59;1,180976986E10;406639
WINFUT;04/04/2023;12:00:00;145294,59;145500,31;145067,59;145457,75;1,012202921E10;348331
WINFUT;04/04/2023;11:50:00;145266,22;145379,72;145110,16;145301,69;1,041358495E10;358445
WINFUT;04/04/2023;11:40:00;145876,28;145883,38;145209,47;145266,22;1,433131105E10;492172
WINFUT;04/04/2023;11:30:00;146273,53;146294,82;145840,81;145876,28;1,024262461E10;350706
WINFUT;04/04/2023;11:20:00;146571,47;146585,66;145996,88;146266,44;1,303749437E10;445813
WINFUT;04/04/2023;11:10:00;145989,78;146585,66;145925,94;146564,38;1,800258631E10;615489
WINFUT;04/04/2023;11:00:00;145095,97;146060,72;145095,97;145989,78;1,87873222E10;645276
WINFUT;04/04/2023;10:50:00;145060,50;145152,72;144861,87;145095,97;1,021840747E10;352326
WINFUT;04/04/2023;10:40:00;144868,97;145110,16;144627,78;145060,50;1,548281005E10;534417
WINFUT;04/04/2023;10:30:00;145393,91;145521,60;144854,78;144861,87;1,566711254E10;539700
WINFUT;04/04/2023;10:20:00;145450,66;145656,38;145322,97;145393,91;1,605596143E10;551797
WINFUT;04/04/2023;10:10:00;144996,66;145471,94;144918,62;145450,66;1,405691934E10;484252
WINFUT;04/04/2023;10:00:00;145181,09;145209,47;144918,62;144989,56;1,199749043E10;413522
WINFUT;04/04/2023;09:50:00;145166,91;145259,13;145081,78;145181,09;6894258773,00;237471
WINFUT;04/04/2023;09:40:00;145237,84;145322,97;145152,72;145166,91;7169129496,00;246812
WINFUT;04/04/2023;09:30:00;145174,00;145244,94;145046,31;145237,84;7769804888,00;267634
WINFUT;04/04/2023;09:20:00;144847,69;145174,00;144812,22;145174,00;1,050735551E10;362282
WINFUT;04/04/2023;09:10:00;144464,62;144868,97;144436,25;144840,59;6889285167,00;238155
WINFUT;04/04/2023;09:00:00;144975,37;144989,56;144400,78;144464,62;9588241394,00;331504
WINFUT;03/04/2023;17:50:00;144436,25;144485,90;144344,03;144400,78;1033558314,00;35781
WINFUT;03/04/2023;17:40:00;144386,59;144507,19;144344,03;144443,34;2547475584,00;88194
WINFUT;03/04/2023;17:30:00;144500,09;144535,56;144358,22;144393,69;2871023354,00;99376
WINFUT;03/04/2023;17:20:00;144500,09;144563,94;144407,87;144500,09;2965442129,00;102622
WINFUT;03/04/2023;17:10:00;144514,28;144606,50;144379,50;144507,19;5314128268,00;183853
WINFUT;03/04/2023;17:00:00;144287,28;144542,65;144230,53;144514,28;6218370741,00;215309
WINFUT;03/04/2023;16:50:00;144372,40;144514,28;144223,44;144287,28;7481169689,00;259093
WINFUT;03/04/2023;16:40:00;144124,12;144393,69;144124,12;144365,31;6545534643,00;226868
WINFUT;03/04/2023;16:30:00;144329,84;144414,97;144102,84;144131,22;9124546325,00;316266
WINFUT;03/04/2023;16:20:00;144273,09;144457,53;144216,34;144322,75;7914588255,00;274184
WINFUT;03/04/2023;16:10:00;143939,68;144280,19;143897,12;144273,09;8587494161,00;297958
WINFUT;03/04/2023;16:00:00;143833,28;144010,62;143762,34;143932,59;5441366693,00;189035
WINFUT;03/04/2023;15:50:00;143819,09;143975,15;143790,72;143840,37;4854384177,00;168714
WINFUT;03/04/2023;15:40:00;143854,56;143939,68;143804,90;143819,09;4736433850,00;164602
WINFUT;03/04/2023;15:30:00;143783,62;143854,56;143684,31;143854,56;4676881610,00;162668
WINFUT;03/04/2023;15:20:00;143812,00;143875,84;143691,40;143790,72;5079759819,00;176637
WINFUT;03/04/2023;15:10:00;143691,40;143826,18;143627,56;143812,00;4713243644,00;163968
WINFUT;03/04/2023;15:00:00;143677,21;143783,62;143570,81;143698,50;7288496194,00;253656
WINFUT;03/04/2023;14:50:00;143890,03;143911,31;143641,75;143670,12;5525289078,00;192184
WINFUT;03/04/2023;14:40:00;143797,81;143911,31;143698,50;143897,12;4766765205,00;165742
WINFUT;03/04/2023;14:30:00;143648,84;143819,09;143634,65;143797,81;5725177839,00;199172
WINFUT;03/04/2023;14:20:00;143890,03;143918,40;143556,62;143648,84;6904628302,00;240186
WINFUT;03/04/2023;14:10:00;143918,40;144216,34;143826,18;143882,93;9708736961,00;337075
WINFUT;03/04/2023;14:00:00;143868,75;143925,50;143719,78;143918,40;5152858429,00;179141
WINFUT;03/04/2023;13:50:00;143812,00;143868,75;143755,25;143868,75;3602953991,00;125261
WINFUT;03/04/2023;13:40:00;143691,40;143833,28;143599,18;143812,00;5768988029,00;200720
WINFUT;03/04/2023;13:30:00;143797,81;143925,50;143684,31;143698,50;5208061273,00;181079
WINFUT;03/04/2023;13:20:00;143968,06;144017,72;143712,68;143797,81;5916225181,00;205655
WINFUT;03/04/2023;13:10:00;143868,75;143968,06;143812,00;143960,97;4365762943,00;151688
WINFUT;03/04/2023;13:00:00;143826,18;143904,22;143684,31;143868,75;5880248981,00;204475
WINFUT;03/04/2023;12:50:00;143776,53;143939,68;143684,31;143819,09;4709072646,00;163706
WINFUT;03/04/2023;12:40:00;143840,37;144046,09;143684,31;143769,43;7136955054,00;248081
WINFUT;03/04/2023;12:30:00;143826,18;143932,59;143698,50;143833,28;6143416355,00;213579
WINFUT;03/04/2023;12:20:00;143847,47;144003,53;143712,68;143833,28;9061701795,00;314954
WINFUT;03/04/2023;12:10:00;143705,59;143882,93;143563,71;143854,56;7903321602,00;274955
WINFUT;03/04/2023;12:00:00;143641,75;143726,87;143485,68;143698,50;7268163070,00;253039
WINFUT;03/04/2023;11:50:00;143457,31;143655,93;143258,68;143641,75;8690723775,00;302931
WINFUT;03/04/2023;11:40:00;143499,87;143521,15;143095,53;143457,31;1,248220616E10;435524
WINFUT;03/04/2023;11:30:00;143797,81;143911,31;143379,28;143492,78;1,267755667E10;441354
WINFUT;03/04/2023;11:20:00;143840,37;143946,78;143684,31;143790,72;6654193493,00;231378
WINFUT;03/04/2023;11:10:00;143733,97;143946,78;143492,78;143847,47;1,236367011E10;430090
WINFUT;03/04/2023;11:00:00;143372,18;143890,03;143372,18;143733,97;1,315278739E10;457808
WINFUT;03/04/2023;10:50:00;143648,84;143677,21;143251,59;143365,09;1,110697655E10;387134
WINFUT;03/04/2023;10:40:00;144102,84;144117,03;143485,68;143641,75;1,34621664E10;468212
WINFUT;03/04/2023;10:30:00;143627,56;144223,44;143613,37;144102,84;1,722291089E10;597984
WINFUT;03/04/2023;10:20:00;144138,31;144251,81;143563,71;143627,56;1,983323694E10;689548
WINFUT;03/04/2023;10:10:00;144883,16;145053,41;144081,56;144145,40;2,07620999E10;717498
WINFUT;03/04/2023;10:00:00;145365,53;145379,72;144861,87;144876,06;1,263031299E10;435075
WINFUT;03/04/2023;09:50:00;145351,34;145415,19;145181,09;145372,63;6104933209,00;210100
WINFUT;03/04/2023;09:40:00;145202,38;145393,91;145181,09;145351,34;6356491851,00;218742
WINFUT;03/04/2023;09:30:00;145003,75;145287,50;144961,19;145202,38;7781727611,00;268080
WINFUT;03/04/2023;09:20:00;145159,81;145337,16;144982,47;145003,75;7982667716,00;274898
WINFUT;03/04/2023;09:10:00;145202,38;145252,03;145017,94;145166,91;5611087808,00;193290
WINFUT;03/04/2023;09:00:00;145053,41;145422,28;145025,03;145209,47;8573153940,00;295164
WINFUT;31/03/2023;17:50:00;144351,12;144656,16;144351,12;144563,94;1354641580,00;46866
WINFUT;31/03/2023;17:40:00;144514,28;144634,87;144244,72;144351,12;3793270655,00;131278
WINFUT;31/03/2023;17:30:00;144528,47;144542,65;144393,69;144507,19;2757788669,00;95447
WINFUT;31/03/2023;17:20:00;144670,34;144748,37;144436,25;144528,47;4129123274,00;142789
WINFUT;31/03/2023;17:10:00;144819,31;144876,06;144358,22;144670,34;6858043467,00;237176
WINFUT;31/03/2023;17:00:00;145166,91;145174,00;144805,12;144812,22;5520610294,00;190309
WINFUT;31/03/2023;16:50:00;145117,25;145280,41;144883,16;145159,81;9205999271,00;317260
WINFUT;31/03/2023;16:40:00;145301,69;145528,69;145053,41;145117,25;9163019836,00;315371
WINFUT;31/03/2023;16:30:00;145620,91;145784,06;145280,41;145301,69;1,082023275E10;371837
WINFUT;31/03/2023;16:20:00;145166,91;145635,10;145138,53;145620,91;7378157854,00;253750
WINFUT;31/03/2023;16:10:00;145131,44;145237,84;144975,37;145174,00;6701642894,00;230918
WINFUT;31/03/2023;16:00:00;145067,59;145244,94;145017,94;145131,44;5114380003,00;176193
WINFUT;31/03/2023;15:50:00;145145,63;145365,53;145039,22;145067,59;7879018313,00;271324
WINFUT;31/03/2023;15:40:00;144819,31;145195,28;144812,22;145138,53;7929101070,00;273336
WINFUT;31/03/2023;15:30:00;144790,94;144883,16;144663,25;144826,41;4494160360,00;155216
WINFUT;31/03/2023;15:20:00;144627,78;144798,03;144592,31;144790,94;4156590195,00;143642
WINFUT;31/03/2023;15:10:00;144854,78;144932,81;144535,56;144634,87;6880515993,00;237736
WINFUT;31/03/2023;15:00:00;144776,75;145010,84;144634,87;144854,78;7450468660,00;257231
WINFUT;31/03/2023;14:50:00;144414,97;144798,03;144386,59;144776,75;7707804656,00;266570
WINFUT;31/03/2023;14:40:00;145025,03;145110,16;144372,40;144422,06;1,499722478E10;518207
WINFUT;31/03/2023;14:30:00;145315,88;145315,88;144954,09;145025,03;8647042349,00;298002
WINFUT;31/03/2023;14:20:00;145457,75;145486,13;145188,19;145308,78;7653070557,00;263300
WINFUT;31/03/2023;14:10:00;145450,66;145557,06;145330,06;145464,84;6127090393,00;210632
WINFUT;31/03/2023;14:00:00;145691,85;145691,85;145294,59;145450,66;9009658058,00;309673
WINFUT;31/03/2023;13:50:00;145507,41;145755,69;145493,22;145684,75;6659535916,00;228653
WINFUT;31/03/2023;13:40:00;146011,07;146117,47;145493,22;145500,31;8110811647,00;278091
WINFUT;31/03/2023;13:30:00;146160,03;146167,13;145954,32;146011,07;4446899394,00;152256
WINFUT;31/03/2023;13:20:00;146096,19;146174,22;146046,53;146160,03;3682300693,00;126011
WINFUT;31/03/2023;13:10:00;146167,13;146252,25;146082,00;146089,10;2851035833,00;97518
WINFUT;31/03/2023;13:00:00;146138,75;146273,53;146089,10;146174,22;4523067790,00;154716
WINFUT;31/03/2023;12:50:00;146138,75;146188,41;146046,53;146131,66;3696804505,00;126500
WINFUT;31/03/2023;12:40:00;145947,22;146188,41;145890,47;146138,75;5341641124,00;182882
WINFUT;31/03/2023;12:30:00;145862,10;145961,41;145847,91;145940,13;5351809560,00;183405
WINFUT;31/03/2023;12:20:00;146074,91;146301,91;145855,00;145862,10;9210228315,00;315160
WINFUT;31/03/2023;12:10:00;146181,32;146188,41;145855,00;146074,91;1,217151381E10;416778
WINFUT;31/03/2023;12:00:00;146720,44;146741,72;146138,75;146188,41;1,260267539E10;430294
WINFUT;31/03/2023;11:50:00;147167,35;147167,35;146663,69;146720,44;1,031542675E10;351178
WINFUT;31/03/2023;11:40:00;146990,01;147231,19;146862,32;147167,35;9147485075,00;310984
WINFUT;31/03/2023;11:30:00;146897,79;147117,69;146848,13;146990,01;7115574495,00;242034
WINFUT;31/03/2023;11:20:00;147110,60;147188,63;146855,22;146890,69;1,096474365E10;372899
WINFUT;31/03/2023;11:10:00;147231,19;147330,51;146940,35;147110,60;1,281191607E10;435499
WINFUT;31/03/2023;11:00:00;147316,32;147614,26;147224,10;147231,19;1,188818717E10;403151
WINFUT;31/03/2023;10:50:00;147309,23;147685,19;147153,16;147316,32;1,543013029E10;523387
WINFUT;31/03/2023;10:40:00;147678,10;147734,85;147302,13;147309,23;1,35238067E10;458426
WINFUT;31/03/2023;10:30:00;147635,54;148004,41;147585,88;147685,19;1,441753363E10;487731
WINFUT;31/03/2023;10:20:00;148103,73;148210,13;147621,35;147628,44;1,531307545E10;517444
WINFUT;31/03/2023;10:10:00;147543,32;148160,48;147479,48;148096,63;1,567758941E10;530408
WINFUT;31/03/2023;10:00:00;147727,76;147905,10;147479,48;147536,23;1,153485902E10;390405
WINFUT;31/03/2023;09:50:00;147557,51;147876,73;147550,41;147720,66;7795679730,00;263831
WINFUT;31/03/2023;09:40:00;147692,29;147713,57;147408,54;147557,51;8688414403,00;294447
WINFUT;31/03/2023;09:30:00;147734,85;148089,54;147642,63;147685,19;1,164777312E10;393966
WINFUT;31/03/2023;09:20:00;148110,82;148224,32;147685,19;147734,85;9087639333,00;307240
WINFUT;31/03/2023;09:10:00;148415,85;148508,07;148046,98;148110,82;1,047583821E10;353160
WINFUT;31/03/2023;09:00:00;147550,41;148472,60;147529,13;148408,76;1,209697734E10;408454
WINFUT;30/03/2023;17:50:00;148103,73;148195,95;148089,54;148188,85;889615070,80;30024
WINFUT;30/03/2023;17:40:00;147976,04;148224,32;147961,85;148103,73;3521368831,00;118860
WINFUT;30/03/2023;17:30:00;148046,98;148054,07;147912,20;147976,04;2483372950,00;83901
WINFUT;30/03/2023;17:20:00;148082,45;148110,82;147890,91;148046,98;3748617013,00;126633
WINFUT;30/03/2023;17:10:00;147827,07;148089,54;147784,51;148075,35;4644091608,00;156944
WINFUT;30/03/2023;17:00:00;147720,66;147898,01;147621,35;147827,07;5159120564,00;174588
WINFUT;30/03/2023;16:50:00;147642,63;147834,16;147585,88;147720,66;5863156478,00;198456
WINFUT;30/03/2023;16:40:00;147607,16;147763,23;147472,38;147649,73;7781499432,00;263574
WINFUT;30/03/2023;16:30:00;147394,35;147635,54;147351,79;147607,16;5901501013,00;200055
WINFUT;30/03/2023;16:20:00;147302,13;147444,01;147110,60;147394,35;6819967513,00;231595
WINFUT;30/03/2023;16:10:00;147202,82;147422,73;147153,16;147302,13;5646942094,00;191685
WINFUT;30/03/2023;16:00:00;147082,22;147309,23;147046,76;147202,82;6474873730,00;219953
WINFUT;30/03/2023;15:50:00;147103,51;147167,35;146919,07;147082,22;5368473976,00;182550
WINFUT;30/03/2023;15:40:00;146968,72;147167,35;146911,97;147103,51;4590874023,00;156112
WINFUT;30/03/2023;15:30:00;147082,22;147174,44;146947,44;146961,63;5236690088,00;178016
WINFUT;30/03/2023;15:20:00;147032,57;147103,51;146904,88;147082,22;4847832477,00;164884
WINFUT;30/03/2023;15:10:00;146947,44;147124,79;146904,88;147032,57;4229973554,00;143868
WINFUT;30/03/2023;15:00:00;147011,29;147068,04;146855,22;146954,54;4414078192,00;150178
WINFUT;30/03/2023;14:50:00;146933,26;147039,66;146876,51;147018,38;4767100787,00;162182
WINFUT;30/03/2023;14:40:00;146876,51;146940,35;146557,29;146940,35;1,065312553E10;363029
WINFUT;30/03/2023;14:30:00;147295,04;147323,41;146841,04;146876,51;6810948247,00;231542
WINFUT;30/03/2023;14:20:00;147252,47;147351,79;147174,44;147302,13;4332702636,00;147099
WINFUT;30/03/2023;14:10:00;147323,41;147387,26;147231,19;147252,47;3295794809,00;111872
WINFUT;30/03/2023;14:00:00;147096,41;147358,88;147060,94;147323,41;5035372474,00;170992
WINFUT;30/03/2023;13:50:00;147096,41;147167,35;146968,72;147103,51;4241483289,00;144192
WINFUT;30/03/2023;13:40:00;147252,47;147344,69;147025,47;147096,41;5350768682,00;181784
WINFUT;30/03/2023;13:30:00;147429,82;147514,94;147224,10;147252,47;5796861109,00;196693
WINFUT;30/03/2023;13:20:00;147415,63;147550,41;147380,16;147422,73;4306431787,00;146018
WINFUT;30/03/2023;13:10:00;147273,76;147550,41;147252,47;147408,54;5811354075,00;197103
WINFUT;30/03/2023;13:00:00;147117,69;147316,32;147082,22;147266,66;4266970152,00;144931
WINFUT;30/03/2023;12:50:00;147018,38;147188,63;146997,10;147117,69;4416886246,00;150140
WINFUT;30/03/2023;12:40:00;147394,35;147436,91;146947,44;147018,38;6612718213,00;224599
WINFUT;30/03/2023;12:30:00;147330,51;147500,76;147146,07;147401,44;6208281346,00;210683
WINFUT;30/03/2023;12:20:00;147160,26;147408,54;147060,94;147330,51;7828011324,00;265820
WINFUT;30/03/2023;12:10:00;147231,19;147302,13;146890,69;147153,16;7052015732,00;239700
WINFUT;30/03/2023;12:00:00;146968,72;147344,69;146933,26;147231,19;8248200623,00;280281
WINFUT;30/03/2023;11:50:00;147160,26;147181,54;146933,26;146968,72;6774950886,00;230377
WINFUT;30/03/2023;11:40:00;147217,01;147465,29;146968,72;147167,35;1,251192771E10;424881
WINFUT;30/03/2023;11:30:00;147053,85;147238,29;146472,16;147217,01;1,346612292E10;458695
WINFUT;30/03/2023;11:20:00;146330,28;147075,13;146273,53;147060,94;1,194822483E10;407377
WINFUT;30/03/2023;11:10:00;147039,66;147415,63;146174,22;146330,28;2,287201453E10;779442
WINFUT;30/03/2023;11:00:00;147649,73;147727,76;146223,88;147039,66;2,452966767E10;834879
WINFUT;30/03/2023;10:50:00;147883,82;147976,04;147571,69;147649,73;1,14218038E10;386614
WINFUT;30/03/2023;10:40:00;148032,79;148054,07;147692,29;147876,73;9881427427,00;334173
WINFUT;30/03/2023;10:30:00;148075,35;148309,45;147663,91;148032,79;1,810587751E10;611691
WINFUT;30/03/2023;10:20:00;147436,91;148089,54;147429,82;148068,26;1,409003576E10;476509
WINFUT;30/03/2023;10:10:00;147060,94;147756,13;147018,38;147429,82;1,532658226E10;519794
WINFUT;30/03/2023;10:00:00;147131,88;147181,54;146777,19;147068,04;1,133333938E10;385471
WINFUT;30/03/2023;09:50:00;147344,69;147415,63;147075,13;147131,88;6503556386,00;220862
WINFUT;30/03/2023;09:40:00;147692,29;147727,76;147302,13;147337,60;7914400943,00;268273
WINFUT;30/03/2023;09:30:00;147259,57;147834,16;147188,63;147692,29;1,380777907E10;468040
WINFUT;30/03/2023;09:20:00;146990,01;147479,48;146975,82;147266,66;8603383244,00;292136
WINFUT;30/03/2023;09:10:00;147238,29;147266,66;146926,16;146990,01;6103584652,00;207461
WINFUT;30/03/2023;09:00:00;147096,41;147592,98;146940,35;147245,38;1,126283323E10;382441
WINFUT;29/03/2023;17:50:00;145408,09;145464,84;145216,56;145259,13;1060239813,00;36481
WINFUT;29/03/2023;17:40:00;145443,56;145592,53;145386,81;145422,28;2507458421,00;86171
WINFUT;29/03/2023;17:30:00;145344,25;145557,06;145315,88;145450,66;3574417791,00;122887
WINFUT;29/03/2023;17:20:00;145266,22;145393,91;145166,91;145344,25;4308341958,00;148278
WINFUT;29/03/2023;17:10:00;145103,06;145322,97;145067,59;145259,13;4059478324,00;139807
WINFUT;29/03/2023;17:00:00;144932,81;145124,34;144897,34;145103,06;4944048491,00;170450
WINFUT;29/03/2023;16:50:00;145379,72;145408,09;144868,97;144932,81;8100916093,00;279213
WINFUT;29/03/2023;16:40:00;144407,87;145670,56;144365,31;145379,72;1,984584891E10;684016
WINFUT;29/03/2023;16:30:00;144067,37;144528,47;143982,25;144407,87;1,058576168E10;366872
WINFUT;29/03/2023;16:20:00;144067,37;144145,40;143968,06;144074,47;5774271791,00;200419
WINFUT;29/03/2023;16:10:00;143719,78;144124,12;143705,59;144067,37;8657011616,00;300684
WINFUT;29/03/2023;16:00:00;143606,28;143776,53;143436,03;143719,78;6746255706,00;234906
WINFUT;29/03/2023;15:50:00;143577,90;143698,50;143450,21;143606,28;6842095833,00;238277
WINFUT;29/03/2023;15:40:00;143492,78;143599,18;143379,28;143577,90;5652052336,00;196966
WINFUT;29/03/2023;15:30:00;143400,56;143684,31;143379,28;143492,78;6626595946,00;230793
WINFUT;29/03/2023;15:20:00;143301,25;143506,96;143109,71;143393,46;8519870976,00;297175
WINFUT;29/03/2023;15:10:00;142747,93;143436,03;142719,56;143301,25;1,208266175E10;421917
WINFUT;29/03/2023;15:00:00;143918,40;143982,25;142669,90;142755,02;1,669273058E10;582112
WINFUT;29/03/2023;14:50:00;143776,53;144003,53;143748,15;143911,31;5953926204,00;206887
WINFUT;29/03/2023;14:40:00;143698,50;143790,72;143613,37;143776,53;3362692737,00;117002
WINFUT;29/03/2023;14:30:00;143556,62;143783,62;143535,34;143698,50;6630610146,00;230742
WINFUT;29/03/2023;14:20:00;143436,03;143613,37;143279,96;143563,71;7169488033,00;249918
WINFUT;29/03/2023;14:10:00;143755,25;143783,62;143386,37;143436,03;1,00595465E10;350308
WINFUT;29/03/2023;14:00:00;143812,00;143932,59;143698,50;143762,34;6113916614,00;212563
WINFUT;29/03/2023;13:50:00;143989,34;143989,34;143691,40;143804,90;7381222920,00;256601
WINFUT;29/03/2023;13:40:00;144003,53;144109,93;143925,50;143989,34;4884929668,00;169603
WINFUT;29/03/2023;13:30:00;144301,47;144322,75;143975,15;144003,53;7826335672,00;271503
WINFUT;29/03/2023;13:20:00;144407,87;144485,90;144287,28;144301,47;3820338945,00;132285
WINFUT;29/03/2023;13:10:00;144386,59;144485,90;144308,56;144414,97;4311865463,00;149296
WINFUT;29/03/2023;13:00:00;144414,97;144507,19;144152,50;144379,50;7334788603,00;254059
WINFUT;29/03/2023;12:50:00;144691,62;144755,47;144379,50;144414,97;5348978992,00;184990
WINFUT;29/03/2023;12:40:00;144578,12;144798,03;144571,03;144691,62;4503717806,00;155623
WINFUT;29/03/2023;12:30:00;144549,75;144705,81;144450,44;144578,12;5830252283,00;201632
WINFUT;29/03/2023;12:20:00;144677,44;144890,25;144493,00;144549,75;8623038128,00;297995
WINFUT;29/03/2023;12:10:00;144762,56;144769,66;144549,75;144670,34;5845390373,00;202040
WINFUT;29/03/2023;12:00:00;144386,59;144798,03;144294,37;144755,47;8148610208,00;281898
WINFUT;29/03/2023;11:50:00;144216,34;144542,65;144216,34;144386,59;7125591080,00;246702
WINFUT;29/03/2023;11:40:00;144613,59;144627,78;144060,28;144209,25;1,171211957E10;405711
WINFUT;29/03/2023;11:30:00;144457,53;144670,34;144422,06;144620,69;7091610490,00;245282
WINFUT;29/03/2023;11:20:00;144790,94;144868,97;144358,22;144457,53;1,140402766E10;394266
WINFUT;29/03/2023;11:10:00;144571,03;144798,03;144443,34;144790,94;8321874944,00;287758
WINFUT;29/03/2023;11:00:00;144315,65;144712,91;144308,56;144571,03;1,174831906E10;406483
WINFUT;29/03/2023;10:50:00;144301,47;144414,97;144117,03;144308,56;9886100419,00;342652
WINFUT;29/03/2023;10:40:00;143840,37;144436,25;143762,34;144301,47;1,490406478E10;516938
WINFUT;29/03/2023;10:30:00;144251,81;144358,22;143627,56;143840,37;1,871173199E10;649909
WINFUT;29/03/2023;10:20:00;144414,97;144422,06;143946,78;144244,72;1,643991738E10;570185
WINFUT;29/03/2023;10:10:00;144734,19;144734,19;144244,72;144414,97;1,549794189E10;536365
WINFUT;29/03/2023;10:00:00;145131,44;145259,13;144641,97;144727,09;1,647935082E10;568784
WINFUT;29/03/2023;09:50:00;144911,53;145202,38;144847,69;145131,44;8183276812,00;282114
WINFUT;29/03/2023;09:40:00;144840,59;145046,31;144798,03;144911,53;7903657392,00;272729
WINFUT;29/03/2023;09:30:00;145046,31;145067,59;144783,84;144847,69;5745985936,00;198270
WINFUT;29/03/2023;09:20:00;145152,72;145230,75;144904,44;145046,31;7328776764,00;252633
WINFUT;29/03/2023;09:10:00;145280,41;145315,88;144968,28;145145,63;7379114457,00;254258
WINFUT;29/03/2023;09:00:00;145067,59;145351,34;144812,22;145280,41;1,02681529E10;353862
WINFUT;28/03/2023;17:50:00;144684,53;144712,91;144571,03;144571,03;1151511476,00;39809
WINFUT;28/03/2023;17:40:00;144585,22;144741,28;144549,75;144691,62;3082772157,00;106568
WINFUT;28/03/2023;17:30:00;144450,44;144656,16;144429,15;144578,12;3169139863,00;109635
WINFUT;28/03/2023;17:20:00;144471,72;144563,94;144407,87;144450,44;3276988776,00;113414
WINFUT;28/03/2023;17:10:00;144287,28;144485,90;144280,19;144471,72;4226621761,00;146346
WINFUT;28/03/2023;17:00:00;144109,93;144358,22;144074,47;144287,28;5585615241,00;193634
WINFUT;28/03/2023;16:50:00;144138,31;144202,15;144067,37;144109,93;4439971949,00;154034
WINFUT;28/03/2023;16:40:00;144081,56;144145,40;143975,15;144138,31;4838177086,00;167918
WINFUT;28/03/2023;16:30:00;144244,72;144258,90;144060,28;144088,65;6646883600,00;230541
WINFUT;28/03/2023;16:20:00;144273,09;144322,75;144223,44;144244,72;2874653063,00;99632
WINFUT;28/03/2023;16:10:00;144308,56;144336,94;144237,62;144273,09;3002851879,00;104060
WINFUT;28/03/2023;16:00:00;144237,62;144372,40;144230,53;144315,65;3706432933,00;128436
WINFUT;28/03/2023;15:50:00;144287,28;144329,84;144180,87;144237,62;4426729265,00;153424
WINFUT;28/03/2023;15:40:00;144046,09;144336,94;144046,09;144280,19;6578408105,00;228056
WINFUT;28/03/2023;15:30:00;144166,69;144187,97;144017,72;144046,09;4287137996,00;148777
WINFUT;28/03/2023;15:20:00;144173,78;144287,28;144138,31;144159,59;4682169611,00;162337
WINFUT;28/03/2023;15:10:00;144166,69;144187,97;144095,75;144166,69;3300172162,00;114470
WINFUT;28/03/2023;15:00:00;144195,06;144230,53;144088,65;144173,78;4617217711,00;160146
WINFUT;28/03/2023;14:50:00;144358,22;144365,31;144159,59;144195,06;5157289474,00;178780
WINFUT;28/03/2023;14:40:00;144422,06;144429,15;144315,65;144351,12;3622390215,00;125450
WINFUT;28/03/2023;14:30:00;144393,69;144500,09;144329,84;144429,15;4822648006,00;166966
WINFUT;28/03/2023;14:20:00;144500,09;144507,19;144344,03;144393,69;2982128887,00;103243
WINFUT;28/03/2023;14:10:00;144549,75;144585,22;144414,97;144493,00;4261873307,00;147471
WINFUT;28/03/2023;14:00:00;144762,56;144790,94;144535,56;144549,75;5149293096,00;178004
WINFUT;28/03/2023;13:50:00;144571,03;144805,12;144514,28;144755,47;8427258137,00;291260
WINFUT;28/03/2023;13:40:00;144393,69;144641,97;144365,31;144571,03;7028469390,00;243201
WINFUT;28/03/2023;13:30:00;144308,56;144414,97;144195,06;144393,69;4508791492,00;156237
WINFUT;28/03/2023;13:20:00;144202,15;144407,87;144195,06;144301,47;5020047313,00;173932
WINFUT;28/03/2023;13:10:00;144180,87;144301,47;144173,78;144202,15;2721612660,00;94351
WINFUT;28/03/2023;13:00:00;144180,87;144251,81;144173,78;144173,78;2022448314,00;70121
WINFUT;28/03/2023;12:50:00;144216,34;144301,47;144173,78;144187,97;3145378058,00;109039
WINFUT;28/03/2023;12:40:00;144400,78;144429,15;144166,69;144216,34;4477937458,00;155200
WINFUT;28/03/2023;12:30:00;144117,03;144599,41;144088,65;144400,78;7917092152,00;274259
WINFUT;28/03/2023;12:20:00;144336,94;144365,31;144095,75;144117,03;5490632737,00;190366
WINFUT;28/03/2023;12:10:00;144209,25;144414,97;144152,50;144344,03;6427555010,00;222757
WINFUT;28/03/2023;12:00:00;143932,59;144329,84;143918,40;144216,34;9740286276,00;337823
WINFUT;28/03/2023;11:50:00;144152,50;144159,59;143762,34;143925,50;8982755784,00;312108
WINFUT;28/03/2023;11:40:00;144180,87;144344,03;144074,47;144152,50;8164760388,00;283126
WINFUT;28/03/2023;11:30:00;144046,09;144223,44;143925,50;144173,78;1,111274273E10;385680
WINFUT;28/03/2023;11:20:00;143960,97;144053,18;143868,75;144046,09;6340073364,00;220225
WINFUT;28/03/2023;11:10:00;143939,68;144109,93;143812,00;143960,97;1,138589E10;395478
WINFUT;28/03/2023;11:00:00;143251,59;143989,34;143237,40;143939,68;1,787707828E10;622061
WINFUT;28/03/2023;10:50:00;143499,87;143570,81;143116,81;143251,59;8604880929,00;300288
WINFUT;28/03/2023;10:40:00;143443,12;143691,40;143315,43;143499,87;1,276793119E10;444930
WINFUT;28/03/2023;10:30:00;142733,74;143670,12;142712,46;143443,12;2,412706462E10;842501
WINFUT;28/03/2023;10:20:00;142173,34;142755,02;141988,90;142726,65;1,601892072E10;562885
WINFUT;28/03/2023;10:10:00;141882,49;142215,90;141549,08;142173,34;1,613516204E10;568871
WINFUT;28/03/2023;10:00:00;141790,27;141988,90;141662,58;141882,49;1,165172496E10;410868
WINFUT;28/03/2023;09:50:00;142074,02;142088,21;141768,99;141776,08;6712120354,00;236460
WINFUT;28/03/2023;09:40:00;141995,99;142095,30;141946,34;142074,02;4630641077,00;163017
WINFUT;28/03/2023;09:30:00;141988,90;142109,49;141910,87;141995,99;5402025476,00;190192
WINFUT;28/03/2023;09:20:00;142343,59;142386,15;141896,68;141981,80;8317076856,00;292611
WINFUT;28/03/2023;09:10:00;142024,37;142520,93;142017,27;142343,59;9084445131,00;319172
WINFUT;28/03/2023;09:00:00;142017,27;142272,65;141917,96;142024,37;6783855137,00;238758
WINFUT;27/03/2023;17:50:00;142286,84;142478,37;142258,46;142442,90;746321662,30;26208
WINFUT;27/03/2023;17:40:00;142457,09;142492,56;142244,27;142286,84;2243682242,00;78795
WINFUT;27/03/2023;17:30:00;142265,55;142492,56;142194,62;142449,99;3198438872,00;112343
WINFUT;27/03/2023;17:20:00;142208,80;142308,12;142088,21;142272,65;2924263631,00;102817
WINFUT;27/03/2023;17:10:00;142052,74;142279,74;142038,55;142201,71;4428990716,00;155756
WINFUT;27/03/2023;17:00:00;142031,46;142137,87;141988,90;142052,74;3103871600,00;109245
WINFUT;27/03/2023;16:50:00;142187,52;142187,52;142010,18;142024,37;4709064918,00;165696
WINFUT;27/03/2023;16:40:00;142222,99;142258,46;142081,12;142194,62;4324163241,00;152077
WINFUT;27/03/2023;16:30:00;142201,71;142329,40;142159,15;142230,09;4343698130,00;152686
WINFUT;27/03/2023;16:20:00;142279,74;142308,12;142137,87;142201,71;3522012109,00;123822
WINFUT;27/03/2023;16:10:00;142258,46;142357,77;142215,90;142286,84;3742282998,00;131511
WINFUT;27/03/2023;16:00:00;142308,12;142371,96;142173,34;142251,37;4420963966,00;155368
WINFUT;27/03/2023;15:50:00;142428,71;142485,46;142272,65;142301,02;4819253325,00;169253
WINFUT;27/03/2023;15:40:00;142478,37;142520,93;142329,40;142435,81;5375266127,00;188703
WINFUT;27/03/2023;15:30:00;142471,27;142620,24;142386,15;142478,37;7333694019,00;257333
WINFUT;27/03/2023;15:20:00;142279,74;142598,96;142251,37;142471,27;8064760474,00;283091
WINFUT;27/03/2023;15:10:00;142066,93;142286,84;142059,84;142279,74;4826895935,00;169730
WINFUT;27/03/2023;15:00:00;141981,80;142152,05;141960,52;142074,02;3972129175,00;139803
WINFUT;27/03/2023;14:50:00;142095,30;142123,68;141974,71;141974,71;3146299728,00;110748
WINFUT;27/03/2023;14:40:00;142052,74;142187,52;142045,65;142102,40;3358274541,00;118143
WINFUT;27/03/2023;14:30:00;142003,09;142109,49;141981,80;142052,74;3269573971,00;115085
WINFUT;27/03/2023;14:20:00;141932,15;142059,84;141910,87;141995,99;2963653185,00;104358
WINFUT;27/03/2023;14:10:00;141939,24;141974,71;141797,37;141932,15;4448019433,00;156741
WINFUT;27/03/2023;14:00:00;142024,37;142159,15;141910,87;141939,24;5651802970,00;198946
WINFUT;27/03/2023;13:50:00;142074,02;142215,90;141932,15;142017,27;6613317717,00;232791
WINFUT;27/03/2023;13:40:00;141854,12;142144,96;141733,52;142074,02;8674580390,00;305545
WINFUT;27/03/2023;13:30:00;142017,27;142074,02;141825,74;141854,12;5836767350,00;205563
WINFUT;27/03/2023;13:20:00;142194,62;142329,40;142010,18;142017,27;5853698051,00;205830
WINFUT;27/03/2023;13:10:00;142052,74;142251,37;142017,27;142187,52;4752612985,00;167194
WINFUT;27/03/2023;13:00:00;141811,55;142293,93;141776,08;142059,84;1,036437689E10;364768
WINFUT;27/03/2023;12:50:00;141804,46;141960,52;141669,68;141804,46;5872672134,00;207037
WINFUT;27/03/2023;12:40:00;141825,74;142010,18;141598,74;141804,46;7799999351,00;275040
WINFUT;27/03/2023;12:30:00;141776,08;141847,02;141683,87;141832,83;4214780272,00;148654
WINFUT;27/03/2023;12:20:00;141605,83;141783,18;141463,96;141783,18;5735812149,00;202486
WINFUT;27/03/2023;12:10:00;141783,18;141896,68;141563,27;141605,83;7357792016,00;259531
WINFUT;27/03/2023;12:00:00;141839,93;141981,80;141719,33;141783,18;7728713401,00;272441
WINFUT;27/03/2023;11:50:00;142109,49;142152,05;141839,93;141839,93;5513072197,00;194132
WINFUT;27/03/2023;11:40:00;142102,40;142173,34;141939,24;142109,49;6049365159,00;212911
WINFUT;27/03/2023;11:30:00;142194,62;142208,80;141832,83;142109,49;1,037039419E10;365073
WINFUT;27/03/2023;11:20:00;142187,52;142400,34;142123,68;142187,52;7753423588,00;272500
WINFUT;27/03/2023;11:10:00;142052,74;142620,24;142038,55;142180,43;1,525784505E10;536000
WINFUT;27/03/2023;11:00:00;141534,90;142308,12;141513,62;142052,74;1,786201637E10;629006
WINFUT;27/03/2023;10:50:00;141747,71;141903,77;141407,21;141534,90;1,224695484E10;432419
WINFUT;27/03/2023;10:40:00;141364,65;141832,83;141201,49;141740,62;1,651363431E10;583194
WINFUT;27/03/2023;10:30:00;141882,49;141910,87;141300,80;141364,65;2,009171983E10;709511
WINFUT;27/03/2023;10:20:00;141925,05;142038,55;141733,52;141875,40;9451532310,00;333040
WINFUT;27/03/2023;10:10:00;142166,24;142343,59;141896,68;141925,05;1,031934612E10;363102
WINFUT;27/03/2023;10:00:00;142265,55;142371,96;142159,15;142166,24;6748609085,00;237130
WINFUT;27/03/2023;09:50:00;142265,55;142435,81;142208,80;142272,65;6216195824,00;218394
WINFUT;27/03/2023;09:40:00;142109,49;142414,52;141995,99;142272,65;8658193581,00;304407
WINFUT;27/03/2023;09:30:00;141683,87;142180,43;141648,40;142109,49;9275587918,00;326681
WINFUT;27/03/2023;09:20:00;141563,27;141776,08;141478,15;141676,77;5655698712,00;199646
WINFUT;27/03/2023;09:10:00;141357,55;141591,65;141265,33;141570,37;6225665610,00;220144
WINFUT;27/03/2023;09:00:00;141811,55;141903,77;141314,99;141350,46;8674483638,00;306365
WINFUT;24/03/2023;17:50:00;141244,05;141314,99;141109,27;141222,77;854686379,10;30256
WINFUT;24/03/2023;17:40:00;141314,99;141463,96;141180,21;141244,05;2274073029,00;80451
WINFUT;24/03/2023;17:30:00;141329,18;141371,74;141236,96;141314,99;1684805404,00;59613
WINFUT;24/03/2023;17:20:00;141279,52;141414,30;141222,77;141322,08;2580460378,00;91297
WINFUT;24/03/2023;17:10:00;141215,68;141414,30;141038,33;141279,52;6695273369,00;237068
WINFUT;24/03/2023;17:00:00;141116,36;141286,61;141073,80;141222,77;5335290313,00;188963
WINFUT;24/03/2023;16:50:00;140924,83;141137,65;140853,89;141116,36;5130750473,00;181968
WINFUT;24/03/2023;16:40:00;140910,64;141059,61;140853,89;140931,93;5573895311,00;197719
WINFUT;24/03/2023;16:30:00;141258,24;141293,71;140860,99;140903,55;7215997480,00;255769
WINFUT;24/03/2023;16:20:00;141009,96;141336,27;140995,77;141265,33;7236322744,00;256291
WINFUT;24/03/2023;16:10:00;140853,89;141066,71;140804,24;141017,05;5637770126,00;199996
WINFUT;24/03/2023;16:00:00;140825,52;140924,83;140804,24;140853,89;4402832719,00;156276
WINFUT;24/03/2023;15:50:00;140953,21;141087,99;140790,05;140825,52;5516053239,00;195705
WINFUT;24/03/2023;15:40:00;140995,77;141166,02;140903,55;140953,21;5472876856,00;193991
WINFUT;24/03/2023;15:30:00;140910,64;141116,36;140882,27;141002,86;5934854559,00;210472
WINFUT;24/03/2023;15:20:00;141300,80;141314,99;140903,55;140903,55;6077975279,00;215390
WINFUT;24/03/2023;15:10:00;141201,49;141393,02;141130,55;141300,80;7106416302,00;251518
WINFUT;24/03/2023;15:00:00;141052,52;141222,77;140988,68;141201,49;5769246728,00;204451
WINFUT;24/03/2023;14:50:00;141236,96;141307,90;141024,15;141052,52;6232170216,00;220810
WINFUT;24/03/2023;14:40:00;141627,12;141648,40;141222,77;141236,96;7132443551,00;252158
WINFUT;24/03/2023;14:30:00;141329,18;141690,96;141314,99;141627,12;8380429365,00;296144
WINFUT;24/03/2023;14:20:00;141137,65;141421,40;141116,36;141329,18;6722414954,00;237911
WINFUT;24/03/2023;14:10:00;141073,80;141229,86;140988,68;141137,65;6018245046,00;213242
WINFUT;24/03/2023;14:00:00;140917,74;141279,52;140910,64;141073,80;7319275037,00;259351
WINFUT;24/03/2023;13:50:00;141116,36;141166,02;140896,46;140917,74;5866231814,00;208018
WINFUT;24/03/2023;13:40:00;140917,74;141208,58;140868,08;141116,36;6269011381,00;222272
WINFUT;24/03/2023;13:30:00;140953,21;141080,90;140889,36;140917,74;6216858325,00;220475
WINFUT;24/03/2023;13:20:00;140967,39;140995,77;140832,61;140953,21;5083308513,00;180362
WINFUT;24/03/2023;13:10:00;140946,11;141116,36;140875,18;140960,30;5671750985,00;201112
WINFUT;24/03/2023;13:00:00;141286,61;141378,83;140917,74;140946,11;8093779708,00;286646
WINFUT;24/03/2023;12:50:00;141066,71;141456,86;141017,05;141286,61;9143526617,00;323629
WINFUT;24/03/2023;12:40:00;140676,55;141251,15;140633,99;141073,80;1,125344431E10;399164
WINFUT;24/03/2023;12:30:00;140328,96;140740,39;140222,55;140676,55;1,168481593E10;415765
WINFUT;24/03/2023;12:20:00;139874,95;140364,42;139867,86;140336,05;8200529729,00;292642
WINFUT;24/03/2023;12:10:00;139718,89;139924,61;139584,11;139874,95;8139883489,00;291193
WINFUT;24/03/2023;12:00:00;140101,95;140116,14;139655,05;139718,89;1,00838205E10;360399
WINFUT;24/03/2023;11:50:00;140031,02;140243,83;139945,89;140094,86;7232132097,00;258113
WINFUT;24/03/2023;11:40:00;140300,58;140406,99;140002,64;140031,02;9198484985,00;328065
WINFUT;24/03/2023;11:30:00;140023,92;140492,11;139981,36;140307,67;1,407315114E10;501715
WINFUT;24/03/2023;11:20:00;139704,70;140137,42;139342,92;140023,92;1,461099153E10;522883
WINFUT;24/03/2023;11:10:00;139853,67;140073,58;139676,33;139704,70;9352605583,00;334322
WINFUT;24/03/2023;11:00:00;140059,39;140300,58;139747,27;139853,67;1,254013732E10;447737
WINFUT;24/03/2023;10:50:00;139804,02;140130,33;139605,39;140052,30;1,263846225E10;451768
WINFUT;24/03/2023;10:40:00;139995,55;140123,24;139612,48;139804,02;1,498180847E10;535773
WINFUT;24/03/2023;10:30:00;140385,71;140456,64;139789,83;139995,55;1,436150669E10;512603
WINFUT;24/03/2023;10:20:00;139569,92;140456,64;139491,89;140392,80;1,571196982E10;560947
WINFUT;24/03/2023;10:10:00;139910,42;140031,02;139428,05;139562,83;1,230933422E10;440756
WINFUT;24/03/2023;10:00:00;139903,33;140307,67;139775,64;139903,33;1,660432441E10;592717
WINFUT;24/03/2023;09:50:00;139264,89;139917,52;139243,61;139903,33;1,35931731E10;486904
WINFUT;24/03/2023;09:40:00;139264,89;139328,73;138896,01;139264,89;1,082364028E10;388970
WINFUT;24/03/2023;09:30:00;139314,55;139357,11;139108,83;139271,98;5275812013,00;189457
WINFUT;24/03/2023;09:20:00;139087,55;139378,39;139080,45;139307,45;6637530736,00;238300
WINFUT;24/03/2023;09:10:00;139044,98;139385,48;139009,51;139094,64;1,031933784E10;370760
WINFUT;24/03/2023;09:00:00;138115,70;139094,64;137973,82;139052,08;1,108399083E10;399868
WINFUT;23/03/2023;17:50:00;138860,55;138888,92;138406,54;138406,54;1340215337,00;48334
WINFUT;23/03/2023;17:40:00;139208,14;139250,70;138739,95;138867,64;4098259041,00;147435
WINFUT;23/03/2023;17:30:00;139314,55;139385,48;139151,39;139208,14;2680579174,00;96232
WINFUT;23/03/2023;17:20:00;139328,73;139406,77;139229,42;139314,55;2750672763,00;98714
WINFUT;23/03/2023;17:10:00;139513,17;139577,02;139215,23;139328,73;4809465764,00;172527
WINFUT;23/03/2023;17:00:00;139605,39;139761,45;139477,70;139506,08;5207516988,00;186486
WINFUT;23/03/2023;16:50:00;139555,73;139718,89;139413,86;139598,30;7567863643,00;271152
WINFUT;23/03/2023;16:40:00;139264,89;139647,95;139236,51;139555,73;7703807719,00;276132
WINFUT;23/03/2023;16:30:00;138888,92;139463,52;138867,64;139271,98;9944189719,00;357206
WINFUT;23/03/2023;16:20:00;138626,45;138995,33;138470,39;138888,92;8051700914,00;290160
WINFUT;23/03/2023;16:10:00;139044,98;139080,45;138612,26;138619,36;7927996158,00;285551
WINFUT;23/03/2023;16:00:00;138853,45;139392,58;138754,14;139044,98;1,462321295E10;525842
WINFUT;23/03/2023;15:50:00;139229,42;139236,51;138243,39;138860,55;1,549085934E10;558262
WINFUT;23/03/2023;15:40:00;139456,42;139584,11;139016,61;139222,33;1,445582519E10;518894
WINFUT;23/03/2023;15:30:00;139945,89;140009,74;139428,05;139456,42;9483564268,00;339309
WINFUT;23/03/2023;15:20:00;140187,08;140201,27;139711,80;139945,89;1,021818274E10;365183
WINFUT;23/03/2023;15:10:00;139938,80;140243,83;139903,33;140187,08;6394355973,00;228224
WINFUT;23/03/2023;15:00:00;140109,05;140428,27;139874,95;139938,80;1,125649858E10;401517
WINFUT;23/03/2023;14:50:00;140761,68;140775,86;140066,49;140109,05;1,120558847E10;398954
WINFUT;23/03/2023;14:40:00;140633,99;140818,43;140492,11;140754,58;6984119677,00;248196
WINFUT;23/03/2023;14:30:00;140683,64;140790,05;140456,64;140633,99;7732407406,00;274876
WINFUT;23/03/2023;14:20:00;140868,08;140960,30;140655,27;140683,64;6208616414,00;220443
WINFUT;23/03/2023;14:10:00;140931,93;141116,36;140563,05;140868,08;1,207829699E10;428723
WINFUT;23/03/2023;14:00:00;141563,27;141577,46;140775,86;140931,93;1,499811258E10;531102
WINFUT;23/03/2023;13:50:00;141768,99;141839,93;141506,52;141563,27;8928301872,00;315176
WINFUT;23/03/2023;13:40:00;142052,74;142052,74;141683,87;141776,08;8271732281,00;291548
WINFUT;23/03/2023;13:30:00;141988,90;142130,77;141967,62;142045,65;4235646834,00;149099
WINFUT;23/03/2023;13:20:00;141988,90;142208,80;141946,34;141995,99;6674812505,00;234906
WINFUT;23/03/2023;13:10:00;142180,43;142208,80;141946,34;141988,90;5927193481,00;208641
WINFUT;23/03/2023;13:00:00;142272,65;142272,65;141960,52;142173,34;5376098769,00;189146
WINFUT;23/03/2023;12:50:00;142116,59;142364,87;142116,59;142265,55;4990514097,00;175405
WINFUT;23/03/2023;12:40:00;142379,06;142393,24;141946,34;142116,59;7145812717,00;251413
WINFUT;23/03/2023;12:30:00;142371,96;142449,99;142265,55;142371,96;3573118773,00;125501
WINFUT;23/03/2023;12:20:00;142286,84;142478,37;142222,99;142364,87;4806343730,00;168792
WINFUT;23/03/2023;12:10:00;142301,02;142485,46;142251,37;142279,74;5267802035,00;184989
WINFUT;23/03/2023;12:00:00;142442,90;142598,96;142251,37;142301,02;6500936701,00;228225
WINFUT;23/03/2023;11:50:00;142159,15;142563,49;142123,68;142435,81;8011402494,00;281327
WINFUT;23/03/2023;11:40:00;142109,49;142279,74;141967,62;142166,24;9426880693,00;331670
WINFUT;23/03/2023;11:30:00;142457,09;142613,15;142038,55;142102,40;1,161149612E10;408158
WINFUT;23/03/2023;11:20:00;143060,06;143145,18;142279,74;142457,09;1,620653264E10;568075
WINFUT;23/03/2023;11:10:00;143194,84;143336,71;142911,09;143060,06;1,17126842E10;409264
WINFUT;23/03/2023;11:00:00;143492,78;143556,62;143152,28;143187,74;1,149730952E10;401127
WINFUT;23/03/2023;10:50:00;143592,09;143882,93;143287,06;143492,78;1,268671865E10;441778
WINFUT;23/03/2023;10:40:00;143705,59;143960,97;143457,31;143585,00;1,383509055E10;481424
WINFUT;23/03/2023;10:30:00;144166,69;144400,78;143627,56;143712,68;1,545865593E10;536723
WINFUT;23/03/2023;10:20:00;143975,15;144258,90;143897,12;144166,69;9608177766,00;333362
WINFUT;23/03/2023;10:10:00;143528,25;143982,25;143464,40;143968,06;1,467261756E10;510190
WINFUT;23/03/2023;10:00:00;143634,65;143755,25;143343,81;143521,15;1,243191708E10;432969
WINFUT;23/03/2023;09:50:00;143563,71;143705,59;143386,37;143641,75;7399387423,00;257698
WINFUT;23/03/2023;09:40:00;143492,78;143670,12;143414,75;143556,62;7176866877,00;249990
WINFUT;23/03/2023;09:30:00;143322,53;143592,09;143251,59;143492,78;8524399124,00;297162
WINFUT;23/03/2023;09:20:00;143088,43;143421,84;143038,78;143322,53;7284013411,00;254274
WINFUT;23/03/2023;09:10:00;143421,84;143471,50;143017,49;143088,43;7999955675,00;279236
WINFUT;23/03/2023;09:00:00;142946,56;143485,68;142641,52;143421,84;1,218293622E10;425901
WINFUT;22/03/2023;17:50:00;142989,12;143088,43;142833,06;142833,06;788456510,70;27578
WINFUT;22/03/2023;17:40:00;143095,53;143109,71;142882,71;142996,21;2376211212,00;83085
WINFUT;22/03/2023;17:30:00;143109,71;143187,74;143003,31;143095,53;2246757354,00;78500
WINFUT;22/03/2023;17:20:00;143123,90;143272,87;142911,09;143116,81;4333115463,00;151420
WINFUT;22/03/2023;17:10:00;143024,59;143216,12;142974,93;143130,99;4117115316,00;143833
WINFUT;22/03/2023;17:00:00;142925,28;143152,28;142861,43;143024,59;4805089641,00;167971
WINFUT;22/03/2023;16:50:00;143230,31;143301,25;142833,06;142932,37;9185516728,00;321099
WINFUT;22/03/2023;16:40:00;143599,18;143797,81;143095,53;143237,40;1,136243761E10;396124
WINFUT;22/03/2023;16:30:00;143861,65;143953,87;143336,71;143606,28;8979509734,00;312632
WINFUT;22/03/2023;16:20:00;143691,40;144039,00;143648,84;143868,75;8562318842,00;297615
WINFUT;22/03/2023;16:10:00;143386,37;143882,93;143038,78;143691,40;1,474272838E10;513600
WINFUT;22/03/2023;16:00:00;144613,59;144649,06;143081,34;143379,28;1,897144448E10;658921
WINFUT;22/03/2023;15:50:00;145372,63;145635,10;144606,50;144606,50;1,405279069E10;484222
WINFUT;22/03/2023;15:40:00;144053,18;145486,13;144031,90;145372,63;2,355982932E10;812786
WINFUT;22/03/2023;15:30:00;144152,50;144365,31;143705,59;144046,09;1,557170897E10;540471
WINFUT;22/03/2023;15:20:00;144017,72;144202,15;143762,34;144159,59;7452050219,00;258801
WINFUT;22/03/2023;15:10:00;143989,34;144074,47;143712,68;144010,62;1,105342693E10;384086
WINFUT;22/03/2023;15:00:00;143769,43;144485,90;143365,09;143982,25;2,000097191E10;694096
WINFUT;22/03/2023;14:50:00;143663,03;143847,47;143577,90;143762,34;3868245993,00;134598
WINFUT;22/03/2023;14:40:00;143684,31;143691,40;143577,90;143655,93;3157374095,00;109902
WINFUT;22/03/2023;14:30:00;143797,81;143854,56;143641,75;143691,40;4638073733,00;161325
WINFUT;22/03/2023;14:20:00;143655,93;143804,90;143535,34;143797,81;6705542418,00;233386
WINFUT;22/03/2023;14:10:00;143804,90;143819,09;143613,37;143648,84;5478703036,00;190652
WINFUT;22/03/2023;14:00:00;143875,84;143925,50;143733,97;143812,00;6388276019,00;222074
WINFUT;22/03/2023;13:50:00;143953,87;144017,72;143868,75;143875,84;3956343309,00;137424
WINFUT;22/03/2023;13:40:00;144053,18;144074,47;143911,31;143960,97;3500084607,00;121534
WINFUT;22/03/2023;13:30:00;144102,84;144109,93;143975,15;144053,18;2960978985,00;102782
WINFUT;22/03/2023;13:20:00;144046,09;144145,40;144024,81;144102,84;3371530567,00;116995
WINFUT;22/03/2023;13:10:00;144138,31;144159,59;143968,06;144039,00;4635087758,00;160886
WINFUT;22/03/2023;13:00:00;144294,37;144379,50;144081,56;144131,22;5235389976,00;181518
WINFUT;22/03/2023;12:50:00;144301,47;144358,22;144230,53;144294,37;3611901460,00;125161
WINFUT;22/03/2023;12:40:00;144308,56;144358,22;144195,06;144294,37;3748892077,00;129918
WINFUT;22/03/2023;12:30:00;144202,15;144336,94;144138,31;144301,47;5725904464,00;198525
WINFUT;22/03/2023;12:20:00;144237,62;144429,15;144195,06;144209,25;5932571431,00;205529
WINFUT;22/03/2023;12:10:00;144095,75;144414,97;143996,43;144237,62;1,025327409E10;355471
WINFUT;22/03/2023;12:00:00;144003,53;144152,50;143882,93;144095,75;5997150030,00;208238
WINFUT;22/03/2023;11:50:00;143975,15;144060,28;143875,84;143996,43;6110393524,00;212221
WINFUT;22/03/2023;11:40:00;143897,12;144067,37;143854,56;143975,15;7394799678,00;256833
WINFUT;22/03/2023;11:30:00;143733,97;143946,78;143641,75;143897,12;1,013931264E10;352613
WINFUT;22/03/2023;11:20:00;143911,31;143975,15;143698,50;143733,97;7413596657,00;257677
WINFUT;22/03/2023;11:10:00;143783,62;143953,87;143691,40;143911,31;8613592945,00;299493
WINFUT;22/03/2023;11:00:00;143606,28;143854,56;143535,34;143790,72;9286887304,00;323173
WINFUT;22/03/2023;10:50:00;143272,87;143634,65;143223,21;143606,28;9610432002,00;335002
WINFUT;22/03/2023;10:40:00;143372,18;143592,09;143223,21;143272,87;1,252017866E10;436489
WINFUT;22/03/2023;10:30:00;143726,87;143741,06;143265,78;143372,18;1,721508522E10;600022
WINFUT;22/03/2023;10:20:00;143861,65;144081,56;143705,59;143733,97;1,007033064E10;349943
WINFUT;22/03/2023;10:10:00;143996,43;144088,65;143769,43;143868,75;1,195836591E10;415458
WINFUT;22/03/2023;10:00:00;144124,12;144202,15;143861,65;143989,34;1,055789883E10;366568
WINFUT;22/03/2023;09:50:00;144131,22;144195,06;144074,47;144124,12;3811644086,00;132233
WINFUT;22/03/2023;09:40:00;144251,81;144273,09;144109,93;144138,31;4542394520,00;157518
WINFUT;22/03/2023;09:30:00;144117,03;144301,47;144074,47;144251,81;7251858460,00;251484
WINFUT;22/03/2023;09:20:00;144138,31;144209,25;144039,00;144124,12;5874732063,00;203813
WINFUT;22/03/2023;09:10:00;144138,31;144237,62;143932,59;144145,40;9121844974,00;316529
WINFUT;22/03/2023;09:00:00;144358,22;144556,84;143968,06;144131,22;9834220616,00;340783
WINFUT;21/03/2023;17:50:00;144549,75;144649,06;144485,90;144485,90;745003916,40;25769
WINFUT;21/03/2023;17:40:00;144493,00;144627,78;144457,53;144563,94;1941462038,00;67155
WINFUT;21/03/2023;17:30:00;144571,03;144620,69;144443,34;144500,09;1853817963,00;64122
WINFUT;21/03/2023;17:20:00;144613,59;144677,44;144514,28;144571,03;2297746944,00;79451
WINFUT;21/03/2023;17:10:00;144386,59;144720,00;144336,94;144620,69;5496628872,00;190145
WINFUT;21/03/2023;17:00:00;144372,40;144464,62;144301,47;144393,69;4268265129,00;147814
WINFUT;21/03/2023;16:50:00;144351,12;144400,78;144202,15;144372,40;5333827301,00;184805
WINFUT;21/03/2023;16:40:00;144500,09;144528,47;144287,28;144351,12;5655789999,00;195824
WINFUT;21/03/2023;16:30:00;144266,00;144571,03;144237,62;144493,00;7820663310,00;270717
WINFUT;21/03/2023;16:20:00;144336,94;144372,40;144187,97;144266,00;5683103862,00;196926
WINFUT;21/03/2023;16:10:00;144592,31;144592,31;144308,56;144344,03;5478961790,00;189632
WINFUT;21/03/2023;16:00:00;144563,94;144691,62;144507,19;144592,31;5334126031,00;184450
WINFUT;21/03/2023;15:50:00;144429,15;144620,69;144400,78;144563,94;5046443111,00;174586
WINFUT;21/03/2023;15:40:00;144329,84;144571,03;144294,37;144422,06;6630534642,00;229538
WINFUT;21/03/2023;15:30:00;144422,06;144429,15;144251,81;144322,75;6151939350,00;213122
WINFUT;21/03/2023;15:20:00;144407,87;144464,62;144351,12;144414,97;3804120632,00;131706
WINFUT;21/03/2023;15:10:00;144414,97;144443,34;144273,09;144407,87;4807330025,00;166494
WINFUT;21/03/2023;15:00:00;144563,94;144585,22;144344,03;144407,87;5627635180,00;194787
WINFUT;21/03/2023;14:50:00;144677,44;144698,72;144542,65;144556,84;4131269312,00;142831
WINFUT;21/03/2023;14:40:00;144649,06;144769,66;144500,09;144684,53;5672739772,00;196111
WINFUT;21/03/2023;14:30:00;144592,31;144727,09;144542,65;144656,16;3850508568,00;133110
WINFUT;21/03/2023;14:20:00;144542,65;144627,78;144386,59;144585,22;5553185749,00;192123
WINFUT;21/03/2023;14:10:00;144649,06;144684,53;144521,37;144542,65;3545289956,00;122598
WINFUT;21/03/2023;14:00:00;144627,78;144663,25;144556,84;144641,97;2835293915,00;98035
WINFUT;21/03/2023;13:50:00;144627,78;144698,72;144563,94;144627,78;3626643956,00;125364
WINFUT;21/03/2023;13:40:00;144613,59;144663,25;144507,19;144620,69;3479356992,00;120321
WINFUT;21/03/2023;13:30:00;144606,50;144677,44;144521,37;144606,50;3733318785,00;129078
WINFUT;21/03/2023;13:20:00;144521,37;144649,06;144493,00;144599,41;2790903196,00;96524
WINFUT;21/03/2023;13:10:00;144464,62;144634,87;144429,15;144528,47;3597340182,00;124423
WINFUT;21/03/2023;13:00:00;144436,25;144549,75;144372,40;144457,53;3409314537,00;117984
WINFUT;21/03/2023;12:50:00;144457,53;144542,65;144386,59;144436,25;3962360190,00;137142
WINFUT;21/03/2023;12:40:00;144712,91;144727,09;144294,37;144450,44;7125626608,00;246584
WINFUT;21/03/2023;12:30:00;144712,91;144833,50;144606,50;144712,91;5756289234,00;198892
WINFUT;21/03/2023;12:20:00;144734,19;144925,72;144698,72;144712,91;6208253018,00;214355
WINFUT;21/03/2023;12:10:00;144599,41;144762,56;144535,56;144734,19;4444708190,00;153618
WINFUT;21/03/2023;12:00:00;144741,28;144783,84;144478,81;144606,50;7219743664,00;249631
WINFUT;21/03/2023;11:50:00;144627,78;144776,75;144358,22;144741,28;1,014582251E10;350805
WINFUT;21/03/2023;11:40:00;144493,00;144649,06;144287,28;144627,78;8732959804,00;302151
WINFUT;21/03/2023;11:30:00;144464,62;144535,56;144053,18;144485,90;1,318332224E10;456658
WINFUT;21/03/2023;11:20:00;144379,50;144500,09;144180,87;144464,62;1,155636755E10;400284
WINFUT;21/03/2023;11:10:00;144698,72;144876,06;144287,28;144379,50;1,231034678E10;425682
WINFUT;21/03/2023;11:00:00;144961,19;145039,22;144592,31;144698,72;1,110266446E10;383435
WINFUT;21/03/2023;10:50:00;145025,03;145060,50;144720,00;144947,00;1,060299412E10;365826
WINFUT;21/03/2023;10:40:00;144592,31;145152,72;144528,47;145017,94;1,270980147E10;438683
WINFUT;21/03/2023;10:30:00;145010,84;145202,38;144549,75;144599,41;1,532777454E10;528866
WINFUT;21/03/2023;10:20:00;144812,22;145067,59;144755,47;145017,94;1,252899604E10;432303
WINFUT;21/03/2023;10:10:00;144684,53;144932,81;144556,84;144812,22;1,185840555E10;409555
WINFUT;21/03/2023;10:00:00;144493,00;144755,47;144329,84;144691,62;1,307010141E10;452079
WINFUT;21/03/2023;09:50:00;144592,31;144606,50;144443,34;144485,90;4885836463,00;169040
WINFUT;21/03/2023;09:40:00;144748,37;144755,47;144528,47;144592,31;6322117429,00;218570
WINFUT;21/03/2023;09:30:00;144627,78;144826,41;144429,15;144748,37;9962013177,00;344352
WINFUT;21/03/2023;09:20:00;144883,16;144904,44;144599,41;144627,78;9039138508,00;312271
WINFUT;21/03/2023;09:10:00;145237,84;145287,50;144868,97;144883,16;7266591562,00;250474
WINFUT;21/03/2023;09:00:00;145322,97;145422,28;145081,78;145244,94;9538120240,00;328352
WINFUT;20/03/2023;17:50:00;144329,84;144400,78;144202,15;144202,15;1100289688,00;38128
WINFUT;20/03/2023;17:40:00;144464,62;144500,09;144273,09;144322,75;2484842609,00;86041
WINFUT;20/03/2023;17:30:00;144478,81;144535,56;144414,97;144464,62;1661629705,00;57506
WINFUT;20/03/2023;17:20:00;144336,94;144549,75;144329,84;144478,81;3283198353,00;113654
WINFUT;20/03/2023;17:10:00;144209,25;144393,69;144166,69;144336,94;3425243789,00;118702
WINFUT;20/03/2023;17:00:00;144287,28;144344,03;144138,31;144216,34;4674000860,00;162025
WINFUT;20/03/2023;16:50:00;144301,47;144386,59;144195,06;144280,19;5745717136,00;199091
WINFUT;20/03/2023;16:40:00;144599,41;144606,50;144258,90;144301,47;6215999963,00;215178
WINFUT;20/03/2023;16:30:00;144422,06;144755,47;144407,87;144599,41;6936174474,00;239789
WINFUT;20/03/2023;16:20:00;144485,90;144563,94;144386,59;144429,15;3579428732,00;123891
WINFUT;20/03/2023;16:10:00;144592,31;144634,87;144414,97;144493,00;4574748360,00;158287
WINFUT;20/03/2023;16:00:00;144500,09;144769,66;144471,72;144592,31;8914429378,00;308218
WINFUT;20/03/2023;15:50:00;144400,78;144599,41;144386,59;144507,19;4962580551,00;171714
WINFUT;20/03/2023;15:40:00;143989,34;144578,12;143932,59;144400,78;1,177242331E10;407859
WINFUT;20/03/2023;15:30:00;144145,40;144166,69;143925,50;143989,34;7533821211,00;261529
WINFUT;20/03/2023;15:20:00;144102,84;144209,25;144088,65;144152,50;4925339298,00;170841
WINFUT;20/03/2023;15:10:00;144081,56;144202,15;144060,28;144102,84;4670029441,00;162012
WINFUT;20/03/2023;15:00:00;144060,28;144138,31;144003,53;144081,56;4128089520,00;143261
WINFUT;20/03/2023;14:50:00;143975,15;144102,84;143890,03;144067,37;5407208833,00;187764
WINFUT;20/03/2023;14:40:00;143861,65;144010,62;143840,37;143968,06;5001800530,00;173754
WINFUT;20/03/2023;14:30:00;144195,06;144223,44;143741,06;143861,65;8055965363,00;279837
WINFUT;20/03/2023;14:20:00;144344,03;144358,22;144187,97;144195,06;3626724744,00;125694
WINFUT;20/03/2023;14:10:00;144209,25;144393,69;144202,15;144344,03;4415792885,00;152989
WINFUT;20/03/2023;14:00:00;144273,09;144322,75;143982,25;144209,25;6514559022,00;225937
WINFUT;20/03/2023;13:50:00;144102,84;144315,65;144102,84;144280,19;4694894615,00;162797
WINFUT;20/03/2023;13:40:00;144138,31;144159,59;144017,72;144109,93;2826711951,00;98093
WINFUT;20/03/2023;13:30:00;144152,50;144187,97;144081,56;144138,31;3124671414,00;108396
WINFUT;20/03/2023;13:20:00;144010,62;144202,15;143960,97;144152,50;4451539815,00;154463
WINFUT;20/03/2023;13:10:00;143897,12;144067,37;143847,47;144003,53;7181304315,00;249420
WINFUT;20/03/2023;13:00:00;144067,37;144280,19;143804,90;143897,12;9657935037,00;335193
WINFUT;20/03/2023;12:50:00;144563,94;144656,16;144024,81;144067,37;9188630768,00;318214
WINFUT;20/03/2023;12:40:00;144975,37;144975,37;144209,25;144563,94;1,23883423E10;428695
WINFUT;20/03/2023;12:30:00;145088,88;145252,03;144932,81;144975,37;7341670050,00;253052
WINFUT;20/03/2023;12:20:00;144847,69;145110,16;144805,12;145081,78;5705848597,00;196828
WINFUT;20/03/2023;12:10:00;145039,22;145074,69;144734,19;144854,78;1,002442932E10;345920
WINFUT;20/03/2023;12:00:00;145301,69;145386,81;145017,94;145032,12;7619760856,00;262385
WINFUT;20/03/2023;11:50:00;145479,03;145528,69;145110,16;145301,69;7440814099,00;256099
WINFUT;20/03/2023;11:40:00;145230,75;145479,03;145145,63;145479,03;8143266074,00;280221
WINFUT;20/03/2023;11:30:00;145372,63;145471,94;145103,06;145230,75;8107780430,00;279034
WINFUT;20/03/2023;11:20:00;144684,53;145514,50;144649,06;145365,53;1,245661324E10;428910
WINFUT;20/03/2023;11:10:00;144471,72;145032,12;144329,84;144684,53;1,341914391E10;463660
WINFUT;20/03/2023;11:00:00;145060,50;145322,97;144429,15;144478,81;1,475450459E10;509236
WINFUT;20/03/2023;10:50:00;145088,88;145244,94;144868,97;145060,50;1,188811142E10;409760
WINFUT;20/03/2023;10:40:00;144890,25;145117,25;144542,65;145095,97;1,537863829E10;530899
WINFUT;20/03/2023;10:30:00;145507,41;145557,06;144649,06;144897,34;2,23091675E10;768830
WINFUT;20/03/2023;10:20:00;146011,07;146096,19;145457,75;145507,41;1,382264798E10;474161
WINFUT;20/03/2023;10:10:00;146018,16;146230,97;145819,53;146003,97;1,502348835E10;514339
WINFUT;20/03/2023;10:00:00;145755,69;146082,00;145585,44;146025,25;1,569927634E10;538324
WINFUT;20/03/2023;09:50:00;145791,16;145961,41;145691,85;145755,69;7411849244,00;254116
WINFUT;20/03/2023;09:40:00;145798,25;145904,66;145571,25;145784,06;8398558670,00;288199
WINFUT;20/03/2023;09:30:00;145791,16;145911,75;145663,47;145791,16;7067100661,00;242353
WINFUT;20/03/2023;09:20:00;145734,41;145975,60;145656,38;145791,16;8023680476,00;275150
WINFUT;20/03/2023;09:10:00;146160,03;146245,16;145698,94;145741,50;7580903475,00;259670
WINFUT;20/03/2023;09:00:00;145791,16;146216,78;145677,66;146160,03;9432698988,00;323184
WINFUT;17/03/2023;17:50:00;145769,88;145890,47;145606,72;145606,72;1395849409,00;47892
WINFUT;17/03/2023;17:40:00;146032,35;146046,53;145628,00;145776,97;3511873013,00;120362
WINFUT;17/03/2023;17:30:00;146011,07;146082,00;145925,94;146025,25;2619935842,00;89722
WINFUT;17/03/2023;17:20:00;146096,19;146259,35;145961,41;146018,16;3586602375,00;122750
WINFUT;17/03/2023;17:10:00;146074,91;146152,94;145876,28;146103,28;4847777179,00;165979
WINFUT;17/03/2023;17:00:00;146152,94;146294,82;146025,25;146082,00;4931380958,00;168718
WINFUT;17/03/2023;16:50:00;146117,47;146323,19;146089,10;146152,94;5466503759,00;186946
WINFUT;17/03/2023;16:40:00;146209,69;146351,57;146074,91;146117,47;7044522227,00;240893
WINFUT;17/03/2023;16:30:00;146145,85;146238,07;146011,07;146209,69;6611375311,00;226213
WINFUT;17/03/2023;16:20:00;146209,69;146216,78;145996,88;146145,85;4313168502,00;147610
WINFUT;17/03/2023;16:10:00;146082,00;146259,35;146025,25;146216,78;5388120234,00;184346
WINFUT;17/03/2023;16:00:00;146273,53;146330,28;146060,72;146082,00;5610690662,00;191929
WINFUT;17/03/2023;15:50:00;146167,13;146401,22;145996,88;146280,63;8791635637,00;300632
WINFUT;17/03/2023;15:40:00;145940,13;146202,60;145869,19;146167,13;5815257817,00;199142
WINFUT;17/03/2023;15:30:00;145826,63;145982,69;145812,44;145933,03;4584369300,00;157103
WINFUT;17/03/2023;15:20:00;145918,85;145940,13;145748,60;145819,53;7321773514,00;251041
WINFUT;17/03/2023;15:10:00;145940,13;146117,47;145890,47;145925,94;5633116853,00;192929
WINFUT;17/03/2023;15:00:00;146117,47;146223,88;145883,38;145940,13;7011428775,00;240028
WINFUT;17/03/2023;14:50:00;146096,19;146181,32;146025,25;146110,38;4759638453,00;162896
WINFUT;17/03/2023;14:40:00;146011,07;146181,32;145961,41;146096,19;5219049310,00;178652
WINFUT;17/03/2023;14:30:00;145862,10;146074,91;145847,91;146011,07;6542263820,00;224102
WINFUT;17/03/2023;14:20:00;145897,56;145975,60;145755,69;145862,10;6056802296,00;207621
WINFUT;17/03/2023;14:10:00;146145,85;146181,32;145769,88;145897,56;6981507105,00;239151
WINFUT;17/03/2023;14:00:00;146124,57;146209,69;146011,07;146145,85;4920340208,00;168369
WINFUT;17/03/2023;13:50:00;146089,10;146145,85;145925,94;146117,47;5490806023,00;187991
WINFUT;17/03/2023;13:40:00;146181,32;146252,25;146067,82;146089,10;5229549346,00;178917
WINFUT;17/03/2023;13:30:00;146209,69;146543,10;146160,03;146188,41;1,001801161E10;342332
WINFUT;17/03/2023;13:20:00;146039,44;146252,25;145954,32;146209,69;6554352790,00;224303
WINFUT;17/03/2023;13:10:00;146230,97;146266,44;146018,16;146032,35;6026084790,00;206157
WINFUT;17/03/2023;13:00:00;146011,07;146316,10;145975,60;146230,97;8722414150,00;298419
WINFUT;17/03/2023;12:50:00;145769,88;146117,47;145755,69;146003,97;9256463848,00;317045
WINFUT;17/03/2023;12:40:00;145613,81;145805,35;145479,03;145762,78;6524738000,00;224005
WINFUT;17/03/2023;12:30:00;145599,63;145677,66;145500,31;145606,72;4165431194,00;143055
WINFUT;17/03/2023;12:20:00;145684,75;145727,31;145521,60;145592,53;4449997279,00;152794
WINFUT;17/03/2023;12:10:00;145691,85;145769,88;145514,50;145684,75;5987393188,00;205533
WINFUT;17/03/2023;12:00:00;145585,44;145720,22;145379,72;145684,75;8637270340,00;296776
WINFUT;17/03/2023;11:50:00;145727,31;145741,50;145521,60;145592,53;5385710716,00;184925
WINFUT;17/03/2023;11:40:00;145684,75;145748,60;145500,31;145727,31;7997240354,00;274583
WINFUT;17/03/2023;11:30:00;145457,75;145727,31;145365,53;145691,85;8356326198,00;287115
WINFUT;17/03/2023;11:20:00;145670,56;145713,13;145188,19;145457,75;1,488698834E10;511853
WINFUT;17/03/2023;11:10:00;145982,69;146060,72;145656,38;145670,56;9861739028,00;337998
WINFUT;17/03/2023;11:00:00;146046,53;146252,25;145862,10;145982,69;9193991790,00;314615
WINFUT;17/03/2023;10:50:00;145961,41;146131,66;145925,94;146053,63;6099715483,00;208836
WINFUT;17/03/2023;10:40:00;146188,41;146273,53;145812,44;145961,41;1,070138825E10;366439
WINFUT;17/03/2023;10:30:00;146543,10;146606,94;145947,22;146188,41;1,984033806E10;678174
WINFUT;17/03/2023;10:20:00;146621,13;146833,94;146514,72;146543,10;9568924219,00;326213
WINFUT;17/03/2023;10:10:00;146578,57;146663,69;146465,07;146621,13;7969797595,00;271869
WINFUT;17/03/2023;10:00:00;147110,60;147138,97;146422,50;146578,57;1,545043603E10;526134
WINFUT;17/03/2023;09:50:00;147096,41;147195,72;146982,91;147103,51;5773044039,00;196229
WINFUT;17/03/2023;09:40:00;147039,66;147252,47;147032,57;147089,32;7051882840,00;239621
WINFUT;17/03/2023;09:30:00;147217,01;147295,04;147018,38;147032,57;7712508626,00;262044
WINFUT;17/03/2023;09:20:00;147429,82;147436,91;147089,32;147217,01;7885245669,00;267774
WINFUT;17/03/2023;09:10:00;147536,23;147564,60;147415,63;147422,73;4256636629,00;144295
WINFUT;17/03/2023;09:00:00;147940,57;148025,70;147479,48;147543,32;8469854558,00;286772
WINFUT;16/03/2023;17:50:00;148323,63;148323,63;148018,60;148089,54;906090003,90;30577
WINFUT;16/03/2023;17:40:00;148210,13;148387,48;148117,91;148316,54;2892651307,00;97535
WINFUT;16/03/2023;17:30:00;148281,07;148387,48;148195,95;148210,13;3082392334,00;103933
WINFUT;16/03/2023;17:20:00;147997,32;148337,82;147905,10;148281,07;5826978005,00;196632
WINFUT;16/03/2023;17:10:00;147883,82;148025,70;147819,98;147997,32;3641855415,00;123106
WINFUT;16/03/2023;17:00:00;147983,13;148032,79;147784,51;147883,82;4549583587,00;153797
WINFUT;16/03/2023;16:50:00;148167,57;148245,60;147898,01;147983,13;5858286781,00;197860
WINFUT;16/03/2023;16:40:00;148054,07;148252,70;147997,32;148167,57;5851016625,00;197463
WINFUT;16/03/2023;16:30:00;148281,07;148302,35;147841,26;148061,16;7877714470,00;265992
WINFUT;16/03/2023;16:20:00;148039,88;148309,45;148032,79;148288,17;6072700190,00;204940
WINFUT;16/03/2023;16:10:00;148181,76;148203,04;147883,82;148032,79;5777410589,00;195131
WINFUT;16/03/2023;16:00:00;148217,23;148273,98;148096,63;148181,76;3837002079,00;129483
WINFUT;16/03/2023;15:50:00;148238,51;148316,54;148160,48;148224,32;4681607424,00;157907
WINFUT;16/03/2023;15:40:00;148210,13;148323,63;148061,16;148238,51;6236688028,00;210440
WINFUT;16/03/2023;15:30:00;148437,13;148444,23;148025,70;148210,13;7717120857,00;260390
WINFUT;16/03/2023;15:20:00;148579,01;148649,95;148344,92;148437,13;5676160353,00;191148
WINFUT;16/03/2023;15:10:00;148373,29;148614,48;148259,79;148571,92;6158959853,00;207479
WINFUT;16/03/2023;15:00:00;148479,70;148571,92;148302,35;148373,29;5477268610,00;184518
WINFUT;16/03/2023;14:50:00;148422,95;148593,20;148288,17;148479,70;7880583394,00;265398
WINFUT;16/03/2023;14:40:00;148125,01;148500,98;148068,26;148422,95;7668960607,00;258592
WINFUT;16/03/2023;14:30:00;148146,29;148181,76;147947,66;148125,01;5811447513,00;196232
WINFUT;16/03/2023;14:20:00;148181,76;148295,26;148125,01;148146,29;5211110037,00;175802
WINFUT;16/03/2023;14:10:00;148061,16;148394,57;148039,88;148188,85;9610805358,00;324215
WINFUT;16/03/2023;14:00:00;147685,19;148139,20;147685,19;148061,16;8346404928,00;282110
WINFUT;16/03/2023;13:50:00;147642,63;147898,01;147500,76;147678,10;9080799317,00;307390
WINFUT;16/03/2023;13:40:00;147365,98;147663,91;147323,41;147635,54;4769275508,00;161713
WINFUT;16/03/2023;13:30:00;147486,57;147600,07;147295,04;147373,07;5449914180,00;184823
WINFUT;16/03/2023;13:20:00;147302,13;147514,94;147217,01;147493,66;5409820333,00;183537
WINFUT;16/03/2023;13:10:00;147394,35;147444,01;147131,88;147309,23;6724101019,00;228295
WINFUT;16/03/2023;13:00:00;147663,91;147819,98;147295,04;147394,35;7894215502,00;267401
WINFUT;16/03/2023;12:50:00;147408,54;147784,51;147273,76;147671,01;8089395308,00;274182
WINFUT;16/03/2023;12:40:00;147046,76;147429,82;147025,47;147415,63;8194082865,00;278341
WINFUT;16/03/2023;12:30:00;147316,32;147358,88;146933,26;147046,76;8695220971,00;295576
WINFUT;16/03/2023;12:20:00;147266,66;147500,76;147075,13;147309,23;9821819755,00;333390
WINFUT;16/03/2023;12:10:00;147557,51;147642,63;147238,29;147273,76;9140234004,00;309913
WINFUT;16/03/2023;12:00:00;147436,91;147592,98;147004,19;147557,51;1,1864612E10;402726
WINFUT;16/03/2023;11:50:00;146947,44;147621,35;146919,07;147436,91;1,446648836E10;491048
WINFUT;16/03/2023;11:40:00;146649,50;147039,66;146443,79;146947,44;1,332427171E10;454082
WINFUT;16/03/2023;11:30:00;146770,10;146911,97;146507,63;146649,50;1,293168693E10;440774
WINFUT;16/03/2023;11:20:00;146677,88;146883,60;146606,94;146770,10;1,015176824E10;345945
WINFUT;16/03/2023;11:10:00;147160,26;147394,35;146606,94;146677,88;1,426708768E10;485211
WINFUT;16/03/2023;11:00:00;147819,98;147976,04;147146,07;147167,35;1,388086195E10;470419
WINFUT;16/03/2023;10:50:00;147302,13;147940,57;147266,66;147819,98;1,527663995E10;517307
WINFUT;16/03/2023;10:40:00;147578,79;147862,54;147252,47;147302,13;1,546950732E10;524154
WINFUT;16/03/2023;10:30:00;147089,32;147607,16;146883,60;147571,69;2,002605922E10;680120
WINFUT;16/03/2023;10:20:00;146798,47;147287,94;146635,32;147089,32;1,239719217E10;421887
WINFUT;16/03/2023;10:10:00;147231,19;147451,10;146536,00;146798,47;1,732363371E10;589114
WINFUT;16/03/2023;10:00:00;147032,57;147302,13;146606,94;147238,29;1,504159076E10;511898
WINFUT;16/03/2023;09:50:00;146968,72;147181,54;146911,97;147032,57;7153413197,00;243235
WINFUT;16/03/2023;09:40:00;146933,26;147060,94;146770,10;146968,72;1,014839555E10;345416
WINFUT;16/03/2023;09:30:00;146741,72;147153,16;146727,54;146933,26;8271801495,00;281441
WINFUT;16/03/2023;09:20:00;146990,01;147018,38;146741,72;146741,72;7693769490,00;261863
WINFUT;16/03/2023;09:10:00;146904,88;147280,85;146904,88;146990,01;6648233541,00;225954
WINFUT;16/03/2023;09:00:00;146968,72;147365,98;146897,79;146904,88;9041644084,00;307395
WINFUT;15/03/2023;17:50:00;147209,91;147231,19;146897,79;147053,85;1318639829,00;44827
WINFUT;15/03/2023;17:40:00;147245,38;147394,35;147138,97;147209,91;3129616938,00;106247
WINFUT;15/03/2023;17:30:00;147046,76;147295,04;147039,66;147245,38;2575901902,00;87507
WINFUT;15/03/2023;17:20:00;147089,32;147089,32;146876,51;147046,76;2563099497,00;87193
WINFUT;15/03/2023;17:10:00;146897,79;147096,41;146862,32;147089,32;2897768736,00;98593
WINFUT;15/03/2023;17:00:00;146997,10;147039,66;146826,85;146904,88;3627131357,00;123434
WINFUT;15/03/2023;16:50:00;146727,54;147011,29;146592,75;146990,01;7668614818,00;261208
WINFUT;15/03/2023;16:40:00;146741,72;146748,82;146443,79;146727,54;8484159554,00;289390
WINFUT;15/03/2023;16:30:00;147160,26;147202,82;146684,97;146748,82;7005535536,00;238414
WINFUT;15/03/2023;16:20:00;146919,07;147224,10;146826,85;147153,16;8620367780,00;293097
WINFUT;15/03/2023;16:10:00;146755,91;147039,66;146649,50;146919,07;8200887617,00;279211
WINFUT;15/03/2023;16:00:00;147046,76;147174,44;146720,44;146755,91;8545987319,00;290753
WINFUT;15/03/2023;15:50:00;146940,35;147280,85;146848,13;147046,76;9127895185,00;310312
WINFUT;15/03/2023;15:40:00;147238,29;147387,26;146911,97;146933,26;9459901121,00;321406
WINFUT;15/03/2023;15:30:00;147224,10;147387,26;147060,94;147238,29;1,214075994E10;412359
WINFUT;15/03/2023;15:20:00;146422,50;147458,19;146372,85;147217,01;2,003665624E10;681825
WINFUT;15/03/2023;15:10:00;146323,19;146472,16;146089,10;146422,50;7254074515,00;247992
WINFUT;15/03/2023;15:00:00;146479,25;146606,94;146195,50;146316,10;7731580104,00;264118
WINFUT;15/03/2023;14:50:00;146110,38;146507,63;146032,35;146479,25;9239125036,00;315721
WINFUT;15/03/2023;14:40:00;146160,03;146195,50;145869,19;146110,38;8787629484,00;300921
WINFUT;15/03/2023;14:30:00;146358,66;146472,16;146082,00;146160,03;9972890001,00;340928
WINFUT;15/03/2023;14:20:00;146195,50;146436,69;146003,97;146358,66;1,004773084E10;343591
WINFUT;15/03/2023;14:10:00;145826,63;146266,44;145670,56;146188,41;1,411630546E10;483440
WINFUT;15/03/2023;14:00:00;145287,50;146003,97;145273,31;145826,63;1,418480711E10;486803
WINFUT;15/03/2023;13:50:00;145039,22;145322,97;144861,87;145280,41;7998705327,00;275644
WINFUT;15/03/2023;13:40:00;144897,34;145110,16;144790,94;145039,22;6103576141,00;210521
WINFUT;15/03/2023;13:30:00;144968,28;145237,84;144805,12;144897,34;9034608930,00;311428
WINFUT;15/03/2023;13:20:00;144968,28;144982,47;144691,62;144961,19;8484419454,00;292879
WINFUT;15/03/2023;13:10:00;145039,22;145181,09;144897,34;144975,37;7474814251,00;257659
WINFUT;15/03/2023;13:00:00;145103,06;145365,53;144947,00;145032,12;8047943122,00;277224
WINFUT;15/03/2023;12:50:00;145393,91;145429,38;144904,44;145095,97;9147708615,00;315211
WINFUT;15/03/2023;12:40:00;144868,97;145436,47;144812,22;145393,91;1,164669876E10;401424
WINFUT;15/03/2023;12:30:00;144734,19;144989,56;144727,09;144868,97;8712482008,00;300679
WINFUT;15/03/2023;12:20:00;144854,78;144868,97;144521,37;144734,19;8790059095,00;303800
WINFUT;15/03/2023;12:10:00;144493,00;144868,97;144464,62;144854,78;8561569104,00;295801
WINFUT;15/03/2023;12:00:00;144528,47;144599,41;144372,40;144493,00;8574136874,00;296707
WINFUT;15/03/2023;11:50:00;144138,31;144556,84;144067,37;144521,37;7701533270,00;266871
WINFUT;15/03/2023;11:40:00;144209,25;144294,37;143982,25;144131,22;1,13044134E10;392126
WINFUT;15/03/2023;11:30:00;144379,50;144613,59;144109,93;144209,25;1,306583049E10;452579
WINFUT;15/03/2023;11:20:00;144500,09;144705,81;144159,59;144386,59;1,523559929E10;527569
WINFUT;15/03/2023;11:10:00;144897,34;145138,53;144294,37;144500,09;1,767975109E10;611107
WINFUT;15/03/2023;11:00:00;144627,78;144975,37;144329,84;144897,34;1,678758211E10;580391
WINFUT;15/03/2023;10:50:00;145159,81;145294,59;144429,15;144620,69;1,682918999E10;581002
WINFUT;15/03/2023;10:40:00;145273,31;145557,06;145088,88;145159,81;1,61031191E10;554015
WINFUT;15/03/2023;10:30:00;144741,28;145351,34;144528,47;145273,31;2,095301436E10;723171
WINFUT;15/03/2023;10:20:00;145131,44;145209,47;144734,19;144741,28;1,141850245E10;393819
WINFUT;15/03/2023;10:10:00;144840,59;145209,47;144698,72;145138,53;1,562038154E10;538742
WINFUT;15/03/2023;10:00:00;145230,75;145244,94;144613,59;144840,59;1,569060044E10;541401
WINFUT;15/03/2023;09:50:00;145259,13;145386,81;145138,53;145223,66;7395885407,00;254554
WINFUT;15/03/2023;09:40:00;145422,28;145422,28;144805,12;145266,22;1,608634052E10;554413
WINFUT;15/03/2023;09:30:00;145557,06;145798,25;145408,09;145422,28;9363054735,00;321588
WINFUT;15/03/2023;09:20:00;145741,50;145805,35;145344,25;145571,25;9187467801,00;315658
WINFUT;15/03/2023;09:10:00;145429,38;145989,78;145301,69;145741,50;1,048742571E10;359936
WINFUT;15/03/2023;09:00:00;145706,03;145876,28;145365,53;145429,38;1,208075278E10;414843
WINFUT;14/03/2023;17:50:00;147585,88;147649,73;147465,29;147465,29;971118634,50;32913
WINFUT;14/03/2023;17:40:00;147436,91;147663,91;147422,73;147592,98;3349271565,00;113495
WINFUT;14/03/2023;17:30:00;147401,44;147458,19;147337,60;147429,82;1532695710,00;51989
WINFUT;14/03/2023;17:20:00;147309,23;147444,01;147280,85;147394,35;2227936704,00;75586
WINFUT;14/03/2023;17:10:00;147273,76;147401,44;147224,10;147316,32;2865798756,00;97276
WINFUT;14/03/2023;17:00:00;147295,04;147472,38;147146,07;147273,76;5843169256,00;198295
WINFUT;14/03/2023;16:50:00;147032,57;147422,73;147032,57;147295,04;8109977874,00;275374
WINFUT;14/03/2023;16:40:00;147153,16;147195,72;146947,44;147032,57;5149312880,00;175086
WINFUT;14/03/2023;16:30:00;146869,41;147295,04;146812,66;147153,16;8845450722,00;300619
WINFUT;14/03/2023;16:20:00;147004,19;147011,29;146677,88;146869,41;8113715105,00;276330
WINFUT;14/03/2023;16:10:00;146933,26;147032,57;146677,88;147004,19;1,313212238E10;447099
WINFUT;14/03/2023;16:00:00;147394,35;147479,48;146911,97;146926,16;9573859148,00;325203
WINFUT;14/03/2023;15:50:00;147522,04;147713,57;147287,94;147401,44;7646869611,00;259226
WINFUT;14/03/2023;15:40:00;147536,23;147592,98;147429,82;147522,04;4515770508,00;153050
WINFUT;14/03/2023;15:30:00;147720,66;147841,26;147415,63;147543,32;8118905066,00;275016
WINFUT;14/03/2023;15:20:00;147536,23;147805,79;147351,79;147713,57;7249474069,00;245615
WINFUT;14/03/2023;15:10:00;147266,66;147635,54;147259,57;147529,13;8298688558,00;281338
WINFUT;14/03/2023;15:00:00;147663,91;147720,66;147124,79;147266,66;1,130858124E10;383590
WINFUT;14/03/2023;14:50:00;147720,66;147898,01;147550,41;147663,91;7770133240,00;262991
WINFUT;14/03/2023;14:40:00;147798,70;147898,01;147472,38;147720,66;9864802761,00;334022
WINFUT;14/03/2023;14:30:00;147607,16;147812,88;147451,10;147805,79;7650589738,00;259133
WINFUT;14/03/2023;14:20:00;147557,51;147763,23;147351,79;147607,16;1,025459436E10;347469
WINFUT;14/03/2023;14:10:00;147855,45;147890,91;147373,07;147557,51;1,248945508E10;422942
WINFUT;14/03/2023;14:00:00;148075,35;148238,51;147848,35;147862,54;6900255578,00;233022
WINFUT;14/03/2023;13:50:00;148132,10;148238,51;148011,51;148075,35;6485144984,00;218891
WINFUT;14/03/2023;13:40:00;148167,57;148217,23;148046,98;148125,01;5182413258,00;174920
WINFUT;14/03/2023;13:30:00;147954,76;148337,82;147905,10;148160,48;8175080127,00;275840
WINFUT;14/03/2023;13:20:00;148139,20;148174,67;147756,13;147954,76;8785554134,00;296913
WINFUT;14/03/2023;13:10:00;148181,76;148295,26;148011,51;148146,29;6101328609,00;205900
WINFUT;14/03/2023;13:00:00;148011,51;148259,79;147968,95;148181,76;5804386746,00;195881
WINFUT;14/03/2023;12:50:00;148188,85;148316,54;147954,76;148004,41;6482613770,00;218831
WINFUT;14/03/2023;12:40:00;148344,92;148437,13;148039,88;148188,85;6789156362,00;229077
WINFUT;14/03/2023;12:30:00;148380,38;148579,01;148281,07;148344,92;7962100567,00;268214
WINFUT;14/03/2023;12:20:00;148344,92;148444,23;148125,01;148380,38;7973795366,00;268867
WINFUT;14/03/2023;12:10:00;148110,82;148408,76;148032,79;148344,92;6760356476,00;228008
WINFUT;14/03/2023;12:00:00;147983,13;148238,51;147919,29;148110,82;9917903526,00;334859
WINFUT;14/03/2023;11:50:00;148522,26;148628,67;147954,76;147983,13;1,07761129E10;363314
WINFUT;14/03/2023;11:40:00;148493,88;148635,76;148330,73;148529,35;9779133335,00;329259
WINFUT;14/03/2023;11:30:00;148706,70;148933,70;148373,29;148493,88;1,221773707E10;410877
WINFUT;14/03/2023;11:20:00;148742,17;148983,35;148500,98;148713,79;1,230814186E10;413772
WINFUT;14/03/2023;11:10:00;148983,35;148990,45;148649,95;148742,17;1,478989436E10;496906
WINFUT;14/03/2023;11:00:00;148458,42;149174,89;148281,07;148976,26;1,996767353E10;671056
WINFUT;14/03/2023;10:50:00;148160,48;148543,54;147983,13;148458,42;1,402800429E10;473219
WINFUT;14/03/2023;10:40:00;147919,29;148259,79;147621,35;148160,48;1,5999902E10;540706
WINFUT;14/03/2023;10:30:00;148323,63;148401,67;147720,66;147912,20;1,715934683E10;579585
WINFUT;14/03/2023;10:20:00;147912,20;148330,73;147777,41;148316,54;1,331483421E10;449635
WINFUT;14/03/2023;10:10:00;148075,35;148203,04;147777,41;147919,29;1,381033978E10;466640
WINFUT;14/03/2023;10:00:00;147741,95;148089,54;147550,41;148068,26;1,621959016E10;548657
WINFUT;14/03/2023;09:50:00;147472,38;147997,32;147280,85;147741,95;1,655003896E10;560258
WINFUT;14/03/2023;09:40:00;147401,44;147649,73;147195,72;147465,29;1,275152857E10;432363
WINFUT;14/03/2023;09:30:00;148039,88;148586,10;147365,98;147394,35;2,351299909E10;795152
WINFUT;14/03/2023;09:20:00;147827,07;148203,04;147756,13;148032,79;7995530462,00;270224
WINFUT;14/03/2023;09:10:00;147848,35;148039,88;147713,57;147834,16;8691228795,00;293901
WINFUT;14/03/2023;09:00:00;148472,60;148642,85;147834,16;147848,35;1,014892737E10;342553
WINFUT;13/03/2023;17:50:00;147763,23;147876,73;147628,44;147876,73;920918846,30;31165
WINFUT;13/03/2023;17:40:00;147692,29;147777,41;147486,57;147763,23;3329522335,00;112772
WINFUT;13/03/2023;17:30:00;147607,16;147848,35;147344,69;147692,29;4781554326,00;161972
WINFUT;13/03/2023;17:20:00;147706,48;147791,60;147479,48;147600,07;2963233077,00;100357
WINFUT;13/03/2023;17:10:00;147607,16;147791,60;147514,94;147713,57;4151424875,00;140560
WINFUT;13/03/2023;17:00:00;147422,73;147869,63;147408,54;147600,07;7067111171,00;239311
WINFUT;13/03/2023;16:50:00;147635,54;147671,01;147330,51;147422,73;7053708164,00;239057
WINFUT;13/03/2023;16:40:00;147720,66;147890,91;147585,88;147642,63;7056480927,00;238799
WINFUT;13/03/2023;16:30:00;147451,10;147720,66;147394,35;147720,66;7447703799,00;252370
WINFUT;13/03/2023;16:20:00;147685,19;147699,38;147273,76;147444,01;9514586338,00;322573
WINFUT;13/03/2023;16:10:00;147734,85;147883,82;147585,88;147685,19;9020629837,00;305310
WINFUT;13/03/2023;16:00:00;148025,70;148146,29;147614,26;147734,85;9929800146,00;335780
WINFUT;13/03/2023;15:50:00;148039,88;148117,91;147798,70;148025,70;7409025355,00;250364
WINFUT;13/03/2023;15:40:00;148089,54;148224,32;147919,29;148032,79;7646864823,00;258231
WINFUT;13/03/2023;15:30:00;148245,60;148422,95;148039,88;148096,63;7729608971,00;260690
WINFUT;13/03/2023;15:20:00;148352,01;148628,67;148153,38;148238,51;1,038407862E10;349905
WINFUT;13/03/2023;15:10:00;148302,35;148564,82;148273,98;148359,10;6726376857,00;226623
WINFUT;13/03/2023;15:00:00;148671,23;148699,60;148288,17;148309,45;1,003573299E10;338001
WINFUT;13/03/2023;14:50:00;148415,85;148862,76;148359,10;148664,14;9821761070,00;330373
WINFUT;13/03/2023;14:40:00;148479,70;148564,82;148181,76;148415,85;1,144589298E10;385735
WINFUT;13/03/2023;14:30:00;147933,48;148756,35;147720,66;148479,70;1,450852629E10;489487
WINFUT;13/03/2023;14:20:00;148408,76;148415,85;147841,26;147933,48;9207348933,00;310879
WINFUT;13/03/2023;14:10:00;148103,73;148451,32;148061,16;148401,67;7982192745,00;269178
WINFUT;13/03/2023;14:00:00;148082,45;148125,01;147898,01;148103,73;7098800494,00;239805
WINFUT;13/03/2023;13:50:00;147798,70;148316,54;147791,60;148082,45;9494701117,00;320597
WINFUT;13/03/2023;13:40:00;148316,54;148415,85;147706,48;147791,60;9864498340,00;333038
WINFUT;13/03/2023;13:30:00;148181,76;148352,01;148082,45;148323,63;6769967649,00;228374
WINFUT;13/03/2023;13:20:00;148316,54;148323,63;147933,48;148181,76;8717199484,00;294259
WINFUT;13/03/2023;13:10:00;148500,98;148571,92;148281,07;148309,45;8486203589,00;285849
WINFUT;13/03/2023;13:00:00;148103,73;148571,92;148082,45;148500,98;1,116112855E10;376275
WINFUT;13/03/2023;12:50:00;148139,20;148160,48;147869,63;148110,82;8988281918,00;303613
WINFUT;13/03/2023;12:40:00;148061,16;148359,10;147933,48;148132,10;1,13150116E10;381886
WINFUT;13/03/2023;12:30:00;148649,95;148671,23;147976,04;148061,16;1,096082971E10;369642
WINFUT;13/03/2023;12:20:00;148451,32;148735,07;148295,26;148657,04;1,049138516E10;353221
WINFUT;13/03/2023;12:10:00;148273,98;148685,42;148231,42;148451,32;1,12579927E10;379248
WINFUT;13/03/2023;12:00:00;148706,70;148756,35;148203,04;148273,98;1,344419071E10;452748
WINFUT;13/03/2023;11:50:00;148337,82;148735,07;147898,01;148699,60;1,52962491E10;515777
WINFUT;13/03/2023;11:40:00;148188,85;148479,70;147898,01;148337,82;1,586510899E10;535265
WINFUT;13/03/2023;11:30:00;147671,01;148281,07;147671,01;148181,76;1,450598792E10;489924
WINFUT;13/03/2023;11:20:00;147940,57;148096,63;147529,13;147671,01;1,458398787E10;493392
WINFUT;13/03/2023;11:10:00;148288,17;148387,48;147834,16;147947,66;1,695724457E10;572675
WINFUT;13/03/2023;11:00:00;147415,63;148444,23;147153,16;148288,17;2,447605013E10;828011
WINFUT;13/03/2023;10:50:00;147415,63;147671,01;147160,26;147408,54;1,806593293E10;612665
WINFUT;13/03/2023;10:40:00;146585,66;147656,82;146557,29;147415,63;2,280491084E10;774946
WINFUT;13/03/2023;10:30:00;146748,82;146855,22;146323,19;146578,57;1,852243284E10;631974
WINFUT;13/03/2023;10:20:00;146841,04;146947,44;146465,07;146755,91;1,46187396E10;498265
WINFUT;13/03/2023;10:10:00;146968,72;147224,10;146720,44;146848,13;1,58639791E10;539672
WINFUT;13/03/2023;10:00:00;146862,32;147053,85;146770,10;146961,63;1,259911811E10;428830
WINFUT;13/03/2023;09:50:00;146649,50;147018,38;146592,75;146862,32;1,210212126E10;412085
WINFUT;13/03/2023;09:40:00;146599,85;146734,63;146415,41;146649,50;1,113966347E10;379958
WINFUT;13/03/2023;09:30:00;147068,04;147238,29;146521,82;146599,85;1,584625952E10;539584
WINFUT;13/03/2023;09:20:00;147117,69;147330,51;146841,04;147060,94;1,271122515E10;431949
WINFUT;13/03/2023;09:10:00;148515,17;148614,48;147103,51;147117,69;2,03637104E10;689040
WINFUT;13/03/2023;09:00:00;148330,73;148813,10;148110,82;148508,07;1,462427128E10;492483
WINFUT;10/03/2023;18:20:00;148430,04;148614,48;148323,63;148614,48;972265291,30;32741
WINFUT;10/03/2023;18:10:00;148493,88;148536,45;148273,98;148422,95;3172973691,00;106915
WINFUT;10/03/2023;18:00:00;148195,95;148593,20;148153,38;148493,88;4161303867,00;140231
WINFUT;10/03/2023;17:50:00;148231,42;148373,29;148181,76;148195,95;4606563729,00;155327
WINFUT;10/03/2023;17:40:00;148273,98;148302,35;148146,29;148231,42;4870810197,00;164319
WINFUT;10/03/2023;17:30:00;148557,73;148635,76;148259,79;148259,79;6773047131,00;228147
WINFUT;10/03/2023;17:20:00;148394,57;148614,48;148352,01;148550,63;5291600276,00;178179
WINFUT;10/03/2023;17:10:00;148593,20;148685,42;148366,20;148387,48;6493359796,00;218567
WINFUT;10/03/2023;17:00:00;148607,38;148685,42;148359,10;148600,29;7001380569,00;235728
WINFUT;10/03/2023;16:50:00;148657,04;148727,98;148458,42;148607,38;8319685801,00;279963
WINFUT;10/03/2023;16:40:00;148437,13;148678,32;148323,63;148657,04;7562779266,00;254700
WINFUT;10/03/2023;16:30:00;148096,63;148479,70;148089,54;148437,13;7782434976,00;262368
WINFUT;10/03/2023;16:20:00;148153,38;148210,13;148061,16;148096,63;4303938356,00;145275
WINFUT;10/03/2023;16:10:00;148288,17;148309,45;148046,98;148146,29;5827407203,00;196661
WINFUT;10/03/2023;16:00:00;148096,63;148309,45;148018,60;148288,17;8931833080,00;301418
WINFUT;10/03/2023;15:50:00;147997,32;148132,10;147770,32;148103,73;8085177053,00;273288
WINFUT;10/03/2023;15:40:00;147983,13;148082,45;147841,26;147997,32;6936447590,00;234374
WINFUT;10/03/2023;15:30:00;147947,66;148103,73;147798,70;147990,23;9338680082,00;315555
WINFUT;10/03/2023;15:20:00;148430,04;148529,35;147940,57;147954,76;1,298678177E10;438107
WINFUT;10/03/2023;15:10:00;149111,04;149153,61;148337,82;148430,04;1,268195271E10;426196
WINFUT;10/03/2023;15:00:00;149011,73;149203,26;148983,35;149111,04;5092790114,00;170771
WINFUT;10/03/2023;14:50:00;149118,14;149210,36;148926,60;149011,73;5361981915,00;179835
WINFUT;10/03/2023;14:40:00;149132,32;149288,39;148933,70;149111,04;7436983823,00;249382
WINFUT;10/03/2023;14:30:00;149274,20;149352,23;149068,48;149132,32;6838137033,00;229134
WINFUT;10/03/2023;14:20:00;149040,10;149281,29;149018,82;149274,20;5141407520,00;172382
WINFUT;10/03/2023;14:10:00;149061,39;149238,73;148806,01;149040,10;9285088597,00;311446
WINFUT;10/03/2023;14:00:00;148990,45;149224,54;148933,70;149054,29;9006391064,00;302049
WINFUT;10/03/2023;13:50:00;149451,54;149508,29;148884,04;148983,35;1,367742935E10;458524
WINFUT;10/03/2023;13:40:00;149862,98;149962,30;149338,04;149458,64;9731096095,00;325163
WINFUT;10/03/2023;13:30:00;149941,01;150409,20;149763,67;149870,08;1,321815052E10;440284
WINFUT;10/03/2023;13:20:00;149742,39;150047,42;149621,79;149941,01;9657429713,00;322284
WINFUT;10/03/2023;13:10:00;149770,76;149806,23;149444,45;149742,39;8372167944,00;279814
WINFUT;10/03/2023;13:00:00;149806,23;149862,98;149614,70;149763,67;7577707932,00;253016
WINFUT;10/03/2023;12:50:00;149345,14;149841,70;149181,98;149806,23;9699760737,00;324407
WINFUT;10/03/2023;12:40:00;149614,70;149692,73;149189,07;149338,04;1,044374095E10;349546
WINFUT;10/03/2023;12:30:00;149536,67;149841,70;149479,92;149621,79;9742113732,00;325435
WINFUT;10/03/2023;12:20:00;149458,64;149635,98;149302,57;149543,76;1,127654464E10;377210
WINFUT;10/03/2023;12:10:00;149635,98;149756,58;149423,17;149458,64;1,117340962E10;373520
WINFUT;10/03/2023;12:00:00;149437,36;149990,67;149408,98;149635,98;1,587159909E10;530105
WINFUT;10/03/2023;11:50:00;148813,10;149579,23;148756,35;149437,36;1,546304199E10;518014
WINFUT;10/03/2023;11:40:00;149111,04;149132,32;148444,23;148813,10;1,736303244E10;583540
WINFUT;10/03/2023;11:30:00;148983,35;149295,48;148933,70;149111,04;1,364010133E10;457320
WINFUT;10/03/2023;11:20:00;148777,64;149089,76;148727,98;148990,45;1,091031354E10;366328
WINFUT;10/03/2023;11:10:00;149380,61;149430,26;148529,35;148777,64;1,754767637E10;589063
WINFUT;10/03/2023;11:00:00;149047,20;149380,61;148869,85;149373,51;1,770521084E10;593871
WINFUT;10/03/2023;10:50:00;149799,14;149891,36;149018,82;149047,20;1,747006978E10;584254
WINFUT;10/03/2023;10:40:00;149905,54;150352,45;149749,48;149799,14;1,439756878E10;479658
WINFUT;10/03/2023;10:30:00;149650,17;150437,58;149111,04;149912,64;2,43108923E10;810445
WINFUT;10/03/2023;10:20:00;149295,48;149749,48;149004,64;149650,17;1,182447731E10;396092
WINFUT;10/03/2023;10:10:00;149529,58;149806,23;149260,01;149295,48;1,045547889E10;349506
WINFUT;10/03/2023;10:00:00;149884,26;149912,64;149309,67;149529,58;1,676280557E10;560370
WINFUT;10/03/2023;09:50:00;150253,14;150253,14;149877,17;149877,17;7991315305,00;266277
WINFUT;10/03/2023;09:40:00;150111,26;150295,70;150004,86;150253,14;9167025027,00;305284
WINFUT;10/03/2023;09:30:00;150288,61;150416,30;150075,80;150111,26;7958982335,00;264811
WINFUT;10/03/2023;09:20:00;149983,58;150352,45;149926,83;150288,61;8198225069,00;273040
WINFUT;10/03/2023;09:10:00;150175,11;150189,30;149827,51;149983,58;7051566067,00;235099
WINFUT;10/03/2023;09:00:00;150423,39;150600,73;150033,23;150182,20;9539991192,00;317397
WINFUT;09/03/2023;18:20:00;150331,17;150366,64;150175,11;150253,14;1272668067,00;42343
WINFUT;09/03/2023;18:10:00;150473,05;150515,61;150196,39;150324,08;4536999032,00;150900
WINFUT;09/03/2023;18:00:00;150912,86;150941,24;150331,17;150473,05;5899333923,00;195816
WINFUT;09/03/2023;17:50:00;150778,08;150990,89;150629,11;150912,86;6945301808,00;230227
WINFUT;09/03/2023;17:40:00;151083,11;151132,77;150692,95;150778,08;6133198699,00;203221
WINFUT;09/03/2023;17:30:00;150849,02;151168,24;150841,92;151076,02;6805641044,00;225274
WINFUT;09/03/2023;17:20:00;151196,61;151224,99;150721,33;150841,92;1,282349377E10;424745
WINFUT;09/03/2023;17:10:00;151650,61;151728,64;151097,30;151189,52;1,151070773E10;380143
WINFUT;09/03/2023;17:00:00;152140,08;152182,65;151593,86;151650,61;1,064249401E10;350415
WINFUT;09/03/2023;16:50:00;152388,36;152388,36;152118,80;152132,99;7101812019,00;233202
WINFUT;09/03/2023;16:40:00;152523,15;152594,08;152324,52;152381,27;5123938883,00;168029
WINFUT;09/03/2023;16:30:00;152615,36;152622,46;152374,18;152523,15;8904436220,00;291937
WINFUT;09/03/2023;16:20:00;152665,02;152962,96;152594,08;152615,36;1,261097257E10;412764
WINFUT;09/03/2023;16:10:00;152310,33;152686,30;152274,86;152657,93;1,068159549E10;350249
WINFUT;09/03/2023;16:00:00;152289,05;152345,80;152069,14;152310,33;8436325678,00;277159
WINFUT;09/03/2023;15:50:00;151842,14;152324,52;151792,49;152289,05;9441392670,00;310381
WINFUT;09/03/2023;15:40:00;151749,93;152047,86;151728,64;151849,24;9148144474,00;301076
WINFUT;09/03/2023;15:30:00;151707,36;151849,24;151643,52;151742,83;7648838137,00;252015
WINFUT;09/03/2023;15:20:00;151842,14;151891,80;151572,58;151707,36;8580934932,00;282785
WINFUT;09/03/2023;15:10:00;152026,58;152047,86;151835,05;151849,24;5179273067,00;170423
WINFUT;09/03/2023;15:00:00;151870,52;152062,05;151678,99;152033,68;1,029604563E10;338861
WINFUT;09/03/2023;14:50:00;151891,80;151969,83;151835,05;151877,61;4868525150,00;160248
WINFUT;09/03/2023;14:40:00;151820,86;151984,02;151764,11;151891,80;8522289016,00;280569
WINFUT;09/03/2023;14:30:00;151948,55;151962,74;151678,99;151813,77;6777007359,00;223204
WINFUT;09/03/2023;14:20:00;151927,27;151969,83;151771,21;151948,55;7462606857,00;245679
WINFUT;09/03/2023;14:10:00;152090,43;152118,80;151835,05;151934,36;6736743775,00;221601
WINFUT;09/03/2023;14:00:00;152083,33;152147,18;151920,18;152097,52;7473124506,00;245787
WINFUT;09/03/2023;13:50:00;152374,18;152381,27;152062,05;152083,33;6707457825,00;220359
WINFUT;09/03/2023;13:40:00;152338,71;152501,86;152317,43;152374,18;6508111536,00;213503
WINFUT;09/03/2023;13:30:00;151962,74;152388,36;151920,18;152331,61;9260717488,00;304294
WINFUT;09/03/2023;13:20:00;152054,96;152260,68;151955,64;151969,83;8874120605,00;291659
WINFUT;09/03/2023;13:10:00;152132,99;152161,36;151927,27;152062,05;6574139276,00;216205
WINFUT;09/03/2023;13:00:00;152253,58;152317,43;152047,86;152125,89;6474097310,00;212761
WINFUT;09/03/2023;12:50:00;152388,36;152445,11;152175,55;152253,58;8857866456,00;290822
WINFUT;09/03/2023;12:40:00;152140,08;152423,83;152104,61;152381,27;7780082088,00;255482
WINFUT;09/03/2023;12:30:00;151998,21;152352,90;151913,08;152140,08;1,044227593E10;343164
WINFUT;09/03/2023;12:20:00;151494,55;152019,49;151466,17;151998,21;1,038522673E10;342163
WINFUT;09/03/2023;12:10:00;152331,61;152388,36;151466,17;151487,46;1,707815125E10;562281
WINFUT;09/03/2023;12:00:00;152132,99;152608,27;152069,14;152331,61;1,540538628E10;505637
WINFUT;09/03/2023;11:50:00;152920,40;152984,24;152118,80;152125,89;1,525030464E10;499837
WINFUT;09/03/2023;11:40:00;152537,33;152934,58;152402,55;152927,49;1,297710781E10;425073
WINFUT;09/03/2023;11:30:00;152672,12;152679,21;152218,11;152537,33;1,716854643E10;563247
WINFUT;09/03/2023;11:20:00;152842,37;152899,12;152466,40;152672,12;1,179911323E10;386500
WINFUT;09/03/2023;11:10:00;152657,93;152856,55;152551,52;152842,37;1,070206077E10;350377
WINFUT;09/03/2023;11:00:00;152523,15;152792,71;152388,36;152657,93;1,665661168E10;545791
WINFUT;09/03/2023;10:50:00;151991,11;152572,80;151991,11;152523,15;1,258041036E10;413133
WINFUT;09/03/2023;10:40:00;152253,58;152381,27;151884,71;151998,21;1,521740117E10;500242
WINFUT;09/03/2023;10:30:00;152104,61;152537,33;152076,24;152253,58;1,775576824E10;582847
WINFUT;09/03/2023;10:20:00;152331,61;152459,30;151962,74;152111,71;1,392780481E10;457749
WINFUT;09/03/2023;10:10:00;152459,30;152579,90;152154,27;152331,61;1,600465006E10;525099
WINFUT;09/03/2023;10:00:00;152203,93;152487,68;152104,61;152466,40;1,241402257E10;407581
WINFUT;09/03/2023;09:50:00;152296,15;152352,90;152175,55;152196,83;5008733363,00;164481
WINFUT;09/03/2023;09:40:00;152402,55;152423,83;152246,49;152303,24;6002493420,00;197010
WINFUT;09/03/2023;09:30:00;152657,93;152686,30;152359,99;152395,46;7594040852,00;248940
WINFUT;09/03/2023;09:20:00;152913,30;152941,68;152615,36;152665,02;5458486764,00;178667
WINFUT;09/03/2023;09:10:00;152870,74;152977,15;152757,24;152913,30;7477564535,00;244563
WINFUT;09/03/2023;09:00:00;152728,87;153182,87;152615,36;152870,74;1,057613689E10;345892
WINFUT;08/03/2023;18:20:00;153140,30;153225,43;153069,37;153225,43;1651962945,00;53925
WINFUT;08/03/2023;18:10:00;153048,08;153182,87;152998,43;153133,21;4312054565,00;140828
WINFUT;08/03/2023;18:00:00;152828,18;153083,55;152813,99;153048,08;4500665803,00;147149
WINFUT;08/03/2023;17:50:00;152643,74;152899,12;152622,46;152828,18;5736832827,00;187791
WINFUT;08/03/2023;17:40:00;152565,71;152721,77;152544,43;152643,74;6079534417,00;199167
WINFUT;08/03/2023;17:30:00;152473,49;152643,74;152445,11;152565,71;6332158714,00;207540
WINFUT;08/03/2023;17:20:00;152636,65;152636,65;152388,36;152473,49;6500164266,00;213135
WINFUT;08/03/2023;17:10:00;152636,65;152863,65;152586,99;152636,65;6874293844,00;225060
WINFUT;08/03/2023;17:00:00;152359,99;152707,58;152310,33;152629,55;8379726141,00;274715
WINFUT;08/03/2023;16:50:00;152211,02;152430,93;152154,27;152359,99;6192441922,00;203270
WINFUT;08/03/2023;16:40:00;152239,40;152289,05;152182,65;152218,11;3268377167,00;107344
WINFUT;08/03/2023;16:30:00;152317,43;152331,61;152203,93;152239,40;4404791152,00;144635
WINFUT;08/03/2023;16:20:00;152218,11;152331,61;152140,08;152324,52;5272680831,00;173194
WINFUT;08/03/2023;16:10:00;152296,15;152345,80;152196,83;152218,11;5457806688,00;179204
WINFUT;08/03/2023;16:00:00;152040,77;152331,61;151998,21;152289,05;8879327570,00;291708
WINFUT;08/03/2023;15:50:00;152062,05;152132,99;151863,43;152040,77;7431429438,00;244447
WINFUT;08/03/2023;15:40:00;152118,80;152168,46;152040,77;152069,14;4693793107,00;154290
WINFUT;08/03/2023;15:30:00;152069,14;152168,46;152033,68;152118,80;4569884114,00;150227
WINFUT;08/03/2023;15:20:00;152182,65;152232,30;152040,77;152076,24;4437667413,00;145847
WINFUT;08/03/2023;15:10:00;152154,27;152260,68;152090,43;152182,65;5434849865,00;178572
WINFUT;08/03/2023;15:00:00;152090,43;152211,02;151984,02;152147,18;8056817585,00;264844
WINFUT;08/03/2023;14:50:00;152345,80;152367,08;152040,77;152090,43;8589881467,00;282238
WINFUT;08/03/2023;14:40:00;152494,77;152551,52;152317,43;152352,90;5310261046,00;174164
WINFUT;08/03/2023;14:30:00;152352,90;152508,96;152239,40;152494,77;5835202389,00;191464
WINFUT;08/03/2023;14:20:00;152374,18;152445,11;152331,61;152352,90;3890111118,00;127640
WINFUT;08/03/2023;14:10:00;152352,90;152416,74;152239,40;152367,08;5594748079,00;183644
WINFUT;08/03/2023;14:00:00;152473,49;152565,71;152338,71;152352,90;5125585850,00;168119
WINFUT;08/03/2023;13:50:00;152579,90;152636,65;152473,49;152473,49;4628821105,00;151702
WINFUT;08/03/2023;13:40:00;152374,18;152594,08;152324,52;152579,90;5630715604,00;184661
WINFUT;08/03/2023;13:30:00;152551,52;152572,80;152281,96;152367,08;8029439695,00;263445
WINFUT;08/03/2023;13:20:00;152629,55;152750,15;152530,24;152544,43;5753502392,00;188465
WINFUT;08/03/2023;13:10:00;152665,02;152750,15;152622,46;152629,55;4242344781,00;138917
WINFUT;08/03/2023;13:00:00;152636,65;152728,87;152508,96;152672,12;5627523121,00;184362
WINFUT;08/03/2023;12:50:00;152523,15;152700,49;152508,96;152636,65;5978136785,00;195862
WINFUT;08/03/2023;12:40:00;152771,43;152799,80;152523,15;152523,15;6126389509,00;200642
WINFUT;08/03/2023;12:30:00;152679,21;153168,68;152622,46;152778,52;1,513217075E10;494873
WINFUT;08/03/2023;12:20:00;152388,36;152863,65;152289,05;152686,30;1,261239568E10;413125
WINFUT;08/03/2023;12:10:00;152508,96;152643,74;152352,90;152388,36;1,077246806E10;353223
WINFUT;08/03/2023;12:00:00;152147,18;152594,08;151870,52;152508,96;1,860767334E10;611118
WINFUT;08/03/2023;11:50:00;151984,02;152345,80;151856,33;152140,08;1,371322821E10;450529
WINFUT;08/03/2023;11:40:00;151735,74;152062,05;151608,05;151984,02;1,165605129E10;383883
WINFUT;08/03/2023;11:30:00;151522,92;152047,86;151430,71;151735,74;1,910653883E10;629451
WINFUT;08/03/2023;11:20:00;151033,45;151551,30;151005,08;151522,92;1,098043947E10;362919
WINFUT;08/03/2023;11:10:00;151111,49;151239,17;150870,30;151033,45;8889627141,00;294274
WINFUT;08/03/2023;11:00:00;151040,55;151310,11;150927,05;151111,49;9365626147,00;309855
WINFUT;08/03/2023;10:50:00;151310,11;151508,74;150997,99;151040,55;1,31953097E10;436133
WINFUT;08/03/2023;10:40:00;151033,45;151423,61;150934,14;151310,11;1,833982861E10;606399
WINFUT;08/03/2023;10:30:00;150274,42;151090,20;150267,33;151040,55;1,983356935E10;658025
WINFUT;08/03/2023;10:20:00;150082,89;150380,83;149941,01;150274,42;1,406714024E10;468246
WINFUT;08/03/2023;10:10:00;150175,11;150224,76;149848,79;150075,80;1,092470512E10;364147
WINFUT;08/03/2023;10:00:00;149841,70;150295,70;149813,33;150175,11;1,430265183E10;476459
WINFUT;08/03/2023;09:50:00;149671,45;149848,79;149607,61;149848,79;5897950367,00;196943
WINFUT;08/03/2023;09:40:00;149813,33;149855,89;149572,14;149671,45;6945638276,00;231991
WINFUT;08/03/2023;09:30:00;149792,04;149948,11;149728,20;149820,42;6937430668,00;231498
WINFUT;08/03/2023;09:20:00;149806,23;149841,70;149628,89;149799,14;7571892686,00;252826
WINFUT;08/03/2023;09:10:00;150146,73;150153,83;149777,86;149813,33;7568734551,00;252299
WINFUT;08/03/2023;09:00:00;150019,05;150153,83;149735,29;150146,73;7841253890,00;261473
WINFUT;07/03/2023;18:20:00;149593,42;149813,33;149529,58;149813,33;796500098,10;26608
WINFUT;07/03/2023;18:10:00;149543,76;149621,79;149451,54;149586,33;2293997479,00;76701
WINFUT;07/03/2023;18:00:00;149522,48;149643,08;149437,36;149543,76;2286219453,00;76440
WINFUT;07/03/2023;17:50:00;149543,76;149614,70;149330,95;149529,58;4784674149,00;160053
WINFUT;07/03/2023;17:40:00;149657,26;149671,45;149472,82;149543,76;4670002560,00;156129
WINFUT;07/03/2023;17:30:00;149309,67;149770,76;149295,48;149657,26;7234867837,00;241857
WINFUT;07/03/2023;17:20:00;149501,20;149536,67;149274,20;149309,67;4968794573,00;166299
WINFUT;07/03/2023;17:10:00;149437,36;149557,95;149387,70;149494,11;4524868853,00;151372
WINFUT;07/03/2023;17:00:00;149033,01;149536,67;149033,01;149437,36;8266013750,00;276744
WINFUT;07/03/2023;16:50:00;149018,82;149203,26;148990,45;149033,01;4716047980,00;158152
WINFUT;07/03/2023;16:40:00;149061,39;149111,04;148990,45;149025,92;4044799863,00;135681
WINFUT;07/03/2023;16:30:00;149146,51;149245,82;149054,29;149061,39;3965411420,00;132956
WINFUT;07/03/2023;16:20:00;149295,48;149295,48;149018,82;149153,61;6953884640,00;233097
WINFUT;07/03/2023;16:10:00;149018,82;149323,86;148933,70;149295,48;8750529435,00;293319
WINFUT;07/03/2023;16:00:00;148727,98;149068,48;148685,42;149018,82;7114107895,00;238895
WINFUT;07/03/2023;15:50:00;148564,82;148813,10;148422,95;148735,07;8030078004,00;270188
WINFUT;07/03/2023;15:40:00;148749,26;148749,26;148472,60;148564,82;5695709302,00;191642
WINFUT;07/03/2023;15:30:00;148791,82;148898,23;148635,76;148742,17;6427769575,00;216034
WINFUT;07/03/2023;15:20:00;148813,10;148841,48;148628,67;148784,73;5480320177,00;184235
WINFUT;07/03/2023;15:10:00;148699,60;148834,39;148678,32;148820,20;4931316243,00;165759
WINFUT;07/03/2023;15:00:00;148770,54;148827,29;148515,17;148699,60;7933813438,00;266860
WINFUT;07/03/2023;14:50:00;148876,95;148954,98;148706,70;148770,54;6159361598,00;206951
WINFUT;07/03/2023;14:40:00;149011,73;149025,92;148855,67;148876,95;4095769157,00;137495
WINFUT;07/03/2023;14:30:00;149061,39;149096,86;148905,32;149004,64;4904437883,00;164558
WINFUT;07/03/2023;14:20:00;149103,95;149373,51;149025,92;149061,39;9465252008,00;317272
WINFUT;07/03/2023;14:10:00;148862,76;149118,14;148827,29;149103,95;4827196905,00;162022
WINFUT;07/03/2023;14:00:00;148891,14;148990,45;148798,92;148862,76;5261309526,00;176689
WINFUT;07/03/2023;13:50:00;149153,61;149189,07;148862,76;148891,14;5152233858,00;172898
WINFUT;07/03/2023;13:40:00;149118,14;149181,98;149011,73;149153,61;4500356234,00;150919
WINFUT;07/03/2023;13:30:00;149103,95;149224,54;149040,10;149118,14;4469211923,00;149833
WINFUT;07/03/2023;13:20:00;149118,14;149181,98;148997,54;149103,95;5336188861,00;178958
WINFUT;07/03/2023;13:10:00;148954,98;149167,79;148926,60;149111,04;6518898281,00;218689
WINFUT;07/03/2023;13:00:00;148657,04;148962,07;148571,92;148954,98;7943565580,00;266940
WINFUT;07/03/2023;12:50:00;149238,73;149252,92;148621,57;148657,04;1,368436213E10;459773
WINFUT;07/03/2023;12:40:00;149494,11;149543,76;149004,64;149238,73;1,328138694E10;445012
WINFUT;07/03/2023;12:30:00;149593,42;149813,33;149465,73;149487,01;1,246909656E10;416678
WINFUT;07/03/2023;12:20:00;149380,61;149827,51;149359,32;149593,42;1,260052954E10;421073
WINFUT;07/03/2023;12:10:00;149153,61;149635,98;149125,23;149380,61;1,405096159E10;470339
WINFUT;07/03/2023;12:00:00;149827,51;149862,98;149061,39;149153,61;2,241123125E10;750131
WINFUT;07/03/2023;11:50:00;150061,61;150139,64;149784,95;149827,51;8315036448,00;277231
WINFUT;07/03/2023;11:40:00;150217,67;150316,98;149891,36;150068,70;1,098504263E10;365970
WINFUT;07/03/2023;11:30:00;150097,08;150373,73;149926,83;150217,67;1,563271343E10;520544
WINFUT;07/03/2023;11:20:00;150267,33;150281,51;150019,05;150097,08;8751798503,00;291413
WINFUT;07/03/2023;11:10:00;150331,17;150522,70;150231,86;150267,33;9122633630,00;303308
WINFUT;07/03/2023;11:00:00;150402,11;150508,52;150068,70;150331,17;1,352887501E10;450028
WINFUT;07/03/2023;10:50:00;150607,83;150806,45;150402,11;150402,11;1,100809847E10;365453
WINFUT;07/03/2023;10:40:00;150217,67;150884,49;150118,36;150607,83;2,087182184E10;693177
WINFUT;07/03/2023;10:30:00;149572,14;150267,33;149536,67;150217,67;1,559996553E10;520182
WINFUT;07/03/2023;10:20:00;149728,20;150040,33;149479,92;149565,04;1,52273151E10;508436
WINFUT;07/03/2023;10:10:00;150125,45;150132,55;149628,89;149728,20;1,5515915E10;517776
WINFUT;07/03/2023;10:00:00;150111,26;150281,51;149969,39;150132,55;1,65192935E10;550207
WINFUT;07/03/2023;09:50:00;149955,20;150175,11;149919,73;150111,26;6755658840,00;225079
WINFUT;07/03/2023;09:40:00;150019,05;150040,33;149912,64;149962,30;4094980919,00;136517
WINFUT;07/03/2023;09:30:00;149912,64;150054,51;149813,33;150026,14;6781204148,00;226105
WINFUT;07/03/2023;09:20:00;150132,55;150168,01;149855,89;149912,64;7138787645,00;237972
WINFUT;07/03/2023;09:10:00;150238,95;150529,80;149997,76;150132,55;1,018952143E10;339099
WINFUT;07/03/2023;09:00:00;150465,95;150636,20;150068,70;150246,05;7361155029,00;244915
WINFUT;06/03/2023;18:20:00;150430,48;150444,67;150189,30;150359,55;1125742465,00;37434
WINFUT;06/03/2023;18:10:00;150373,73;150558,17;150267,33;150430,48;3689956061,00;122647
WINFUT;06/03/2023;18:00:00;150586,55;150622,02;150338,26;150373,73;3930215842,00;130585
WINFUT;06/03/2023;17:50:00;150728,42;150770,98;150480,14;150586,55;4317851049,00;143323
WINFUT;06/03/2023;17:40:00;150629,11;150735,52;150558,17;150735,52;4269200711,00;141696
WINFUT;06/03/2023;17:30:00;150664,58;150735,52;150551,08;150622,02;3760466959,00;124830
WINFUT;06/03/2023;17:20:00;150714,23;150728,42;150572,36;150664,58;3316255653,00;110063
WINFUT;06/03/2023;17:10:00;150678,77;150742,61;150572,36;150721,33;5801763192,00;192562
WINFUT;06/03/2023;17:00:00;150373,73;150714,23;150352,45;150678,77;6625014945,00;220023
WINFUT;06/03/2023;16:50:00;150465,95;150536,89;150338,26;150366,64;4947104479,00;164406
WINFUT;06/03/2023;16:40:00;150402,11;150501,42;150359,55;150473,05;3903734923,00;129757
WINFUT;06/03/2023;16:30:00;150331,17;150494,33;150281,51;150402,11;5311118555,00;176580
WINFUT;06/03/2023;16:20:00;150501,42;150508,52;150309,89;150331,17;4201212271,00;139661
WINFUT;06/03/2023;16:10:00;150501,42;150600,73;150345,36;150508,52;7999037241,00;265825
WINFUT;06/03/2023;16:00:00;150288,61;150806,45;150189,30;150501,42;1,197823953E10;397955
WINFUT;06/03/2023;15:50:00;150217,67;150302,80;150118,36;150281,51;5232476204,00;174178
WINFUT;06/03/2023;15:40:00;150132,55;150309,89;150004,86;150217,67;9798684374,00;326223
WINFUT;06/03/2023;15:30:00;150153,83;150231,86;150040,33;150125,45;6736750370,00;224347
WINFUT;06/03/2023;15:20:00;150182,20;150231,86;150068,70;150146,73;5960213838,00;198465
WINFUT;06/03/2023;15:10:00;150281,51;150359,55;150118,36;150182,20;7219184788,00;240261
WINFUT;06/03/2023;15:00:00;150395,02;150522,70;150231,86;150288,61;6334689078,00;210609
WINFUT;06/03/2023;14:50:00;150543,98;150593,64;150359,55;150395,02;5870315416,00;195068
WINFUT;06/03/2023;14:40:00;150451,77;150600,73;150444,67;150543,98;5709102121,00;189636
WINFUT;06/03/2023;14:30:00;150494,33;150501,42;150260,23;150444,67;8654963526,00;287743
WINFUT;06/03/2023;14:20:00;150629,11;150636,20;150480,14;150501,42;4598044722,00;152711
WINFUT;06/03/2023;14:10:00;150657,48;150685,86;150551,08;150622,02;3584606778,00;118997
WINFUT;06/03/2023;14:00:00;150579,45;150685,86;150536,89;150657,48;5098662250,00;169268
WINFUT;06/03/2023;13:50:00;150494,33;150636,20;150480,14;150572,36;4652226189,00;154484
WINFUT;06/03/2023;13:40:00;150586,55;150593,64;150444,67;150494,33;4437385328,00;147418
WINFUT;06/03/2023;13:30:00;150643,30;150700,05;150458,86;150586,55;5958920243,00;197892
WINFUT;06/03/2023;13:20:00;150543,98;150707,14;150508,52;150643,30;6666221792,00;221313
WINFUT;06/03/2023;13:10:00;150543,98;150636,20;150473,05;150551,08;5627669124,00;186894
WINFUT;06/03/2023;13:00:00;150593,64;150614,92;150444,67;150543,98;6758899901,00;224489
WINFUT;06/03/2023;12:50:00;150664,58;150770,98;150522,70;150586,55;7910500115,00;262595
WINFUT;06/03/2023;12:40:00;150536,89;151026,36;150444,67;150671,67;1,3488348E10;447446
WINFUT;06/03/2023;12:30:00;150168,01;150650,39;150125,45;150536,89;1,48117593E10;492510
WINFUT;06/03/2023;12:20:00;149685,64;150274,42;149572,14;150160,92;1,916775662E10;639335
WINFUT;06/03/2023;12:10:00;148720,89;149756,58;148671,23;149685,64;1,730489531E10;580245
WINFUT;06/03/2023;12:00:00;148699,60;148798,92;148437,13;148720,89;1,027112303E10;345530
WINFUT;06/03/2023;11:50:00;148713,79;148806,01;148458,42;148685,42;9877490585,00;332279
WINFUT;06/03/2023;11:40:00;148330,73;148926,60;148323,63;148720,89;1,432860434E10;481935
WINFUT;06/03/2023;11:30:00;148316,54;148472,60;148061,16;148330,73;1,408039362E10;474748
WINFUT;06/03/2023;11:20:00;148281,07;148579,01;148245,60;148316,54;8462464690,00;285088
WINFUT;06/03/2023;11:10:00;148352,01;148557,73;148210,13;148281,07;9800608032,00;330289
WINFUT;06/03/2023;11:00:00;148344,92;148380,38;147990,23;148344,92;1,294919503E10;436925
WINFUT;06/03/2023;10:50:00;148472,60;148678,32;148288,17;148337,82;1,155862766E10;389186
WINFUT;06/03/2023;10:40:00;148536,45;148777,64;148295,26;148479,70;1,621854179E10;545861
WINFUT;06/03/2023;10:30:00;149153,61;149160,70;148373,29;148529,35;1,930689411E10;648824
WINFUT;06/03/2023;10:20:00;149210,36;149366,42;148933,70;149153,61;1,626965201E10;545460
WINFUT;06/03/2023;10:10:00;149274,20;149345,14;149047,20;149210,36;1,251919941E10;419518
WINFUT;06/03/2023;10:00:00;149423,17;149550,86;149238,73;149281,29;1,068656131E10;357645
WINFUT;06/03/2023;09:50:00;149408,98;149494,11;149380,61;149423,17;4000290532,00;133850
WINFUT;06/03/2023;09:40:00;149593,42;149614,70;149366,42;149408,98;5648966712,00;188935
WINFUT;06/03/2023;09:30:00;149572,14;149664,36;149515,39;149586,33;5839162356,00;195175
WINFUT;06/03/2023;09:20:00;149508,29;149706,92;149430,26;149579,23;7064421941,00;236130
WINFUT;06/03/2023;09:10:00;149423,17;149529,58;149231,64;149508,29;7958981333,00;266370
WINFUT;06/03/2023;09:00:00;148685,42;149423,17;148642,85;149423,17;8314961481,00;278848
WINFUT;03/03/2023;18:20:00;148940,79;149096,86;148876,95;148884,04;734181240,90;24648
WINFUT;03/03/2023;18:10:00;149047,20;149075,57;148898,23;148954,98;2394153536,00;80351
WINFUT;03/03/2023;18:00:00;148940,79;149103,95;148848,57;149047,20;2932599761,00;98399
WINFUT;03/03/2023;17:50:00;148884,04;149033,01;148834,39;148940,79;4383358934,00;147156
WINFUT;03/03/2023;17:40:00;148969,17;149025,92;148727,98;148884,04;6730051284,00;226010
WINFUT;03/03/2023;17:30:00;149330,95;149338,04;148905,32;148969,17;6495988147,00;217864
WINFUT;03/03/2023;17:20:00;149224,54;149352,23;149174,89;149323,86;4254586562,00;142518
WINFUT;03/03/2023;17:10:00;149160,70;149238,73;149096,86;149224,54;3531878693,00;118383
WINFUT;03/03/2023;17:00:00;149231,64;149267,11;149033,01;149160,70;4847450319,00;162522
WINFUT;03/03/2023;16:50:00;149338,04;149416,07;149196,17;149231,64;5568703053,00;186502
WINFUT;03/03/2023;16:40:00;149274,20;149387,70;149252,92;149338,04;4528668974,00;151628
WINFUT;03/03/2023;16:30:00;149096,86;149316,76;149075,57;149267,11;5929873206,00;198680
WINFUT;03/03/2023;16:20:00;149139,42;149189,07;149004,64;149089,76;4813075865,00;161399
WINFUT;03/03/2023;16:10:00;149068,48;149224,54;149040,10;149132,32;5981015117,00;200534
WINFUT;03/03/2023;16:00:00;148884,04;149075,57;148763,45;149061,39;6397121979,00;214759
WINFUT;03/03/2023;15:50:00;149004,64;149061,39;148813,10;148884,04;7207644287,00;241964
WINFUT;03/03/2023;15:40:00;149004,64;149075,57;148933,70;149004,64;3705587481,00;124341
WINFUT;03/03/2023;15:30:00;149189,07;149217,45;148784,73;149004,64;9524701211,00;319658
WINFUT;03/03/2023;15:20:00;149416,07;149451,54;149153,61;149189,07;5700834026,00;190918
WINFUT;03/03/2023;15:10:00;149529,58;149579,23;149330,95;149408,98;5875863663,00;196596
WINFUT;03/03/2023;15:00:00;149635,98;149714,01;149494,11;149522,48;6386396802,00;213474
WINFUT;03/03/2023;14:50:00;149550,86;149650,17;149508,29;149635,98;5273965876,00;176294
WINFUT;03/03/2023;14:40:00;149366,42;149579,23;149359,32;149550,86;6209950234,00;207711
WINFUT;03/03/2023;14:30:00;149458,64;149543,76;149274,20;149366,42;6736854938,00;225447
WINFUT;03/03/2023;14:20:00;149394,79;149550,86;149366,42;149465,73;6105099443,00;204228
WINFUT;03/03/2023;14:10:00;149536,67;149593,42;149288,39;149394,79;7273257650,00;243399
WINFUT;03/03/2023;14:00:00;149529,58;149635,98;149451,54;149536,67;6069666556,00;202972
WINFUT;03/03/2023;13:50:00;149593,42;149770,76;149494,11;149529,58;7516271606,00;251187
WINFUT;03/03/2023;13:40:00;149742,39;149777,86;149472,82;149586,33;6026475780,00;201382
WINFUT;03/03/2023;13:30:00;149799,14;149891,36;149699,83;149742,39;6239410528,00;208254
WINFUT;03/03/2023;13:20:00;149756,58;149806,23;149621,79;149799,14;4858894608,00;162265
WINFUT;03/03/2023;13:10:00;149685,64;149763,67;149522,48;149756,58;5546379129,00;185340
WINFUT;03/03/2023;13:00:00;149607,61;149763,67;149607,61;149692,73;4536924947,00;151539
WINFUT;03/03/2023;12:50:00;149565,04;149699,83;149472,82;149600,51;4834194377,00;161578
WINFUT;03/03/2023;12:40:00;149600,51;149728,20;149487,01;149557,95;5873073265,00;196270
WINFUT;03/03/2023;12:30:00;149990,67;149997,76;149515,39;149607,61;9396431347,00;313848
WINFUT;03/03/2023;12:20:00;149479,92;150068,70;149401,89;149990,67;1,289740234E10;430417
WINFUT;03/03/2023;12:10:00;149430,26;149671,45;149423,17;149472,82;8075477727,00;270026
WINFUT;03/03/2023;12:00:00;149820,42;149827,51;149224,54;149430,26;1,539158974E10;514939
WINFUT;03/03/2023;11:50:00;149607,61;149848,79;149444,45;149813,33;1,196056959E10;399661
WINFUT;03/03/2023;11:40:00;149494,11;149891,36;149437,36;149607,61;1,597328875E10;533356
WINFUT;03/03/2023;11:30:00;148983,35;149721,11;148891,14;149494,11;1,855924345E10;621617
WINFUT;03/03/2023;11:20:00;148791,82;149018,82;148699,60;148983,35;1,118797749E10;375762
WINFUT;03/03/2023;11:10:00;149352,23;149380,61;148727,98;148784,73;1,332930879E10;447133
WINFUT;03/03/2023;11:00:00;148997,54;149508,29;148919,51;149352,23;1,574049901E10;527230
WINFUT;03/03/2023;10:50:00;149203,26;149380,61;148756,35;148990,45;1,661495258E10;557256
WINFUT;03/03/2023;10:40:00;149167,79;149274,20;148969,17;149203,26;1,042637477E10;349604
WINFUT;03/03/2023;10:30:00;149018,82;149302,57;148813,10;149167,79;1,350906005E10;453091
WINFUT;03/03/2023;10:20:00;149118,14;149231,64;148855,67;149018,82;1,341451786E10;449972
WINFUT;03/03/2023;10:10:00;149096,86;149181,98;148699,60;149118,14;1,535546252E10;515547
WINFUT;03/03/2023;10:00:00;148919,51;149153,61;148806,01;149096,86;1,43547938E10;481764
WINFUT;03/03/2023;09:50:00;148820,20;149004,64;148770,54;148912,42;5307689902,00;178223
WINFUT;03/03/2023;09:40:00;148635,76;148884,04;148593,20;148820,20;6614192376,00;222340
WINFUT;03/03/2023;09:30:00;148635,76;148784,73;148557,73;148635,76;6721557516,00;226065
WINFUT;03/03/2023;09:20:00;148621,57;148742,17;148529,35;148628,67;6539164703,00;219964
WINFUT;03/03/2023;09:10:00;148451,32;148657,04;148337,82;148628,67;1,001800466E10;337321
WINFUT;03/03/2023;09:00:00;148713,79;149004,64;148437,13;148458,42;8466202913,00;284669
WINFUT;02/03/2023;18:20:00;148266,88;148408,76;148259,79;148259,79;881708520,70;29727
WINFUT;02/03/2023;18:10:00;148401,67;148543,54;148160,48;148266,88;4104072283,00;138319
WINFUT;02/03/2023;18:00:00;148309,45;148486,79;148210,13;148394,57;4742960253,00;159830
WINFUT;02/03/2023;17:50:00;148657,04;148671,23;148259,79;148309,45;8440058251,00;284236
WINFUT;02/03/2023;17:40:00;149288,39;149295,48;148628,67;148657,04;9470370683,00;317968
WINFUT;02/03/2023;17:30:00;149153,61;149387,70;149054,29;149288,39;6493063452,00;217580
WINFUT;02/03/2023;17:20:00;149373,51;149394,79;149132,32;149146,51;5011233924,00;167843
WINFUT;02/03/2023;17:10:00;149458,64;149515,39;149281,29;149366,42;4983377215,00;166781
WINFUT;02/03/2023;17:00:00;149536,67;149593,42;149323,86;149465,73;6224954777,00;208245
WINFUT;02/03/2023;16:50:00;149281,29;149586,33;149189,07;149529,58;7018573281,00;234936
WINFUT;02/03/2023;16:40:00;149196,17;149345,14;149018,82;149288,39;7943188535,00;266210
WINFUT;02/03/2023;16:30:00;149557,95;149600,51;149153,61;149196,17;7399162672,00;247688
WINFUT;02/03/2023;16:20:00;149437,36;149586,33;149401,89;149565,04;4427678197,00;148081
WINFUT;02/03/2023;16:10:00;149543,76;149593,42;149252,92;149444,45;1,024195408E10;342747
WINFUT;02/03/2023;16:00:00;149614,70;149813,33;149487,01;149550,86;9304588229,00;310855
WINFUT;02/03/2023;15:50:00;149565,04;149678,54;149472,82;149621,79;5451008291,00;182214
WINFUT;02/03/2023;15:40:00;149671,45;149806,23;149508,29;149557,95;7125950412,00;238107
WINFUT;02/03/2023;15:30:00;149529,58;150097,08;149494,11;149671,45;1,207086985E10;402902
WINFUT;02/03/2023;15:20:00;149799,14;149827,51;149408,98;149529,58;7802211817,00;260763
WINFUT;02/03/2023;15:10:00;149792,04;149891,36;149728,20;149799,14;5350860366,00;178590
WINFUT;02/03/2023;15:00:00;149862,98;150004,86;149742,39;149792,04;6523303245,00;217636
WINFUT;02/03/2023;14:50:00;149749,48;149976,48;149706,92;149862,98;6795873169,00;226748
WINFUT;02/03/2023;14:40:00;149600,51;149848,79;149579,23;149749,48;5854114861,00;195489
WINFUT;02/03/2023;14:30:00;149387,70;149643,08;149373,51;149593,42;6520972390,00;218022
WINFUT;02/03/2023;14:20:00;149330,95;149515,39;149330,95;149394,79;5314164702,00;177812
WINFUT;02/03/2023;14:10:00;149522,48;149572,14;149267,11;149338,04;6588479297,00;220456
WINFUT;02/03/2023;14:00:00;149543,76;149699,83;149501,20;149522,48;5665227314,00;189362
WINFUT;02/03/2023;13:50:00;149784,95;149799,14;149536,67;149550,86;5607063519,00;187358
WINFUT;02/03/2023;13:40:00;149678,54;149884,26;149671,45;149784,95;5899271470,00;196920
WINFUT;02/03/2023;13:30:00;149820,42;149926,83;149487,01;149671,45;8357192499,00;279137
WINFUT;02/03/2023;13:20:00;149884,26;150004,86;149735,29;149820,42;8381450943,00;279640
WINFUT;02/03/2023;13:10:00;149834,61;150054,51;149728,20;149884,26;8491516487,00;283237
WINFUT;02/03/2023;13:00:00;149855,89;149983,58;149572,14;149834,61;1,032160391E10;344557
WINFUT;02/03/2023;12:50:00;149508,29;149933,92;149458,64;149855,89;8789130847,00;293536
WINFUT;02/03/2023;12:40:00;149515,39;149643,08;149444,45;149501,20;5909585814,00;197587
WINFUT;02/03/2023;12:30:00;149352,23;149621,79;149316,76;149515,39;7239753890,00;242173
WINFUT;02/03/2023;12:20:00;149323,86;149408,98;149061,39;149359,32;1,066120383E10;357208
WINFUT;02/03/2023;12:10:00;149777,86;149784,95;149252,92;149316,76;1,021343863E10;341431
WINFUT;02/03/2023;12:00:00;149607,61;149898,45;149536,67;149777,86;1,17008687E10;390769
WINFUT;02/03/2023;11:50:00;149139,42;149692,73;149132,32;149607,61;1,363121175E10;455922
WINFUT;02/03/2023;11:40:00;149465,73;149465,73;148983,35;149139,42;1,450489061E10;486072
WINFUT;02/03/2023;11:30:00;149848,79;149941,01;149330,95;149465,73;2,337682266E10;781030
WINFUT;02/03/2023;11:20:00;149912,64;150082,89;149678,54;149848,79;1,301988751E10;434416
WINFUT;02/03/2023;11:10:00;150196,39;150281,51;149862,98;149905,54;1,218321915E10;405853
WINFUT;02/03/2023;11:00:00;150473,05;150756,80;150054,51;150196,39;1,419209938E10;471795
WINFUT;02/03/2023;10:50:00;150458,86;150572,36;150224,76;150473,05;1,063906901E10;353724
WINFUT;02/03/2023;10:40:00;150231,86;150650,39;150011,95;150465,95;1,52247455E10;506270
WINFUT;02/03/2023;10:30:00;150465,95;150494,33;149948,11;150231,86;1,666498861E10;554699
WINFUT;02/03/2023;10:20:00;150061,61;150756,80;149997,76;150473,05;2,052180694E10;682230
WINFUT;02/03/2023;10:10:00;149664,36;150139,64;149643,08;150061,61;1,583035501E10;527906
WINFUT;02/03/2023;10:00:00;149834,61;150004,86;149536,67;149671,45;1,499619481E10;500583
WINFUT;02/03/2023;09:50:00;149572,14;149870,08;149479,92;149834,61;6754604631,00;225690
WINFUT;02/03/2023;09:40:00;149692,73;149706,92;149472,82;149572,14;6816671817,00;227837
WINFUT;02/03/2023;09:30:00;149749,48;149862,98;149572,14;149692,73;7392291383,00;246937
WINFUT;02/03/2023;09:20:00;150246,05;150309,89;149685,64;149742,39;1,02368705E10;341413
WINFUT;02/03/2023;09:10:00;150558,17;150572,36;150026,14;150238,95;7566474151,00;251737
WINFUT;02/03/2023;09:00:00;150543,98;150593,64;150011,95;150558,17;8285244656,00;275650
WINFUT;01/03/2023;18:20:00;150281,51;150316,98;150104,17;150104,17;981617086,30;32676
WINFUT;01/03/2023;18:10:00;150118,36;150366,64;150019,05;150274,42;3589648019,00;119490
WINFUT;01/03/2023;18:00:00;150054,51;150139,64;149877,17;150111,26;3450846779,00;115010
WINFUT;01/03/2023;17:50:00;150047,42;150082,89;149799,14;150054,51;6275910871,00;209284
WINFUT;01/03/2023;17:40:00;149699,83;150182,20;149664,36;150047,42;9333161051,00;311163
WINFUT;01/03/2023;17:30:00;149366,42;149728,20;149352,23;149692,73;7140145553,00;238710
WINFUT;01/03/2023;17:20:00;149359,32;149387,70;149203,26;149366,42;4297055133,00;143904
WINFUT;01/03/2023;17:10:00;149380,61;149430,26;149189,07;149359,32;5744816748,00;192396
WINFUT;01/03/2023;17:00:00;149657,26;149728,20;149252,92;149373,51;7857254168,00;262864
WINFUT;01/03/2023;16:50:00;149309,67;149706,92;149281,29;149664,36;8401546365,00;281004
WINFUT;01/03/2023;16:40:00;149416,07;149423,17;149210,36;149309,67;5431228016,00;181913
WINFUT;01/03/2023;16:30:00;149040,10;149444,45;148962,07;149423,17;1,062900067E10;356222
WINFUT;01/03/2023;16:20:00;148848,57;149075,57;148841,48;149040,10;5514666856,00;185095
WINFUT;01/03/2023;16:10:00;148834,39;148940,79;148671,23;148848,57;6978199586,00;234462
WINFUT;01/03/2023;16:00:00;148692,51;148848,57;148614,48;148834,39;5869896150,00;197355
WINFUT;01/03/2023;15:50:00;148876,95;148884,04;148657,04;148692,51;6425438693,00;215968
WINFUT;01/03/2023;15:40:00;148926,60;148940,79;148720,89;148869,85;5402897107,00;181547
WINFUT;01/03/2023;15:30:00;148912,42;148962,07;148791,82;148926,60;4751930862,00;159585
WINFUT;01/03/2023;15:20:00;148912,42;149018,82;148784,73;148905,32;5530082407,00;185717
WINFUT;01/03/2023;15:10:00;148813,10;149153,61;148763,45;148912,42;9302666192,00;312212
WINFUT;01/03/2023;15:00:00;148685,42;148848,57;148550,63;148813,10;7250346338,00;243771
WINFUT;01/03/2023;14:50:00;148635,76;148841,48;148493,88;148678,32;9557801009,00;321532
WINFUT;01/03/2023;14:40:00;148756,35;148876,95;148600,29;148628,67;6716266624,00;225763
WINFUT;01/03/2023;14:30:00;148798,92;148827,29;148600,29;148749,26;7326232668,00;246307
WINFUT;01/03/2023;14:20:00;148806,01;149018,82;148770,54;148798,92;7158841390,00;240387
WINFUT;01/03/2023;14:10:00;148798,92;148954,98;148713,79;148798,92;8165163526,00;274264
WINFUT;01/03/2023;14:00:00;148543,54;148834,39;148252,70;148806,01;1,055498377E10;355345
WINFUT;01/03/2023;13:50:00;149011,73;149082,67;148437,13;148543,54;1,036328595E10;348248
WINFUT;01/03/2023;13:40:00;148635,76;149025,92;148628,67;149011,73;9285338153,00;311972
WINFUT;01/03/2023;13:30:00;148486,79;148642,85;148352,01;148628,67;7381384514,00;248554
WINFUT;01/03/2023;13:20:00;148181,76;148529,35;148174,67;148479,70;6688061194,00;225357
WINFUT;01/03/2023;13:10:00;148373,29;148479,70;148082,45;148181,76;1,137846802E10;383683
WINFUT;01/03/2023;13:00:00;148884,04;148912,42;148316,54;148366,20;9870285912,00;332132
WINFUT;01/03/2023;12:50:00;149025,92;149146,51;148706,70;148891,14;8269722490,00;277604
WINFUT;01/03/2023;12:40:00;149096,86;149401,89;148969,17;149025,92;9401060564,00;315067
WINFUT;01/03/2023;12:30:00;148813,10;149217,45;148685,42;149096,86;1,110122287E10;372657
WINFUT;01/03/2023;12:20:00;149096,86;149203,26;148763,45;148813,10;8607552879,00;288874
WINFUT;01/03/2023;12:10:00;148742,17;149125,23;148685,42;149096,86;1,09597459E10;367978
WINFUT;01/03/2023;12:00:00;149196,17;149302,57;148706,70;148749,26;1,695978743E10;569328
WINFUT;01/03/2023;11:50:00;149359,32;149487,01;149040,10;149189,07;1,348842698E10;452060
WINFUT;01/03/2023;11:40:00;149891,36;149941,01;149196,17;149359,32;1,69382943E10;566397
WINFUT;01/03/2023;11:30:00;150082,89;150274,42;149515,39;149898,45;1,864633977E10;622125
WINFUT;01/03/2023;11:20:00;150281,51;150309,89;149884,26;150075,80;1,267637286E10;422291
WINFUT;01/03/2023;11:10:00;150331,17;150359,55;149969,39;150281,51;1,338616765E10;445686
WINFUT;01/03/2023;11:00:00;150316,98;150714,23;150231,86;150331,17;1,278222526E10;424570
WINFUT;01/03/2023;10:50:00;150423,39;150458,86;150196,39;150324,08;1,031243779E10;342952
WINFUT;01/03/2023;10:40:00;150288,61;150558,17;150033,23;150416,30;1,506945919E10;501248
WINFUT;01/03/2023;10:30:00;150217,67;150331,17;149628,89;150288,61;2,178797875E10;726627
WINFUT;01/03/2023;10:20:00;151210,80;151224,99;150160,92;150224,76;1,740346803E10;577601
WINFUT;01/03/2023;10:10:00;151040,55;151310,11;150551,08;151210,80;1,893956109E10;627512
WINFUT;01/03/2023;10:00:00;150827,73;151373,96;150792,27;151040,55;1,605324064E10;531174
WINFUT;01/03/2023;09:50:00;150934,14;151076,02;150813,55;150834,83;6913456311,00;228994
WINFUT;01/03/2023;09:40:00;150806,45;150969,61;150721,33;150934,14;6583895068,00;218253
WINFUT;01/03/2023;09:30:00;151068,92;151097,30;150756,80;150806,45;1,004978815E10;333009
WINFUT;01/03/2023;09:20:00;151324,30;151359,77;150976,70;151076,02;7742724753,00;256164
WINFUT;01/03/2023;09:10:00;151246,27;151338,49;151026,36;151324,30;6998370728,00;231477
WINFUT;01/03/2023;09:00:00;150898,67;151310,11;150778,08;151239,17;9626588064,00;318694
WINFUT;28/02/2023;18:20:00;150097,08;150175,11;149990,67;150026,14;1907352025,00;63548
WINFUT;28/02/2023;18:10:00;150444,67;150543,98;150054,51;150089,98;4937364511,00;164185
WINFUT;28/02/2023;18:00:00;150756,80;150884,49;150430,48;150437,58;6426211495,00;213272
WINFUT;28/02/2023;17:50:00;151161,14;151246,27;150749,70;150749,70;8300061151,00;274829
WINFUT;28/02/2023;17:40:00;151515,83;151941,46;151068,92;151154,05;9823709336,00;323999
WINFUT;28/02/2023;17:30:00;151657,71;151693,17;151352,67;151515,83;6142007463,00;202709
WINFUT;28/02/2023;17:20:00;151636,42;151806,68;151508,74;151657,71;4864783428,00;160401
WINFUT;28/02/2023;17:10:00;151530,02;151799,58;151494,55;151629,33;7440925667,00;245339
WINFUT;28/02/2023;17:00:00;151700,27;151742,83;151473,27;151522,92;6530622075,00;215382
WINFUT;28/02/2023;16:50:00;151991,11;152033,68;151693,17;151707,36;6545604764,00;215563
WINFUT;28/02/2023;16:40:00;151948,55;152026,58;151813,77;151991,11;5563525432,00;183101
WINFUT;28/02/2023;16:30:00;152274,86;152317,43;151877,61;151948,55;6827671326,00;224527
WINFUT;28/02/2023;16:20:00;152211,02;152303,24;152147,18;152274,86;4313712282,00;141684
WINFUT;28/02/2023;16:10:00;152331,61;152516,05;152168,46;152211,02;7741090762,00;254093
WINFUT;28/02/2023;16:00:00;152019,49;152381,27;151984,02;152338,71;6614679806,00;217322
WINFUT;28/02/2023;15:50:00;151948,55;152047,86;151835,05;152012,39;5067316214,00;166731
WINFUT;28/02/2023;15:40:00;151877,61;152005,30;151842,14;151948,55;4979146659,00;163867
WINFUT;28/02/2023;15:30:00;152019,49;152062,05;151714,46;151870,52;8325675075,00;274131
WINFUT;28/02/2023;15:20:00;152040,77;152083,33;151905,99;152019,49;5823970181,00;191589
WINFUT;28/02/2023;15:10:00;152097,52;152147,18;151934,36;152033,68;5363173718,00;176375
WINFUT;28/02/2023;15:00:00;152338,71;152388,36;152062,05;152097,52;7079175827,00;232547
WINFUT;28/02/2023;14:50:00;152253,58;152494,77;152104,61;152331,61;7821615888,00;256795
WINFUT;28/02/2023;14:40:00;151813,77;152445,11;151686,08;152260,68;1,10748326E10;364013
WINFUT;28/02/2023;14:30:00;151806,68;151877,61;151664,80;151813,77;6127688943,00;201848
WINFUT;28/02/2023;14:20:00;151835,05;151856,33;151686,08;151806,68;4447328466,00;146522
WINFUT;28/02/2023;14:10:00;152168,46;152246,49;151636,42;151835,05;8727916361,00;287231
WINFUT;28/02/2023;14:00:00;151643,52;152274,86;151643,52;152175,55;1,021769977E10;336169
WINFUT;28/02/2023;13:50:00;151366,86;151707,36;151338,49;151636,42;7477417368,00;246713
WINFUT;28/02/2023;13:40:00;151295,92;151373,96;151068,92;151359,77;7796364812,00;257791
WINFUT;28/02/2023;13:30:00;151451,99;151558,39;151239,17;151303,02;6911521196,00;228245
WINFUT;28/02/2023;13:20:00;151629,33;151657,71;151161,14;151459,08;1,007698781E10;332726
WINFUT;28/02/2023;13:10:00;151976,93;152026,58;150962,52;151629,33;1,754777737E10;579407
WINFUT;28/02/2023;13:00:00;151402,33;152019,49;151267,55;151976,93;1,036737593E10;341738
WINFUT;28/02/2023;12:50:00;151757,02;151934,36;151366,86;151402,33;9101128507,00;299955
WINFUT;28/02/2023;12:40:00;151969,83;152047,86;151586,77;151764,11;7955135778,00;262042
WINFUT;28/02/2023;12:30:00;152189,74;152317,43;151920,18;151976,93;7947265307,00;261187
WINFUT;28/02/2023;12:20:00;151856,33;152218,11;151778,30;152189,74;7443737177,00;244817
WINFUT;28/02/2023;12:10:00;151657,71;151962,74;151494,55;151856,33;1,199492942E10;395333
WINFUT;28/02/2023;12:00:00;151948,55;152175,55;151600,96;151650,61;1,435896851E10;472459
WINFUT;28/02/2023;11:50:00;152132,99;152416,74;151913,08;151948,55;1,145397538E10;376461
WINFUT;28/02/2023;11:40:00;151962,74;152331,61;151927,27;152125,89;1,216616105E10;399777
WINFUT;28/02/2023;11:30:00;152494,77;152537,33;151678,99;151962,74;1,966481187E10;646377
WINFUT;28/02/2023;11:20:00;152835,27;152920,40;152487,68;152501,86;1,190731941E10;389978
WINFUT;28/02/2023;11:10:00;153289,27;153331,84;152771,43;152828,18;1,645110371E10;537514
WINFUT;28/02/2023;11:00:00;153310,55;153494,99;153253,80;153289,27;8771402350,00;285953
WINFUT;28/02/2023;10:50:00;153253,80;153530,46;153239,62;153317,65;8093466439,00;263801
WINFUT;28/02/2023;10:40:00;153381,49;153601,40;153182,87;153246,71;1,32504796E10;431998
WINFUT;28/02/2023;10:30:00;152913,30;153438,24;152835,27;153374,40;1,808742335E10;590334
WINFUT;28/02/2023;10:20:00;152714,68;153353,12;152622,46;152906,21;1,973914957E10;645059
WINFUT;28/02/2023;10:10:00;151934,36;152714,68;151884,71;152707,58;1,373295744E10;450904
WINFUT;28/02/2023;10:00:00;152083,33;152140,08;151813,77;151927,27;1,244794186E10;409497
WINFUT;28/02/2023;09:50:00;151927,27;152232,30;151913,08;152083,33;6309439690,00;207399
WINFUT;28/02/2023;09:40:00;152076,24;152175,55;151891,80;151927,27;5921314479,00;194769
WINFUT;28/02/2023;09:30:00;151835,05;152147,18;151813,77;152076,24;6904685322,00;227127
WINFUT;28/02/2023;09:20:00;151998,21;152047,86;151636,42;151827,96;7695978733,00;253472
WINFUT;28/02/2023;09:10:00;151813,77;152196,83;151757,02;151991,11;7256457765,00;238816
WINFUT;28/02/2023;09:00:00;151948,55;152345,80;151742,83;151813,77;8848353715,00;290993
WINFUT;27/02/2023;18:20:00;151927,27;151962,74;151700,27;151700,27;1406788290,00;46323
WINFUT;27/02/2023;18:10:00;151934,36;152062,05;151827,96;151913,08;6831092588,00;224807
WINFUT;27/02/2023;18:00:00;152019,49;152125,89;151891,80;151941,46;4522346039,00;148756
WINFUT;27/02/2023;17:50:00;152083,33;152175,55;151863,43;152019,49;6888077876,00;226585
WINFUT;27/02/2023;17:40:00;152182,65;152296,15;152040,77;152076,24;8425874782,00;276848
WINFUT;27/02/2023;17:30:00;152679,21;152700,49;152125,89;152182,65;7192173534,00;235979
WINFUT;27/02/2023;17:20:00;152622,46;152721,77;152516,05;152672,12;4724614348,00;154779
WINFUT;27/02/2023;17:10:00;152374,18;152665,02;152324,52;152622,46;5448246188,00;178603
WINFUT;27/02/2023;17:00:00;152388,36;152537,33;152338,71;152381,27;4739127012,00;155457
WINFUT;27/02/2023;16:50:00;152303,24;152473,49;152239,40;152388,36;5299958076,00;173915
WINFUT;27/02/2023;16:40:00;152097,52;152317,43;152047,86;152310,33;4599036427,00;151101
WINFUT;27/02/2023;16:30:00;152154,27;152175,55;151955,64;152104,61;5364097471,00;176357
WINFUT;27/02/2023;16:20:00;152331,61;152416,74;151998,21;152147,18;8450314157,00;277683
WINFUT;27/02/2023;16:10:00;152473,49;152594,08;152317,43;152331,61;5567295107,00;182601
WINFUT;27/02/2023;16:00:00;152657,93;152771,43;152402,55;152473,49;5960320427,00;195277
WINFUT;27/02/2023;15:50:00;152551,52;152750,15;152487,68;152665,02;5647330229,00;185015
WINFUT;27/02/2023;15:40:00;152892,02;153026,80;152487,68;152558,61;1,00190581E10;327988
WINFUT;27/02/2023;15:30:00;152516,05;153154,49;152480,58;152892,02;1,446108686E10;473311
WINFUT;27/02/2023;15:20:00;152260,68;152565,71;152175,55;152516,05;1,272330556E10;417552
WINFUT;27/02/2023;15:10:00;152260,68;152331,61;152189,74;152253,58;4149982061,00;136281
WINFUT;27/02/2023;15:00:00;152211,02;152352,90;152132,99;152253,58;6615382194,00;217285
WINFUT;27/02/2023;14:50:00;152416,74;152487,68;152203,93;152203,93;5412228383,00;177690
WINFUT;27/02/2023;14:40:00;152317,43;152473,49;152281,96;152409,65;4756831327,00;156088
WINFUT;27/02/2023;14:30:00;152232,30;152579,90;152225,21;152310,33;7943858408,00;260598
WINFUT;27/02/2023;14:20:00;152367,08;152374,18;152125,89;152225,21;5835849641,00;191687
WINFUT;27/02/2023;14:10:00;152416,74;152438,02;152147,18;152359,99;8105324374,00;266144
WINFUT;27/02/2023;14:00:00;152367,08;152530,24;152175,55;152409,65;1,033122176E10;339031
WINFUT;27/02/2023;13:50:00;152331,61;152452,21;152232,30;152359,99;6231260371,00;204512
WINFUT;27/02/2023;13:40:00;152026,58;152395,46;152012,39;152331,61;6478293386,00;212824
WINFUT;27/02/2023;13:30:00;151884,71;152054,96;151678,99;152026,58;7728085610,00;254435
WINFUT;27/02/2023;13:20:00;152090,43;152125,89;151884,71;151891,80;5203475740,00;171167
WINFUT;27/02/2023;13:10:00;152239,40;152289,05;151877,61;152083,33;8957623396,00;294519
WINFUT;27/02/2023;13:00:00;151735,74;152239,40;151728,64;152232,30;9056640673,00;297956
WINFUT;27/02/2023;12:50:00;151579,67;151735,74;151459,08;151728,64;6633654528,00;218816
WINFUT;27/02/2023;12:40:00;151430,71;151636,42;151324,30;151579,67;1,107705184E10;365622
WINFUT;27/02/2023;12:30:00;152274,86;152338,71;151409,42;151430,71;1,305459155E10;429943
WINFUT;27/02/2023;12:20:00;152608,27;152615,36;152132,99;152267,77;1,020819702E10;335115
WINFUT;27/02/2023;12:10:00;152388,36;152970,05;152352,90;152608,27;1,455887424E10;476834
WINFUT;27/02/2023;12:00:00;152274,86;152388,36;152097,52;152388,36;7995776029,00;262614
WINFUT;27/02/2023;11:50:00;152154,27;152303,24;152019,49;152274,86;7179391796,00;235867
WINFUT;27/02/2023;11:40:00;152033,68;152296,15;151955,64;152154,27;1,131033827E10;371692
WINFUT;27/02/2023;11:30:00;152140,08;152253,58;151693,17;152040,77;1,481176851E10;487261
WINFUT;27/02/2023;11:20:00;151856,33;152225,21;151827,96;152147,18;8681685271,00;285488
WINFUT;27/02/2023;11:10:00;152069,14;152132,99;151636,42;151863,43;1,384453265E10;455906
WINFUT;27/02/2023;11:00:00;152182,65;152388,36;151934,36;152069,14;1,205102512E10;395951
WINFUT;27/02/2023;10:50:00;152501,86;152530,24;152147,18;152182,65;1,262876878E10;414552
WINFUT;27/02/2023;10:40:00;152374,18;152813,99;152189,74;152501,86;1,531121631E10;501862
WINFUT;27/02/2023;10:30:00;152083,33;152594,08;151877,61;152381,27;1,743988947E10;572656
WINFUT;27/02/2023;10:20:00;152218,11;152338,71;152040,77;152083,33;1,123156114E10;369009
WINFUT;27/02/2023;10:10:00;152863,65;152863,65;152211,02;152218,11;1,465037287E10;480464
WINFUT;27/02/2023;10:00:00;152622,46;152913,30;152459,30;152863,65;1,346459372E10;440936
WINFUT;27/02/2023;09:50:00;152984,24;152991,33;152530,24;152629,55;1,059907943E10;347051
WINFUT;27/02/2023;09:40:00;152913,30;153069,37;152892,02;152984,24;5959771701,00;194794
WINFUT;27/02/2023;09:30:00;152785,62;152920,40;152657,93;152913,30;6592196737,00;215725
WINFUT;27/02/2023;09:20:00;152764,33;152870,74;152650,83;152785,62;5546876662,00;181554
WINFUT;27/02/2023;09:10:00;152842,37;152991,33;152714,68;152764,33;6512616754,00;213052
WINFUT;27/02/2023;09:00:00;153161,59;153289,27;152686,30;152849,46;8508559350,00;278211
WINFUT;24/02/2023;18:20:00;152125,89;152501,86;152125,89;152501,86;1005720104,00;33017
WINFUT;24/02/2023;18:10:00;152338,71;152367,08;152097,52;152132,99;2960502585,00;97224
WINFUT;24/02/2023;18:00:00;152402,55;152416,74;152203,93;152345,80;3105821477,00;101956
WINFUT;24/02/2023;17:50:00;152381,27;152409,65;152296,15;152402,55;3467256627,00;113797
WINFUT;24/02/2023;17:40:00;152196,83;152430,93;152154,27;152381,27;4360634116,00;143149
WINFUT;24/02/2023;17:30:00;152352,90;152381,27;152140,08;152196,83;5415607989,00;177873
WINFUT;24/02/2023;17:20:00;152331,61;152430,93;152296,15;152352,90;3696159881,00;121293
WINFUT;24/02/2023;17:10:00;152331,61;152352,90;152232,30;152331,61;3281174454,00;107726
WINFUT;24/02/2023;17:00:00;152367,08;152409,65;152239,40;152338,71;4797967512,00;157494
WINFUT;24/02/2023;16:50:00;152054,96;152416,74;152054,96;152374,18;7404619951,00;243188
WINFUT;24/02/2023;16:40:00;152047,86;152090,43;151962,74;152054,96;3678704918,00;120988
WINFUT;24/02/2023;16:30:00;152040,77;152076,24;151962,74;152040,77;3479822269,00;114446
WINFUT;24/02/2023;16:20:00;152125,89;152168,46;151998,21;152040,77;5496796949,00;180720
WINFUT;24/02/2023;16:10:00;151976,93;152125,89;151884,71;152118,80;5481027744,00;180312
WINFUT;24/02/2023;16:00:00;151849,24;151991,11;151757,02;151976,93;4846428423,00;159537
WINFUT;24/02/2023;15:50:00;151842,14;151934,36;151792,49;151849,24;3377521154,00;111194
WINFUT;24/02/2023;15:40:00;151856,33;151905,99;151778,30;151835,05;3729806831,00;122819
WINFUT;24/02/2023;15:30:00;151806,68;151891,80;151714,46;151856,33;4210166769,00;138666
WINFUT;24/02/2023;15:20:00;151615,14;151877,61;151586,77;151799,58;5889881780,00;194038
WINFUT;24/02/2023;15:10:00;151593,86;151827,96;151551,30;151615,14;8535315802,00;281363
WINFUT;24/02/2023;15:00:00;151991,11;152047,86;151530,02;151593,86;1,30145811E10;428648
WINFUT;24/02/2023;14:50:00;152388,36;152402,55;151870,52;151984,02;1,203085685E10;395566
WINFUT;24/02/2023;14:40:00;152473,49;152537,33;152310,33;152388,36;5484410328,00;179915
WINFUT;24/02/2023;14:30:00;152551,52;152650,83;152466,40;152480,58;4933811253,00;161689
WINFUT;24/02/2023;14:20:00;152494,77;152601,18;152423,83;152558,61;4139746059,00;135723
WINFUT;24/02/2023;14:10:00;152537,33;152615,36;152445,11;152494,77;5023197821,00;164661
WINFUT;24/02/2023;14:00:00;152721,77;152750,15;152487,68;152537,33;5392977680,00;176718
WINFUT;24/02/2023;13:50:00;152700,49;152799,80;152615,36;152721,77;4788344902,00;156772
WINFUT;24/02/2023;13:40:00;152622,46;152813,99;152615,36;152707,58;5912854244,00;193593
WINFUT;24/02/2023;13:30:00;152672,12;152707,58;152565,71;152629,55;5434457595,00;178022
WINFUT;24/02/2023;13:20:00;152487,68;152785,62;152423,83;152665,02;8536113346,00;279622
WINFUT;24/02/2023;13:10:00;152367,08;152508,96;152352,90;152480,58;4753151084,00;155909
WINFUT;24/02/2023;13:00:00;152296,15;152438,02;152246,49;152374,18;4364091453,00;143221
WINFUT;24/02/2023;12:50:00;152352,90;152409,65;152196,83;152303,24;6641826627,00;218041
WINFUT;24/02/2023;12:40:00;152345,80;152530,24;152246,49;152359,99;7617539825,00;249915
WINFUT;24/02/2023;12:30:00;152523,15;152551,52;152239,40;152338,71;1,038997883E10;340934
WINFUT;24/02/2023;12:20:00;152828,18;152892,02;152459,30;152523,15;9786040704,00;320570
WINFUT;24/02/2023;12:10:00;152977,15;153012,62;152735,96;152828,18;8397998332,00;274652
WINFUT;24/02/2023;12:00:00;153111,93;153282,18;152870,74;152977,15;1,249888785E10;408293
WINFUT;24/02/2023;11:50:00;153126,12;153239,62;152892,02;153111,93;1,017438451E10;332314
WINFUT;24/02/2023;11:40:00;153700,71;153721,99;153090,65;153126,12;1,278002412E10;416758
WINFUT;24/02/2023;11:30:00;153487,90;153707,81;153232,52;153693,62;1,585026259E10;516386
WINFUT;24/02/2023;11:20:00;153381,49;153502,09;153253,80;153487,90;9402568965,00;306494
WINFUT;24/02/2023;11:10:00;153956,09;153984,46;153331,84;153381,49;1,336681622E10;434893
WINFUT;24/02/2023;11:00:00;154303,68;154459,75;153913,52;153948,99;1,249075779E10;405088
WINFUT;24/02/2023;10:50:00;154289,49;154544,87;154190,18;154303,68;1,018683648E10;330041
WINFUT;24/02/2023;10:40:00;154119,24;154573,25;153963,18;154296,59;1,655198725E10;536502
WINFUT;24/02/2023;10:30:00;154580,34;154715,12;154097,96;154119,24;2,013885484E10;652260
WINFUT;24/02/2023;10:20:00;154438,46;154771,87;154353,34;154580,34;1,023206241E10;330898
WINFUT;24/02/2023;10:10:00;154651,28;154658,37;154197,28;154438,46;1,368014465E10;443092
WINFUT;24/02/2023;10:00:00;154452,65;154786,06;154388,81;154658,37;1,314761638E10;425201
WINFUT;24/02/2023;09:50:00;154544,87;154594,53;154410,09;154445,56;5255712554,00;170098
WINFUT;24/02/2023;09:40:00;154502,31;154757,68;154466,84;154544,87;7521765378,00;243229
WINFUT;24/02/2023;09:30:00;154459,75;154665,46;154431,37;154495,21;6993784613,00;226254
WINFUT;24/02/2023;09:20:00;154452,65;154516,50;154296,59;154452,65;5347265110,00;173161
WINFUT;24/02/2023;09:10:00;154303,68;154502,31;154275,31;154459,75;7157083101,00;231796
WINFUT;24/02/2023;09:00:00;154076,68;154324,96;153920,62;154303,68;8961925351,00;290757
WINFUT;23/02/2023;18:20:00;155013,06;155126,56;154892,47;154892,47;855540202,10;27596
WINFUT;23/02/2023;18:10:00;154949,22;155098,18;154942,12;155013,06;2419962193,00;78054
WINFUT;23/02/2023;18:00:00;154970,50;155005,97;154906,65;154956,31;1885405227,00;60839
WINFUT;23/02/2023;17:50:00;155069,81;155105,28;154871,18;154970,50;4759216868,00;153546
WINFUT;23/02/2023;17:40:00;155147,84;155261,34;155048,53;155076,90;4054835970,00;130679
WINFUT;23/02/2023;17:30:00;155076,90;155296,81;155020,15;155147,84;6743009089,00;217280
WINFUT;23/02/2023;17:20:00;154935,03;155119,47;154885,37;155076,90;4960071061,00;160003
WINFUT;23/02/2023;17:10:00;154878,28;155020,15;154857,00;154935,03;4414632816,00;142437
WINFUT;23/02/2023;17:00:00;154729,31;154956,31;154729,31;154871,18;4990048073,00;161106
WINFUT;23/02/2023;16:50:00;154885,37;154892,47;154644,18;154729,31;5531161191,00;178740
WINFUT;23/02/2023;16:40:00;154700,93;154956,31;154630,00;154892,47;7023721050,00;226882
WINFUT;23/02/2023;16:30:00;154708,03;154956,31;154665,46;154693,84;9799628503,00;316558
WINFUT;23/02/2023;16:20:00;154559,06;154743,50;154445,56;154708,03;7489693385,00;242271
WINFUT;23/02/2023;16:10:00;154218,56;154630,00;154147,62;154559,06;9348838883,00;302744
WINFUT;23/02/2023;16:00:00;154168,90;154275,31;154119,24;154225,65;4743793209,00;153818
WINFUT;23/02/2023;15:50:00;154168,90;154218,56;154027,03;154168,90;6309036786,00;204654
WINFUT;23/02/2023;15:40:00;153977,37;154197,28;153963,18;154168,90;7302393126,00;236959
WINFUT;23/02/2023;15:30:00;154005,74;154012,84;153856,77;153970,28;4929654479,00;160112
WINFUT;23/02/2023;15:20:00;153899,34;154055,40;153849,68;153998,65;5375261580,00;174565
WINFUT;23/02/2023;15:10:00;153927,71;153941,90;153750,37;153899,34;4651873074,00;151194
WINFUT;23/02/2023;15:00:00;154062,49;154133,43;153842,59;153920,62;6262975318,00;203404
WINFUT;23/02/2023;14:50:00;154055,40;154140,53;153991,56;154069,59;3801595580,00;123372
WINFUT;23/02/2023;14:40:00;153991,56;154147,62;153934,81;154055,40;5727606929,00;185890
WINFUT;23/02/2023;14:30:00;153842,59;154062,49;153800,02;153991,56;5147184363,00;167180
WINFUT;23/02/2023;14:20:00;153821,31;154012,84;153523,37;153842,59;1,020354531E10;331765
WINFUT;23/02/2023;14:10:00;153920,62;154027,03;153757,46;153828,40;7614088183,00;247397
WINFUT;23/02/2023;14:00:00;153885,15;154154,71;153828,40;153920,62;7695459793,00;249854
WINFUT;23/02/2023;13:50:00;153920,62;153977,37;153693,62;153878,06;8210467402,00;266835
WINFUT;23/02/2023;13:40:00;154083,78;154105,06;153821,31;153920,62;1,145054299E10;371833
WINFUT;23/02/2023;13:30:00;154530,68;154658,37;154041,21;154090,87;1,089992717E10;353039
WINFUT;23/02/2023;13:20:00;154594,53;154693,84;154466,84;154523,59;7556487368,00;244443
WINFUT;23/02/2023;13:10:00;154615,81;154786,06;154374,62;154594,53;1,12263587E10;363184
WINFUT;23/02/2023;13:00:00;155005,97;155162,03;154573,25;154615,81;1,055823621E10;340709
WINFUT;23/02/2023;12:50:00;154949,22;155055,62;154786,06;155013,06;9644647504,00;311284
WINFUT;23/02/2023;12:40:00;155715,34;155736,62;154871,18;154949,22;1,337498948E10;430608
WINFUT;23/02/2023;12:30:00;156077,12;156098,41;155679,87;155715,34;8336043346,00;267420
WINFUT;23/02/2023;12:20:00;155977,81;156119,69;155800,47;156070,03;7086025949,00;227151
WINFUT;23/02/2023;12:10:00;155864,31;155999,09;155779,19;155970,72;8291358230,00;265956
WINFUT;23/02/2023;12:00:00;156297,03;156353,78;155807,56;155864,31;1,125089535E10;360437
WINFUT;23/02/2023;11:50:00;156417,63;156580,78;156282,84;156304,13;1,083941399E10;346498
WINFUT;23/02/2023;11:40:00;156133,87;156467,28;155992,00;156417,63;1,112872408E10;356177
WINFUT;23/02/2023;11:30:00;156311,22;156460,19;156055,84;156140,97;1,294318372E10;414125
WINFUT;23/02/2023;11:20:00;156233,19;156375,06;156048,75;156311,22;1,001373864E10;320543
WINFUT;23/02/2023;11:10:00;155906,87;156346,69;155878,50;156233,19;1,279480376E10;409556
WINFUT;23/02/2023;11:00:00;155381,94;155913,97;155339,37;155913,97;1,434822353E10;460857
WINFUT;23/02/2023;10:50:00;154693,84;155608,94;154686,75;155381,94;1,728781157E10;556875
WINFUT;23/02/2023;10:40:00;154402,99;155176,22;154246,93;154693,84;1,950621644E10;629974
WINFUT;23/02/2023;10:30:00;154310,78;154530,68;154154,71;154402,99;1,216404506E10;393983
WINFUT;23/02/2023;10:20:00;154544,87;154601,62;154190,18;154310,78;9374784867,00;303638
WINFUT;23/02/2023;10:10:00;154573,25;154715,12;154360,43;154544,87;1,333695264E10;431486
WINFUT;23/02/2023;10:00:00;154282,40;154580,34;154175,99;154573,25;1,432402908E10;464048
WINFUT;23/02/2023;09:50:00;154523,59;154551,96;154254,03;154282,40;6995214123,00;226558
WINFUT;23/02/2023;09:40:00;154615,81;154700,93;154431,37;154530,68;6837522207,00;221164
WINFUT;23/02/2023;09:30:00;154821,53;154956,31;154509,40;154622,90;9807759534,00;316934
WINFUT;23/02/2023;09:20:00;154700,93;154899,56;154615,81;154828,62;5696109398,00;184042
WINFUT;23/02/2023;09:10:00;154665,46;155027,25;154587,43;154700,93;8156581545,00;263527
WINFUT;23/02/2023;09:00:00;154800,25;154920,84;154580,34;154665,46;7478997277,00;241674
WINFUT;22/02/2023;18:20:00;154211,46;154268,21;153927,71;153927,71;1073433787,00;34825
WINFUT;22/02/2023;18:10:00;154296,59;154332,06;154154,71;154218,56;2282013289,00;73973
WINFUT;22/02/2023;18:00:00;154324,96;154402,99;154218,56;154296,59;3730746079,00;120877
WINFUT;22/02/2023;17:50:00;154346,24;154346,24;154183,09;154317,87;4375907848,00;141836
WINFUT;22/02/2023;17:40:00;154246,93;154353,34;154097,96;154346,24;5703953355,00;184931
WINFUT;22/02/2023;17:30:00;154076,68;154275,31;154012,84;154246,93;5758262121,00;186729
WINFUT;22/02/2023;17:20:00;154027,03;154190,18;153948,99;154083,78;5170235608,00;167774
WINFUT;22/02/2023;17:10:00;153920,62;154069,59;153807,12;154019,93;5171013180,00;167950
WINFUT;22/02/2023;17:00:00;153821,31;154048,31;153778,74;153920,62;5377784333,00;174695
WINFUT;22/02/2023;16:50:00;153963,18;153998,65;153778,74;153821,31;6470310222,00;210230
WINFUT;22/02/2023;16:40:00;153920,62;153984,46;153636,87;153970,28;9251015108,00;300724
WINFUT;22/02/2023;16:30:00;154204,37;154246,93;153736,18;153920,62;1,112733004E10;361381
WINFUT;22/02/2023;16:20:00;154310,78;154346,24;154090,87;154211,46;7622042255,00;247090
WINFUT;22/02/2023;16:10:00;154239,84;154410,09;153849,68;154303,68;1,260337908E10;408919
WINFUT;22/02/2023;16:00:00;154268,21;154530,68;154019,93;154239,84;1,49887716E10;485806
WINFUT;22/02/2023;15:50:00;154402,99;154402,99;154140,53;154275,31;7108342491,00;230419
WINFUT;22/02/2023;15:40:00;154402,99;154466,84;154317,87;154395,90;5370751093,00;173928
WINFUT;22/02/2023;15:30:00;154346,24;154424,28;154197,28;154410,09;7689912612,00;249180
WINFUT;22/02/2023;15:20:00;154509,40;154587,43;154317,87;154346,24;7092397181,00;229571
WINFUT;22/02/2023;15:10:00;154630,00;154700,93;154431,37;154509,40;6975028997,00;225669
WINFUT;22/02/2023;15:00:00;154452,65;154637,09;154367,53;154637,09;6459492602,00;209028
WINFUT;22/02/2023;14:50:00;154679,65;154722,21;154388,81;154459,75;7815362909,00;252878
WINFUT;22/02/2023;14:40:00;154559,06;154835,71;154509,40;154679,65;1,021975232E10;330351
WINFUT;22/02/2023;14:30:00;154424,28;154700,93;154395,90;154559,06;8334606614,00;269628
WINFUT;22/02/2023;14:20:00;154481,03;154622,90;154402,99;154417,18;8055728408,00;260669
WINFUT;22/02/2023;14:10:00;154303,68;154551,96;154147,62;154481,03;1,012813049E10;328144
WINFUT;22/02/2023;14:00:00;154268,21;154374,62;154019,93;154303,68;9407565230,00;305073
WINFUT;22/02/2023;13:50:00;154126,34;154353,34;154062,49;154268,21;7802419352,00;252943
WINFUT;22/02/2023;13:40:00;154069,59;154211,46;153956,09;154126,34;8733452080,00;283407
WINFUT;22/02/2023;13:30:00;153878,06;154119,24;153792,93;154069,59;9194879940,00;298589
WINFUT;22/02/2023;13:20:00;153970,28;154048,31;153792,93;153878,06;8802717285,00;285930
WINFUT;22/02/2023;13:10:00;154402,99;154537,78;153615,59;153970,28;1,717372427E10;557784
WINFUT;22/02/2023;13:00:00;155899,78;155942,34;154346,24;154402,99;1,640808511E10;529714
WINFUT;17/02/2023;18:20:00;157382,38;157474,60;157048,97;157048,97;1247972846,00;39680
WINFUT;17/02/2023;18:10:00;157240,50;157403,66;157205,03;157375,28;2449572355,00;77871
WINFUT;17/02/2023;18:00:00;157283,07;157403,66;157205,03;157247,60;2909677890,00;92485
WINFUT;17/02/2023;17:50:00;157460,41;157495,88;157275,97;157290,16;4616111942,00;146641
WINFUT;17/02/2023;17:40:00;157609,38;157680,32;157424,94;157453,32;3505736024,00;111248
WINFUT;17/02/2023;17:30:00;157566,82;157744,16;157424,94;157616,47;5744014792,00;182238
WINFUT;17/02/2023;17:20:00;157800,91;157815,10;157446,22;157559,72;6548189424,00;207756
WINFUT;17/02/2023;17:10:00;157921,50;157942,79;157744,16;157793,82;3760044445,00;119114
WINFUT;17/02/2023;17:00:00;157942,79;158027,91;157857,66;157914,41;4448357337,00;140824
WINFUT;17/02/2023;16:50:00;157744,16;157949,88;157737,07;157949,88;4086114426,00;129422
WINFUT;17/02/2023;16:40:00;157751,25;157815,10;157687,41;157744,16;3291236369,00;104319
WINFUT;17/02/2023;16:30:00;157765,44;157822,19;157673,22;157751,25;3800397664,00;120455
WINFUT;17/02/2023;16:20:00;157871,85;157928,60;157722,88;157765,44;5289444410,00;167560
WINFUT;17/02/2023;16:10:00;157737,07;157886,04;157602,29;157864,75;7563853008,00;239732
WINFUT;17/02/2023;16:00:00;157715,79;157829,29;157673,22;157737,07;4003360573,00;126900
WINFUT;17/02/2023;15:50:00;157737,07;157822,19;157666,13;157715,79;4771311183,00;151236
WINFUT;17/02/2023;15:40:00;157573,91;157751,25;157545,54;157744,16;4607873084,00;146142
WINFUT;17/02/2023;15:30:00;157694,50;157765,44;157538,44;157573,91;5757800129,00;182631
WINFUT;17/02/2023;15:20:00;157928,60;158013,72;157623,57;157694,50;7372062327,00;233593
WINFUT;17/02/2023;15:10:00;157786,72;157956,97;157765,44;157935,69;5244495459,00;166108
WINFUT;17/02/2023;15:00:00;157850,57;157907,32;157666,13;157786,72;6260506296,00;198382
WINFUT;17/02/2023;14:50:00;157914,41;157956,97;157729,97;157843,47;6321830225,00;200278
WINFUT;17/02/2023;14:40:00;158049,19;158077,57;157900,22;157907,32;4533049193,00;143463
WINFUT;17/02/2023;14:30:00;158113,04;158176,88;158006,63;158049,19;4283109354,00;135467
WINFUT;17/02/2023;14:20:00;157935,69;158148,51;157857,66;158113,04;6572109772,00;208003
WINFUT;17/02/2023;14:10:00;158127,22;158226,54;157921,50;157935,69;8939960624,00;282775
WINFUT;17/02/2023;14:00:00;157808,00;158191,07;157808,00;158120,13;9215753832,00;291633
WINFUT;17/02/2023;13:50:00;157666,13;157850,57;157559,72;157815,10;4965021852,00;157418
WINFUT;17/02/2023;13:40:00;157772,54;157864,75;157538,44;157666,13;7220563612,00;228936
WINFUT;17/02/2023;13:30:00;157517,16;157822,19;157382,38;157765,44;8555176094,00;271426
WINFUT;17/02/2023;13:20:00;157595,19;157680,32;157396,57;157524,25;6557528768,00;208112
WINFUT;17/02/2023;13:10:00;157701,60;157793,82;157581,00;157595,19;4548857214,00;144247
WINFUT;17/02/2023;13:00:00;157552,63;157871,85;157510,07;157694,50;6888208833,00;218365
WINFUT;17/02/2023;12:50:00;157822,19;157850,57;157467,50;157552,63;7937693701,00;251783
WINFUT;17/02/2023;12:40:00;158020,82;158027,91;157687,41;157815,10;8192335145,00;259583
WINFUT;17/02/2023;12:30:00;157850,57;158155,60;157822,19;158020,82;7808001555,00;247078
WINFUT;17/02/2023;12:20:00;158254,91;158262,01;157772,54;157843,47;1,077111243E10;340910
WINFUT;17/02/2023;12:10:00;158113,04;158382,60;157878,94;158254,91;1,447455488E10;457677
WINFUT;17/02/2023;12:00:00;157495,88;158332,94;157453,32;158105,94;1,968132388E10;622980
WINFUT;17/02/2023;11:50:00;157432,03;157517,16;157020,60;157488,78;1,386482582E10;440830
WINFUT;17/02/2023;11:40:00;157510,07;158105,94;157290,16;157432,03;1,90702846E10;604788
WINFUT;17/02/2023;11:30:00;157417,85;157644,85;157297,25;157517,16;1,346310509E10;427419
WINFUT;17/02/2023;11:20:00;157886,04;157964,07;157339,82;157417,85;1,200064219E10;380718
WINFUT;17/02/2023;11:10:00;157602,29;157928,60;157581,00;157886,04;1,036049818E10;328411
WINFUT;17/02/2023;11:00:00;157886,04;158063,38;157538,44;157602,29;1,286927166E10;407817
WINFUT;17/02/2023;10:50:00;157722,88;158006,63;157609,38;157886,04;1,095128708E10;346981
WINFUT;17/02/2023;10:40:00;157630,66;157808,00;157481,69;157722,88;1,278431235E10;405446
WINFUT;17/02/2023;10:30:00;157311,44;157637,75;157169,57;157630,66;9941253233,00;315797
WINFUT;17/02/2023;10:20:00;157361,10;157446,22;157041,88;157318,53;1,278862648E10;406797
WINFUT;17/02/2023;10:10:00;157545,54;157637,75;157283,07;157368,19;1,535358124E10;487603
WINFUT;17/02/2023;10:00:00;157793,82;158006,63;157403,66;157545,54;1,624241403E10;515008
WINFUT;17/02/2023;09:50:00;157708,69;157822,19;157602,29;157793,82;5672950173,00;179848
WINFUT;17/02/2023;09:40:00;157659,04;157893,13;157651,94;157701,60;6521001300,00;206656
WINFUT;17/02/2023;09:30:00;157878,94;157900,22;157651,94;157659,04;6612044752,00;209566
WINFUT;17/02/2023;09:20:00;157595,19;157935,69;157581,00;157886,04;9203752207,00;291715
WINFUT;17/02/2023;09:10:00;157659,04;157900,22;157524,25;157602,29;7652992217,00;242649
WINFUT;17/02/2023;09:00:00;157829,29;157829,29;157396,57;157659,04;8607479623,00;273123
WINFUT;16/02/2023;18:20:00;158907,54;159184,20;158801,13;159162,91;1636307323,00;51451
WINFUT;16/02/2023;18:10:00;158701,82;158957,20;158659,26;158900,45;4544310191,00;143064
WINFUT;16/02/2023;18:00:00;158574,13;158779,85;158332,94;158701,82;5319568724,00;167821
WINFUT;16/02/2023;17:50:00;158659,26;158716,01;158559,94;158574,13;4411922179,00;139067
WINFUT;16/02/2023;17:40:00;158425,16;158879,16;158347,13;158666,35;8245605608,00;259884
WINFUT;16/02/2023;17:30:00;158574,13;158602,51;158162,69;158425,16;9339423445,00;294895
WINFUT;16/02/2023;17:20:00;158446,44;158645,07;158347,13;158567,04;6999623850,00;220779
WINFUT;16/02/2023;17:10:00;158751,48;158786,94;158382,60;158439,35;7786913918,00;245544
WINFUT;16/02/2023;17:00:00;159021,04;159091,98;158545,76;158751,48;1,251674278E10;394193
WINFUT;16/02/2023;16:50:00;159177,10;159191,29;158943,01;159028,13;8615450026,00;270845
WINFUT;16/02/2023;16:40:00;159077,79;159262,23;158964,29;159177,10;8872527116,00;278777
WINFUT;16/02/2023;16:30:00;158730,19;159127,45;158623,79;159084,88;1,051600715E10;330985
WINFUT;16/02/2023;16:20:00;158332,94;158829,51;158063,38;158737,29;1,464140601E10;462126
WINFUT;16/02/2023;16:10:00;157808,00;158403,88;157758,35;158340,04;1,340235507E10;423821
WINFUT;16/02/2023;16:00:00;158070,47;158240,72;157800,91;157808,00;8250128456,00;261008
WINFUT;16/02/2023;15:50:00;158212,35;158254,91;158035,01;158063,38;6088737419,00;192516
WINFUT;16/02/2023;15:40:00;158049,19;158318,76;157893,13;158219,44;9839756807,00;311183
WINFUT;16/02/2023;15:30:00;157815,10;158233,63;157680,32;158056,29;1,310766314E10;414911
WINFUT;16/02/2023;15:20:00;157666,13;157886,04;157573,91;157815,10;6530592991,00;207040
WINFUT;16/02/2023;15:10:00;157722,88;157900,22;157517,16;157673,22;1,128196412E10;357730
WINFUT;16/02/2023;15:00:00;157240,50;157942,79;157233,41;157722,88;1,901147035E10;602999
WINFUT;16/02/2023;14:50:00;157190,85;157332,72;156992,22;157233,41;1,074639055E10;341879
WINFUT;16/02/2023;14:40:00;157070,25;157226,32;156935,47;157190,85;5535594834,00;176197
WINFUT;16/02/2023;14:30:00;157084,44;157127,00;156914,19;157077,35;6522650508,00;207706
WINFUT;16/02/2023;14:20:00;156729,75;157183,75;156722,66;157084,44;7398749189,00;235654
WINFUT;16/02/2023;14:10:00;157056,06;157070,25;156715,56;156722,66;7258202128,00;231358
WINFUT;16/02/2023;14:00:00;156892,91;157134,10;156864,53;157056,06;6507898498,00;207231
WINFUT;16/02/2023;13:50:00;157077,35;157084,44;156829,06;156892,91;5991895203,00;190913
WINFUT;16/02/2023;13:40:00;156786,50;157247,60;156765,22;157084,44;9361985521,00;298086
WINFUT;16/02/2023;13:30:00;156779,41;156892,91;156637,53;156779,41;6506389652,00;207513
WINFUT;16/02/2023;13:20:00;156701,38;156814,88;156594,97;156779,41;5611924185,00;179057
WINFUT;16/02/2023;13:10:00;156715,56;156814,88;156566,59;156694,28;6608163374,00;210851
WINFUT;16/02/2023;13:00:00;156772,31;156871,63;156602,06;156722,66;6732715868,00;214745
WINFUT;16/02/2023;12:50:00;156956,75;157056,06;156644,63;156765,22;7416215936,00;236436
WINFUT;16/02/2023;12:40:00;156928,38;156999,31;156673,00;156956,75;8450201235,00;269387
WINFUT;16/02/2023;12:30:00;156829,06;157056,06;156701,38;156928,38;8511462981,00;271262
WINFUT;16/02/2023;12:20:00;156651,72;156992,22;156609,16;156829,06;9558630154,00;304808
WINFUT;16/02/2023;12:10:00;156226,09;156715,56;156169,34;156658,81;9947770026,00;317805
WINFUT;16/02/2023;12:00:00;156488,56;156687,19;156197,72;156219,00;1,211867088E10;387368
WINFUT;16/02/2023;11:50:00;156282,84;156651,72;156240,28;156488,56;9736667797,00;311162
WINFUT;16/02/2023;11:40:00;156779,41;156836,16;156169,34;156282,84;1,528359024E10;488484
WINFUT;16/02/2023;11:30:00;157148,28;157339,82;156566,59;156779,41;1,674953499E10;533592
WINFUT;16/02/2023;11:20:00;157027,69;157524,25;156892,91;157148,28;1,140627539E10;362600
WINFUT;16/02/2023;11:10:00;157304,35;157524,25;156970,94;157027,69;1,085834457E10;345311
WINFUT;16/02/2023;11:00:00;157460,41;157737,07;157297,25;157304,35;1,22289968E10;388122
WINFUT;16/02/2023;10:50:00;156814,88;157474,60;156758,13;157460,41;1,359264164E10;432325
WINFUT;16/02/2023;10:40:00;157056,06;157197,94;156644,63;156821,97;1,596745492E10;508871
WINFUT;16/02/2023;10:30:00;157354,00;157368,19;156708,47;157063,16;1,907622431E10;607730
WINFUT;16/02/2023;10:20:00;157325,63;157453,32;157013,50;157361,10;1,14495343E10;364034
WINFUT;16/02/2023;10:10:00;157361,10;157432,03;157141,19;157318,53;1,175462168E10;373638
WINFUT;16/02/2023;10:00:00;157141,19;157417,85;156999,31;157354,00;1,206174233E10;383730
WINFUT;16/02/2023;09:50:00;157247,60;157283,07;157013,50;157141,19;7707596749,00;245254
WINFUT;16/02/2023;09:40:00;157290,16;157325,63;157119,91;157247,60;5895407121,00;187492
WINFUT;16/02/2023;09:30:00;157290,16;157389,47;157183,75;157290,16;7236164266,00;230053
WINFUT;16/02/2023;09:20:00;157722,88;157751,25;157254,69;157290,16;1,044141796E10;331434
WINFUT;16/02/2023;09:10:00;157878,94;158020,82;157694,50;157722,88;7438263833,00;235659
WINFUT;16/02/2023;09:00:00;158247,82;158595,41;157729,97;157886,04;1,116173678E10;353026
WINFUT;15/02/2023;18:20:00;158340,04;158368,41;158141,41;158141,41;1044947160,00;33014
WINFUT;15/02/2023;18:10:00;158269,10;158396,79;158176,88;158340,04;3062590339,00;96757
WINFUT;15/02/2023;18:00:00;158127,22;158332,94;158056,29;158269,10;3634664290,00;114867
WINFUT;15/02/2023;17:50:00;157992,44;158141,41;157871,85;158120,13;4419197077,00;139868
WINFUT;15/02/2023;17:40:00;157687,41;157999,54;157566,82;157985,35;5643147922,00;178835
WINFUT;15/02/2023;17:30:00;157871,85;157878,94;157588,10;157687,41;6281079913,00;199124
WINFUT;15/02/2023;17:20:00;158035,01;158049,19;157843,47;157878,94;5861804427,00;185564
WINFUT;15/02/2023;17:10:00;158169,79;158240,72;157992,44;158035,01;5502329609,00;173991
WINFUT;15/02/2023;17:00:00;158176,88;158198,16;157907,32;158169,79;7770453863,00;245813
WINFUT;15/02/2023;16:50:00;158276,19;158318,76;158141,41;158176,88;5799728725,00;183246
WINFUT;15/02/2023;16:40:00;158432,26;158517,38;158254,91;158276,19;7060469639,00;222887
WINFUT;15/02/2023;16:30:00;158666,35;158730,19;158389,69;158425,16;6789602948,00;214100
WINFUT;15/02/2023;16:20:00;158864,98;158872,07;158659,26;158673,44;6314167019,00;198871
WINFUT;15/02/2023;16:10:00;158786,94;159042,32;158737,29;158864,98;7715898644,00;242793
WINFUT;15/02/2023;16:00:00;158701,82;158794,04;158616,69;158786,94;4092754894,00;128935
WINFUT;15/02/2023;15:50:00;158673,44;158772,76;158574,13;158694,73;4362675818,00;137475
WINFUT;15/02/2023;15:40:00;158659,26;158843,69;158517,38;158673,44;8296224797,00;261420
WINFUT;15/02/2023;15:30:00;158843,69;158971,38;158588,32;158652,16;9367526163,00;295014
WINFUT;15/02/2023;15:20:00;158687,63;158879,16;158595,41;158843,69;9635359191,00;303516
WINFUT;15/02/2023;15:10:00;158439,35;158716,01;158297,47;158694,73;9354925774,00;295094
WINFUT;15/02/2023;15:00:00;158077,57;158524,48;157956,97;158439,35;1,37377732E10;434085
WINFUT;15/02/2023;14:50:00;157694,50;158091,76;157588,10;158077,57;1,196278925E10;378953
WINFUT;15/02/2023;14:40:00;157148,28;157751,25;157112,82;157687,41;1,194706402E10;379180
WINFUT;15/02/2023;14:30:00;157098,63;157205,03;156963,85;157155,38;6462933910,00;205725
WINFUT;15/02/2023;14:20:00;157190,85;157375,28;157084,44;157105,72;5365198926,00;170632
WINFUT;15/02/2023;14:10:00;157034,78;157240,50;157006,41;157190,85;3742984557,00;119092
WINFUT;15/02/2023;14:00:00;157091,53;157134,10;156942,56;157034,78;4928838929,00;156937
WINFUT;15/02/2023;13:50:00;157169,57;157212,13;157070,25;157091,53;2842551916,00;90456
WINFUT;15/02/2023;13:40:00;157006,41;157261,78;156871,63;157169,57;8055268173,00;256407
WINFUT;15/02/2023;13:30:00;157297,25;157354,00;156970,94;157006,41;7186476872,00;228722
WINFUT;15/02/2023;13:20:00;157148,28;157361,10;157041,88;157304,35;5147091272,00;163709
WINFUT;15/02/2023;13:10:00;157176,66;157268,88;157070,25;157148,28;3755618505,00;119484
WINFUT;15/02/2023;13:00:00;157275,97;157304,35;157070,25;157169,57;4650424382,00;147937
WINFUT;15/02/2023;12:50:00;157112,82;157311,44;157020,60;157275,97;5226384732,00;166283
WINFUT;15/02/2023;12:40:00;157162,47;157361,10;157077,35;157112,82;6737077836,00;214247
WINFUT;15/02/2023;12:30:00;157290,16;157453,32;157091,53;157155,38;6929054371,00;220295
WINFUT;15/02/2023;12:20:00;157332,72;157424,94;157091,53;157290,16;7698178110,00;244751
WINFUT;15/02/2023;12:10:00;156821,97;157346,91;156786,50;157339,82;1,044928652E10;332552
WINFUT;15/02/2023;12:00:00;156751,03;156878,72;156587,88;156821,97;6962298244,00;222063
WINFUT;15/02/2023;11:50:00;156992,22;157020,60;156566,59;156743,94;9250381851,00;295100
WINFUT;15/02/2023;11:40:00;156949,66;157268,88;156829,06;156992,22;1,181248746E10;376055
WINFUT;15/02/2023;11:30:00;156814,88;157162,47;156758,13;156956,75;9940464007,00;316682
WINFUT;15/02/2023;11:20:00;157084,44;157112,82;156743,94;156814,88;9116552522,00;290537
WINFUT;15/02/2023;11:10:00;156169,34;157212,13;156162,25;157077,35;1,552755304E10;495390
WINFUT;15/02/2023;11:00:00;155658,59;156289,94;155559,28;156169,34;1,035442347E10;331903
WINFUT;15/02/2023;10:50:00;156275,75;156580,78;155573,47;155651,50;1,764555501E10;565486
WINFUT;15/02/2023;10:40:00;155119,47;156580,78;155112,37;156275,75;2,425951096E10;777281
WINFUT;15/02/2023;10:30:00;155076,90;155240,06;154651,28;155119,47;1,433867521E10;462557
WINFUT;15/02/2023;10:20:00;155048,53;155183,31;154750,59;155069,81;1,185273884E10;382481
WINFUT;15/02/2023;10:10:00;155147,84;155374,84;154956,31;155041,43;1,026947439E10;330865
WINFUT;15/02/2023;10:00:00;154963,40;155211,68;154942,12;155154,93;9657227025,00;311362
WINFUT;15/02/2023;09:50:00;155084,00;155140,75;154849,90;154963,40;6302221753,00;203320
WINFUT;15/02/2023;09:40:00;155183,31;155247,15;155020,15;155076,90;6080711056,00;195982
WINFUT;15/02/2023;09:30:00;155438,69;155538,00;155076,90;155183,31;9577192783,00;308305
WINFUT;15/02/2023;09:20:00;155715,34;155729,53;155296,81;155445,78;7228650155,00;232533
WINFUT;15/02/2023;09:10:00;155601,84;155807,56;155431,59;155715,34;6006819175,00;192974
WINFUT;15/02/2023;09:00:00;155779,19;155949,44;155438,69;155601,84;6534032091,00;209828
WINFUT;14/02/2023;18:20:00;155275,31;155469,83;155275,31;155289,72;901211299,00;29007
WINFUT;14/02/2023;18:10:00;155332,94;155376,17;155174,44;155282,51;2385234662,00;76812
WINFUT;14/02/2023;18:00:00;155441,01;155498,65;155160,03;155340,15;4282318934,00;137839
WINFUT;14/02/2023;17:50:00;155477,04;155685,97;155347,35;155441,01;5058891353,00;162622
WINFUT;14/02/2023;17:40:00;155678,77;155779,63;155383,38;155477,04;8431532210,00;271015
WINFUT;14/02/2023;17:30:00;155152,83;155808,45;155080,78;155678,77;8156417398,00;262396
WINFUT;14/02/2023;17:20:00;155160,03;155167,24;155059,17;155145,62;3239551537,00;104421
WINFUT;14/02/2023;17:10:00;155073,58;155224,87;155008,73;155167,24;4674972289,00;150701
WINFUT;14/02/2023;17:00:00;155145,62;155174,44;154972,71;155066,37;4985460851,00;160763
WINFUT;14/02/2023;16:50:00;155095,19;155167,24;154987,12;155138,42;5374581824,00;173277
WINFUT;14/02/2023;16:40:00;155304,13;155361,76;155015,94;155095,19;5393529666,00;173748
WINFUT;14/02/2023;16:30:00;155325,74;155376,17;155174,44;155304,13;6126939259,00;197289
WINFUT;14/02/2023;16:20:00;155484,24;155505,86;155304,13;155318,53;5225556634,00;168143
WINFUT;14/02/2023;16:10:00;155332,94;155520,27;155131,21;155484,24;1,021328765E10;328800
WINFUT;14/02/2023;16:00:00;155433,81;155649,95;155311,33;155332,94;9636623641,00;309895
WINFUT;14/02/2023;15:50:00;155527,47;155541,88;155419,40;155426,61;4960930484,00;159530
WINFUT;14/02/2023;15:40:00;155707,59;155743,61;155469,83;155520,27;6809971724,00;218828
WINFUT;14/02/2023;15:30:00;155599,52;155758,02;155527,47;155714,79;6545896670,00;210286
WINFUT;14/02/2023;15:20:00;155714,79;155801,25;155527,47;155592,31;6565747362,00;210928
WINFUT;14/02/2023;15:10:00;155657,15;155887,70;155556,29;155707,59;7988103622,00;256497
WINFUT;14/02/2023;15:00:00;155527,47;155981,37;155441,01;155664,36;1,243824583E10;399325
WINFUT;14/02/2023;14:50:00;155354,56;155693,18;155232,08;155527,47;9374616695,00;301464
WINFUT;14/02/2023;14:40:00;155412,20;155570,70;155311,33;155354,56;1,056665218E10;339904
WINFUT;14/02/2023;14:30:00;155808,45;155887,70;155340,15;155412,20;7833013099,00;251592
WINFUT;14/02/2023;14:20:00;155851,68;155930,93;155750,82;155815,66;4636680840,00;148759
WINFUT;14/02/2023;14:10:00;155664,36;155873,30;155628,34;155858,89;5304238329,00;170236
WINFUT;14/02/2023;14:00:00;155830,07;155902,11;155628,34;155657,15;6528247725,00;209567
WINFUT;14/02/2023;13:50:00;155801,25;155880,50;155498,65;155837,27;7369954471,00;236706
WINFUT;14/02/2023;13:40:00;155671,56;155851,68;155606,72;155801,25;7381941970,00;237008
WINFUT;14/02/2023;13:30:00;155671,56;155685,97;155455,42;155678,77;9173758986,00;294845
WINFUT;14/02/2023;13:20:00;155988,57;156096,64;155642,75;155678,77;8565753462,00;274754
WINFUT;14/02/2023;13:10:00;155887,70;156039,00;155830,07;155995,78;5629838661,00;180520
WINFUT;14/02/2023;13:00:00;155815,66;156053,41;155750,82;155887,70;6465818328,00;207321
WINFUT;14/02/2023;12:50:00;156053,41;156111,05;155700,38;155815,66;1,016227872E10;326029
WINFUT;14/02/2023;12:40:00;156017,39;156219,12;155858,89;156060,62;1,11793409E10;358185
WINFUT;14/02/2023;12:30:00;156615,38;156651,40;155930,93;156010,18;1,492021651E10;477445
WINFUT;14/02/2023;12:20:00;157256,59;157278,21;156564,94;156608,17;1,045095973E10;333073
WINFUT;14/02/2023;12:10:00;157234,98;157443,92;157026,04;157249,39;1,086896267E10;345644
WINFUT;14/02/2023;12:00:00;157451,12;157559,19;157148,52;157234,98;1,088177643E10;345852
WINFUT;14/02/2023;11:50:00;157285,41;157487,14;157105,30;157458,33;1,242076552E10;394819
WINFUT;14/02/2023;11:40:00;156954,00;157422,30;156831,52;157285,41;1,500347321E10;477280
WINFUT;14/02/2023;11:30:00;156788,29;156968,41;156392,03;156946,79;1,732020908E10;552717
WINFUT;14/02/2023;11:20:00;156802,70;157040,45;156709,04;156788,29;1,142161158E10;364019
WINFUT;14/02/2023;11:10:00;156636,99;156817,11;156276,76;156795,49;1,564539263E10;499832
WINFUT;14/02/2023;11:00:00;156990,02;157191,75;156579,35;156636,99;1,482733988E10;472558
WINFUT;14/02/2023;10:50:00;157479,94;157775,33;156946,79;156982,82;1,669300488E10;530649
WINFUT;14/02/2023;10:40:00;156709,04;157487,14;156449,67;157479,94;2,047508678E10;652477
WINFUT;14/02/2023;10:30:00;157162,93;158070,72;156413,65;156709,04;3,242996626E10;1030812
WINFUT;14/02/2023;10:20:00;157263,80;157371,87;156809,90;157162,93;1,156973375E10;368088
WINFUT;14/02/2023;10:10:00;157580,81;157638,44;156954,00;157263,80;1,41341752E10;449375
WINFUT;14/02/2023;10:00:00;157645,65;157854,58;157328,64;157580,81;1,730275577E10;549046
WINFUT;14/02/2023;09:50:00;157710,49;157832,97;157544,78;157652,85;6717974525,00;213001
WINFUT;14/02/2023;09:40:00;157789,74;157804,15;157609,62;157710,49;6155584261,00;195160
WINFUT;14/02/2023;09:30:00;157998,68;158113,95;157768,13;157782,54;7003516045,00;221718
WINFUT;14/02/2023;09:20:00;157890,61;158005,88;157732,10;157998,68;7144254458,00;226266
WINFUT;14/02/2023;09:10:00;158034,70;158049,11;157717,69;157897,81;7743498547,00;245273
WINFUT;14/02/2023;09:00:00;157566,40;158135,57;157436,71;158027,50;1,271699691E10;402969
WINFUT;13/02/2023;18:20:00;157162,93;157278,21;156982,82;157278,21;1602175999,00;50976
WINFUT;13/02/2023;18:10:00;157112,50;157213,37;157062,07;157162,93;2647375628,00;84237
WINFUT;13/02/2023;18:00:00;156939,59;157213,37;156925,18;157119,71;4119906424,00;131151
WINFUT;13/02/2023;17:50:00;156896,36;157011,64;156860,34;156946,79;3120777744,00;99420
WINFUT;13/02/2023;17:40:00;156925,18;156946,79;156831,52;156889,16;2907361716,00;92659
WINFUT;13/02/2023;17:30:00;156932,38;157054,86;156874,75;156932,38;5160157338,00;164374
WINFUT;13/02/2023;17:20:00;156773,88;156961,20;156694,63;156925,18;4861346497,00;154994
WINFUT;13/02/2023;17:10:00;156824,31;156903,56;156730,65;156781,09;3188281223,00;101658
WINFUT;13/02/2023;17:00:00;156831,52;156917,97;156709,04;156824,31;4929744908,00;157179
WINFUT;13/02/2023;16:50:00;156723,45;156896,36;156694,63;156831,52;5064299555,00;161459
WINFUT;13/02/2023;16:40:00;157126,91;157134,11;156622,58;156730,65;8665595885,00;276209
WINFUT;13/02/2023;16:30:00;157004,43;157162,93;156917,97;157126,91;5321089576,00;169402
WINFUT;13/02/2023;16:20:00;157040,45;157098,09;156961,20;157004,43;3143104842,00;100085
WINFUT;13/02/2023;16:10:00;157069,27;157098,09;156968,41;157040,45;3815967098,00;121505
WINFUT;13/02/2023;16:00:00;157026,04;157170,14;157018,84;157069,27;3966144363,00;126229
WINFUT;13/02/2023;15:50:00;157069,27;157198,96;157004,43;157018,84;6755852021,00;215029
WINFUT;13/02/2023;15:40:00;156961,20;157090,89;156932,38;157076,48;4007709000,00;127627
WINFUT;13/02/2023;15:30:00;157018,84;157083,68;156881,95;156961,20;4969612473,00;158289
WINFUT;13/02/2023;15:20:00;156990,02;157047,66;156903,56;157018,84;4288452841,00;136587
WINFUT;13/02/2023;15:10:00;156961,20;157026,04;156874,75;156990,02;5003583721,00;159390
WINFUT;13/02/2023;15:00:00;157062,07;157162,93;156745,06;156954,00;9514382598,00;303095
WINFUT;13/02/2023;14:50:00;157234,98;157285,41;156975,61;157054,86;7497006576,00;238601
WINFUT;13/02/2023;14:40:00;157379,07;157566,40;157227,78;157234,98;8974236802,00;285051
WINFUT;13/02/2023;14:30:00;157343,05;157400,69;157177,34;157386,28;6285995207,00;199846
WINFUT;13/02/2023;14:20:00;157386,28;157422,30;157227,78;157343,05;4706032757,00;149568
WINFUT;13/02/2023;14:10:00;157263,80;157429,51;157198,96;157379,07;6232973340,00;198125
WINFUT;13/02/2023;14:00:00;157234,98;157285,41;157141,32;157271,00;5246666604,00;166871
WINFUT;13/02/2023;13:50:00;156975,61;157256,59;156939,59;157234,98;6249847758,00;198954
WINFUT;13/02/2023;13:40:00;156853,13;157047,66;156817,11;156975,61;5313775684,00;169287
WINFUT;13/02/2023;13:30:00;156910,77;156968,41;156701,83;156853,13;5635842023,00;179668
WINFUT;13/02/2023;13:20:00;156939,59;157062,07;156896,36;156910,77;4059938649,00;129318
WINFUT;13/02/2023;13:10:00;156874,75;156982,82;156845,93;156939,59;3304601269,00;105299
WINFUT;13/02/2023;13:00:00;156917,97;156982,82;156838,72;156874,75;4026758976,00;128322
WINFUT;13/02/2023;12:50:00;156939,59;157105,30;156860,34;156910,77;6736189934,00;214540
WINFUT;13/02/2023;12:40:00;156954,00;157026,04;156881,95;156932,38;4529812349,00;144301
WINFUT;13/02/2023;12:30:00;157119,71;157141,32;156946,79;156961,20;5990641024,00;190741
WINFUT;13/02/2023;12:20:00;156946,79;157170,14;156896,36;157119,71;6302427172,00;200669
WINFUT;13/02/2023;12:10:00;157299,82;157314,23;156874,75;156939,59;9249199256,00;294416
WINFUT;13/02/2023;12:00:00;157321,44;157479,94;157134,11;157299,82;1,404395305E10;446350
WINFUT;13/02/2023;11:50:00;156838,72;157422,30;156680,22;157321,44;1,793094448E10;570889
WINFUT;13/02/2023;11:40:00;156219,12;156853,13;156154,28;156845,93;1,677066572E10;535846
WINFUT;13/02/2023;11:30:00;155786,84;156283,96;155671,56;156226,32;1,987440969E10;637086
WINFUT;13/02/2023;11:20:00;155289,72;155887,70;155282,51;155779,63;1,714834183E10;550990
WINFUT;13/02/2023;11:10:00;155296,92;155505,86;154915,07;155289,72;1,462738864E10;471284
WINFUT;13/02/2023;11:00:00;155232,08;155527,47;155196,06;155296,92;1,219840228E10;392524
WINFUT;13/02/2023;10:50:00;155087,99;155318,53;154871,84;155224,87;9557469929,00;308044
WINFUT;13/02/2023;10:40:00;155167,24;155296,92;154929,48;155087,99;1,2222196E10;393962
WINFUT;13/02/2023;10:30:00;155073,58;155448,22;154857,44;155160,03;1,452222848E10;467987
WINFUT;13/02/2023;10:20:00;155160,03;155188,85;154936,69;155080,78;1,045319413E10;337056
WINFUT;13/02/2023;10:10:00;155239,28;155448,22;154994,32;155160,03;1,566071509E10;504490
WINFUT;13/02/2023;10:00:00;155498,65;155693,18;155174,44;155232,08;1,529071951E10;491802
WINFUT;13/02/2023;09:50:00;155534,68;155628,34;155232,08;155498,65;1,004634363E10;323184
WINFUT;13/02/2023;09:40:00;155671,56;155736,41;155513,06;155541,88;5560681854,00;178650
WINFUT;13/02/2023;09:30:00;155786,84;155916,52;155606,72;155671,56;6594507710,00;211717
WINFUT;13/02/2023;09:20:00;155513,06;155866,09;155513,06;155794,04;8409578190,00;269983
WINFUT;13/02/2023;09:10:00;155332,94;155585,11;155253,69;155520,27;6749718934,00;217107
WINFUT;13/02/2023;09:00:00;155873,30;155887,70;155296,92;155332,94;8008128606,00;257527
WINFUT;10/02/2023;18:20:00;156010,18;156111,05;155700,38;155700,38;934285497,50;29956
WINFUT;10/02/2023;18:10:00;156017,39;156082,23;155779,63;156010,18;2553399387,00;81853
WINFUT;10/02/2023;18:00:00;155909,32;156118,25;155858,89;156017,39;2883623893,00;92421
WINFUT;10/02/2023;17:50:00;156204,71;156219,12;155866,09;155909,32;3670375719,00;117641
WINFUT;10/02/2023;17:40:00;156089,44;156291,17;155981,37;156197,51;4370963113,00;139966
WINFUT;10/02/2023;17:30:00;155858,89;156341,60;155844,48;156082,23;7961872670,00;255007
WINFUT;10/02/2023;17:20:00;155974,16;155981,37;155801,25;155866,09;3869113114,00;124090
WINFUT;10/02/2023;17:10:00;156118,25;156175,89;155959,75;155974,16;4037627863,00;129354
WINFUT;10/02/2023;17:00:00;156010,18;156269,55;155995,78;156111,05;6905089279,00;221152
WINFUT;10/02/2023;16:50:00;155830,07;156031,80;155743,61;156017,39;5783650279,00;185531
WINFUT;10/02/2023;16:40:00;155786,84;155887,70;155750,82;155830,07;3329713319,00;106844
WINFUT;10/02/2023;16:30:00;155621,13;155858,89;155592,31;155794,04;4519630540,00;145102
WINFUT;10/02/2023;16:20:00;155844,48;155844,48;155491,45;155613,93;5889438263,00;189161
WINFUT;10/02/2023;16:10:00;155613,93;155995,78;155606,72;155844,48;6670093874,00;214064
WINFUT;10/02/2023;16:00:00;155599,52;155700,38;155549,08;155621,13;4108495882,00;131999
WINFUT;10/02/2023;15:50:00;155700,38;155729,20;155549,08;155599,52;4884938401,00;156959
WINFUT;10/02/2023;15:40:00;155844,48;155873,30;155592,31;155707,59;6547213312,00;210250
WINFUT;10/02/2023;15:30:00;155822,86;155995,78;155722,00;155844,48;7863296406,00;252253
WINFUT;10/02/2023;15:20:00;155786,84;155894,91;155678,77;155830,07;6072166055,00;194881
WINFUT;10/02/2023;15:10:00;155549,08;155959,75;155455,42;155786,84;1,091013679E10;350277
WINFUT;10/02/2023;15:00:00;155606,72;155606,72;155404,99;155556,29;6329932458,00;203530
WINFUT;10/02/2023;14:50:00;155441,01;155671,56;155412,20;155613,93;6867642284,00;220737
WINFUT;10/02/2023;14:40:00;155462,63;155599,52;155383,38;155433,81;5410867142,00;174003
WINFUT;10/02/2023;14:30:00;155455,42;155707,59;155325,74;155462,63;9098105674,00;292526
WINFUT;10/02/2023;14:20:00;155390,58;155498,65;155332,94;155455,42;4147712151,00;133430
WINFUT;10/02/2023;14:10:00;155455,42;155513,06;155289,72;155390,58;4613738884,00;148452
WINFUT;10/02/2023;14:00:00;155462,63;155563,49;155390,58;155448,22;5837487870,00;187721
WINFUT;10/02/2023;13:50:00;155361,76;155513,06;155217,67;155462,63;5996493788,00;192998
WINFUT;10/02/2023;13:40:00;155477,04;155513,06;155260,90;155368,97;7225713822,00;232520
WINFUT;10/02/2023;13:30:00;155693,18;155729,20;155433,81;155477,04;5692844392,00;182976
WINFUT;10/02/2023;13:20:00;155700,38;155729,20;155513,06;155693,18;5006050580,00;160844
WINFUT;10/02/2023;13:10:00;155714,79;155808,45;155613,93;155693,18;5368382580,00;172380
WINFUT;10/02/2023;13:00:00;155498,65;155794,04;155462,63;155714,79;5960516475,00;191484
WINFUT;10/02/2023;12:50:00;155649,95;155657,15;155354,56;155498,65;7824592285,00;251627
WINFUT;10/02/2023;12:40:00;155628,34;155858,89;155606,72;155649,95;7730055823,00;248212
WINFUT;10/02/2023;12:30:00;155613,93;155729,20;155368,97;155628,34;1,028443997E10;330568
WINFUT;10/02/2023;12:20:00;155700,38;155851,68;155570,70;155613,93;7438261066,00;238844
WINFUT;10/02/2023;12:10:00;155736,41;156053,41;155685,97;155693,18;1,196326985E10;383793
WINFUT;10/02/2023;12:00:00;155786,84;155909,32;155549,08;155729,20;1,11614829E10;358383
WINFUT;10/02/2023;11:50:00;156046,21;156082,23;155621,13;155794,04;1,154687905E10;370488
WINFUT;10/02/2023;11:40:00;155779,63;156103,85;155469,83;156039,00;1,500387583E10;481604
WINFUT;10/02/2023;11:30:00;155815,66;156247,94;155693,18;155779,63;1,704972307E10;546709
WINFUT;10/02/2023;11:20:00;156096,64;156161,48;155815,66;155815,66;7999264667,00;256346
WINFUT;10/02/2023;11:10:00;156356,01;156435,26;156024,59;156103,85;9897200018,00;316757
WINFUT;10/02/2023;11:00:00;156449,67;156593,76;156276,76;156356,01;1,050148331E10;335677
WINFUT;10/02/2023;10:50:00;156608,17;156773,88;156327,19;156449,67;1,260143952E10;402422
WINFUT;10/02/2023;10:40:00;156428,06;156680,22;156269,55;156608,17;1,315095931E10;420148
WINFUT;10/02/2023;10:30:00;155966,96;156514,51;155844,48;156428,06;1,708718418E10;546914
WINFUT;10/02/2023;10:20:00;156103,85;156247,94;155808,45;155959,75;1,549855458E10;496600
WINFUT;10/02/2023;10:10:00;155383,38;156197,51;155318,53;156103,85;1,898685065E10;609091
WINFUT;10/02/2023;10:00:00;154792,59;155642,75;154727,75;155390,58;1,718231535E10;553493
WINFUT;10/02/2023;09:50:00;154547,63;154814,21;154533,22;154792,59;7177559966,00;232004
WINFUT;10/02/2023;09:40:00;154965,51;155015,94;154504,41;154547,63;9588771431,00;309790
WINFUT;10/02/2023;09:30:00;154979,91;155138,42;154785,39;154965,51;1,101393326E10;355403
WINFUT;10/02/2023;09:20:00;154605,27;154987,12;154518,82;154979,91;8118725552,00;262267
WINFUT;10/02/2023;09:10:00;154403,54;154655,70;154353,11;154605,27;7874949462,00;254817
WINFUT;10/02/2023;09:00:00;155116,80;155289,72;154374,72;154410,75;1,275952283E10;412328
WINFUT;09/02/2023;18:20:00;155722,00;155844,48;155700,38;155758,02;1170707209,00;37577
WINFUT;09/02/2023;18:10:00;155880,50;155938,14;155585,11;155722,00;3550063568,00;113970
WINFUT;09/02/2023;18:00:00;156111,05;156283,96;155851,68;155887,70;4633451325,00;148470
WINFUT;09/02/2023;17:50:00;155887,70;156204,71;155887,70;156111,05;5543245464,00;177594
WINFUT;09/02/2023;17:40:00;155995,78;156089,44;155794,04;155887,70;6322716379,00;202722
WINFUT;09/02/2023;17:30:00;155599,52;156010,18;155505,86;155995,78;8172274114,00;262362
WINFUT;09/02/2023;17:20:00;155902,11;155938,14;155585,11;155599,52;7674236203,00;246394
WINFUT;09/02/2023;17:10:00;156082,23;156103,85;155722,00;155902,11;7765960305,00;249122
WINFUT;09/02/2023;17:00:00;156096,64;156175,89;155902,11;156082,23;8111527715,00;259920
WINFUT;09/02/2023;16:50:00;156125,46;156154,28;155981,37;156089,44;4945308908,00;158436
WINFUT;09/02/2023;16:40:00;156183,10;156399,24;156010,18;156118,25;1,053076325E10;337143
WINFUT;09/02/2023;16:30:00;156283,96;156377,62;156075,03;156183,10;6744729052,00;215897
WINFUT;09/02/2023;16:20:00;156175,89;156348,80;156096,64;156283,96;7369322039,00;235837
WINFUT;09/02/2023;16:10:00;156550,54;156557,74;156075,03;156168,69;9114995084,00;291594
WINFUT;09/02/2023;16:00:00;156406,44;156564,94;156103,85;156557,74;1,017595916E10;325422
WINFUT;09/02/2023;15:50:00;156370,42;156428,06;156139,87;156406,44;1,039177209E10;332428
WINFUT;09/02/2023;15:40:00;156600,97;156629,79;156255,14;156370,42;1,101555542E10;352090
WINFUT;09/02/2023;15:30:00;156593,76;156845,93;156478,49;156600,97;8294553365,00;264679
WINFUT;09/02/2023;15:20:00;156644,20;156701,83;156363,21;156586,56;8976629310,00;286713
WINFUT;09/02/2023;15:10:00;156845,93;156932,38;156586,56;156636,99;6912722956,00;220499
WINFUT;09/02/2023;15:00:00;157148,52;157170,14;156701,83;156853,13;9283546462,00;295851
WINFUT;09/02/2023;14:50:00;156896,36;157191,75;156831,52;157148,52;7039189143,00;224096
WINFUT;09/02/2023;14:40:00;157090,89;157155,73;156845,93;156896,36;6816819654,00;217065
WINFUT;09/02/2023;14:30:00;157544,78;157638,44;157011,64;157090,89;1,047057435E10;332867
WINFUT;09/02/2023;14:20:00;157393,48;157717,69;157292,62;157544,78;9053480020,00;287413
WINFUT;09/02/2023;14:10:00;157033,25;157436,71;157004,43;157393,48;8154242231,00;259287
WINFUT;09/02/2023;14:00:00;156874,75;157098,09;156809,90;157026,04;7050490327,00;224590
WINFUT;09/02/2023;13:50:00;157033,25;157090,89;156845,93;156874,75;4656985413,00;148358
WINFUT;09/02/2023;13:40:00;156910,77;157227,78;156845,93;157040,45;9460207408,00;301153
WINFUT;09/02/2023;13:30:00;156665,81;156939,59;156543,33;156910,77;7402432699,00;236143
WINFUT;09/02/2023;13:20:00;156723,45;156838,72;156593,76;156665,81;6600189450,00;210571
WINFUT;09/02/2023;13:10:00;156485,69;156781,09;156435,26;156730,65;6639546915,00;211964
WINFUT;09/02/2023;13:00:00;157062,07;157098,09;156399,24;156485,69;1,099863258E10;351064
WINFUT;09/02/2023;12:50:00;157047,66;157090,89;156795,49;157062,07;7039133495,00;224229
WINFUT;09/02/2023;12:40:00;157141,32;157141,32;156831,52;157047,66;6587926344,00;209837
WINFUT;09/02/2023;12:30:00;156817,11;157256,59;156817,11;157141,32;6593272333,00;209856
WINFUT;09/02/2023;12:20:00;157112,50;157328,64;156817,11;156817,11;9096743558,00;289566
WINFUT;09/02/2023;12:10:00;157126,91;157278,21;156990,02;157105,30;1,009956015E10;321373
WINFUT;09/02/2023;12:00:00;156709,04;157155,73;156579,35;157134,11;1,266352797E10;403616
WINFUT;09/02/2023;11:50:00;157004,43;157242,19;156658,61;156709,04;1,296656832E10;413174
WINFUT;09/02/2023;11:40:00;157746,51;157861,79;156795,49;157004,43;1,832373173E10;582560
WINFUT;09/02/2023;11:30:00;157746,51;158077,93;157537,58;157746,51;1,359034074E10;430625
WINFUT;09/02/2023;11:20:00;157299,82;157775,33;157119,71;157746,51;1,797224103E10;570592
WINFUT;09/02/2023;11:10:00;158344,50;158474,19;157206,16;157299,82;1,9530885E10;618284
WINFUT;09/02/2023;11:00:00;158726,35;158812,81;158272,45;158344,50;1,203983389E10;379688
WINFUT;09/02/2023;10:50:00;158315,68;158755,17;158315,68;158733,55;1,242095286E10;391806
WINFUT;09/02/2023;10:40:00;158121,16;158351,71;157998,68;158322,89;8627160213,00;272706
WINFUT;09/02/2023;10:30:00;158214,82;158459,78;157861,79;158128,36;1,593218147E10;503756
WINFUT;09/02/2023;10:20:00;158647,10;158654,30;158121,16;158214,82;1,3702077E10;432637
WINFUT;09/02/2023;10:10:00;158330,09;158747,96;158265,25;158654,30;1,246313614E10;393083
WINFUT;09/02/2023;10:00:00;158747,96;158747,96;158301,27;158330,09;1,545669541E10;487514
WINFUT;09/02/2023;09:50:00;158690,33;158798,40;158618,28;158740,76;4757193636,00;149870
WINFUT;09/02/2023;09:40:00;158719,14;158776,78;158560,64;158690,33;8224944034,00;259180
WINFUT;09/02/2023;09:30:00;158783,99;158942,49;158654,30;158719,14;7906428562,00;248910
WINFUT;09/02/2023;09:20:00;159252,29;159281,11;158690,33;158791,19;9298435871,00;292515
WINFUT;09/02/2023;09:10:00;159317,13;159547,68;159086,58;159252,29;1,152440729E10;361745
WINFUT;09/02/2023;09:00:00;159720,60;159756,62;159317,13;159317,13;9310186041,00;291900
WINFUT;08/02/2023;18:20:00;158848,83;159137,02;158805,60;159137,02;1385246131,00;43565
WINFUT;08/02/2023;18:10:00;158755,17;158928,08;158632,69;158856,03;3485857909,00;109795
WINFUT;08/02/2023;18:00:00;158546,23;158841,62;158503,00;158762,37;4946735474,00;155808
WINFUT;08/02/2023;17:50:00;158459,78;158575,05;158330,09;158546,23;5078163235,00;160233
WINFUT;08/02/2023;17:40:00;158654,30;158661,51;158358,91;158459,78;5166835708,00;163007
WINFUT;08/02/2023;17:30:00;158654,30;158704,74;158474,19;158661,51;5300740865,00;167115
WINFUT;08/02/2023;17:20:00;158776,78;158877,65;158639,89;158654,30;4111970536,00;129522
WINFUT;08/02/2023;17:10:00;158733,55;158928,08;158683,12;158776,78;4163729340,00;131084
WINFUT;08/02/2023;17:00:00;158884,85;158899,26;158611,07;158740,76;5988624879,00;188601
WINFUT;08/02/2023;16:50:00;158769,58;158971,31;158596,67;158884,85;7084464517,00;223107
WINFUT;08/02/2023;16:40:00;159050,56;159064,97;158755,17;158769,58;6122327682,00;192665
WINFUT;08/02/2023;16:30:00;158834,42;159137,02;158820,01;159057,76;6131905619,00;192823
WINFUT;08/02/2023;16:20:00;159064,97;159201,86;158762,37;158827,22;9898750403,00;311343
WINFUT;08/02/2023;16:10:00;158193,20;159093,79;158171,59;159072,17;1,373420472E10;432827
WINFUT;08/02/2023;16:00:00;158258,05;158351,71;158149,97;158193,20;5239267834,00;165528
WINFUT;08/02/2023;15:50:00;158279,66;158503,00;158214,82;158265,25;7363730840,00;232513
WINFUT;08/02/2023;15:40:00;158157,18;158553,44;158041,90;158279,66;1,255909042E10;396583
WINFUT;08/02/2023;15:30:00;158034,70;158286,86;157782,54;158157,18;1,405456684E10;444621
WINFUT;08/02/2023;15:20:00;157609,62;158186,00;157588,01;158034,70;1,295594809E10;410041
WINFUT;08/02/2023;15:10:00;157472,73;157696,08;157451,12;157609,62;6148292800,00;195086
WINFUT;08/02/2023;15:00:00;157321,44;157710,49;157299,82;157479,94;9339147208,00;296481
WINFUT;08/02/2023;14:50:00;157134,11;157343,05;157090,89;157321,44;5559903267,00;176823
WINFUT;08/02/2023;14:40:00;157069,27;157148,52;156867,54;157134,11;7884200723,00;251093
WINFUT;08/02/2023;14:30:00;157371,87;157443,92;157054,86;157069,27;7151051485,00;227389
WINFUT;08/02/2023;14:20:00;157472,73;157588,01;157335,85;157379,07;6093691155,00;193469
WINFUT;08/02/2023;14:10:00;157292,62;157508,76;157249,39;157472,73;4710936023,00;149669
WINFUT;08/02/2023;14:00:00;157299,82;157501,55;157162,93;157292,62;7807209679,00;248120
WINFUT;08/02/2023;13:50:00;157508,76;157566,40;157090,89;157292,62;1,107885336E10;352075
WINFUT;08/02/2023;13:40:00;156881,95;157753,72;156737,86;157508,76;1,463701248E10;465329
WINFUT;08/02/2023;13:30:00;156723,45;156946,79;156557,74;156874,75;8121196657,00;259040
WINFUT;08/02/2023;13:20:00;157177,34;157242,19;156579,35;156723,45;1,068158175E10;340534
WINFUT;08/02/2023;13:10:00;157112,50;157227,78;157033,25;157184,55;5667622584,00;180343
WINFUT;08/02/2023;13:00:00;157191,75;157249,39;156982,82;157119,71;6501224994,00;206904
WINFUT;08/02/2023;12:50:00;156896,36;157234,98;156802,70;157191,75;7633003495,00;243102
WINFUT;08/02/2023;12:40:00;157227,78;157263,80;156824,31;156903,56;9575171056,00;304928
WINFUT;08/02/2023;12:30:00;157443,92;157494,35;157011,64;157234,98;1,014423113E10;322686
WINFUT;08/02/2023;12:20:00;157328,64;157580,81;157285,41;157451,12;8831090510,00;280476
WINFUT;08/02/2023;12:10:00;157494,35;157624,03;157234,98;157335,85;9068241167,00;288038
WINFUT;08/02/2023;12:00:00;157458,33;157796,95;157371,87;157487,14;1,290468036E10;409516
WINFUT;08/02/2023;11:50:00;157602,42;157861,79;157292,62;157458,33;1,80929142E10;574206
WINFUT;08/02/2023;11:40:00;157213,37;157840,17;157134,11;157602,42;2,085556349E10;662361
WINFUT;08/02/2023;11:30:00;156881,95;157242,19;156536,13;157213,37;1,695412974E10;540399
WINFUT;08/02/2023;11:20:00;156723,45;156917,97;156485,69;156874,75;9662799482,00;308376
WINFUT;08/02/2023;11:10:00;156745,06;156867,54;156442,47;156723,45;1,189968737E10;379881
WINFUT;08/02/2023;11:00:00;156903,56;156961,20;156384,83;156752,27;1,488419265E10;475143
WINFUT;08/02/2023;10:50:00;156932,38;157018,84;156745,06;156896,36;1,009900151E10;321844
WINFUT;08/02/2023;10:40:00;156600,97;157090,89;156507,31;156932,38;1,399159385E10;446144
WINFUT;08/02/2023;10:30:00;156946,79;156997,23;156514,51;156600,97;1,351073222E10;431059
WINFUT;08/02/2023;10:20:00;156766,68;157033,25;156572,15;156939,59;1,706805503E10;544391
WINFUT;08/02/2023;10:10:00;156917,97;157285,41;156730,65;156766,68;1,630196026E10;519088
WINFUT;08/02/2023;10:00:00;156997,23;157040,45;156651,40;156917,97;1,701963413E10;542526
WINFUT;08/02/2023;09:50:00;157126,91;157191,75;156860,34;157004,43;7340716870,00;233746
WINFUT;08/02/2023;09:40:00;157379,07;157443,92;157011,64;157126,91;8585152904,00;273070
WINFUT;08/02/2023;09:30:00;157090,89;157458,33;157033,25;157386,28;1,065843106E10;338854
WINFUT;08/02/2023;09:20:00;156903,56;157141,32;156795,49;157090,89;8327522887,00;265330
WINFUT;08/02/2023;09:10:00;156658,61;156997,23;156593,76;156903,56;1,062255182E10;338668
WINFUT;08/02/2023;09:00:00;156341,60;156802,70;156269,55;156651,40;1,121513485E10;358181
WINFUT;07/02/2023;18:20:00;155592,31;155765,23;155419,40;155765,23;996985423,70;32039
WINFUT;07/02/2023;18:10:00;155613,93;155621,13;155383,38;155592,31;3306663494,00;106327
WINFUT;07/02/2023;18:00:00;155837,27;155858,89;155577,90;155613,93;3522961333,00;113097
WINFUT;07/02/2023;17:50:00;155844,48;156096,64;155837,27;155844,48;4757040321,00;152509
WINFUT;07/02/2023;17:40:00;155714,79;155851,68;155592,31;155844,48;4723654657,00;151676
WINFUT;07/02/2023;17:30:00;156075,03;156089,44;155685,97;155714,79;5725231554,00;183654
WINFUT;07/02/2023;17:20:00;155959,75;156118,25;155873,30;156075,03;4588764774,00;147073
WINFUT;07/02/2023;17:10:00;155657,15;155995,78;155649,95;155959,75;4900588695,00;157198
WINFUT;07/02/2023;17:00:00;155729,20;155945,34;155577,90;155657,15;7270703830,00;233429
WINFUT;07/02/2023;16:50:00;155880,50;155988,57;155700,38;155729,20;4969827016,00;159425
WINFUT;07/02/2023;16:40:00;155894,91;156060,62;155801,25;155873,30;4540103721,00;145589
WINFUT;07/02/2023;16:30:00;155851,68;156211,92;155794,04;155894,91;7793964136,00;249807
WINFUT;07/02/2023;16:20:00;155923,73;155945,34;155678,77;155851,68;6571455535,00;210875
WINFUT;07/02/2023;16:10:00;156118,25;156255,14;155844,48;155923,73;8726571369,00;279689
WINFUT;07/02/2023;16:00:00;155390,58;156197,51;155368,97;156111,05;1,196378239E10;383718
WINFUT;07/02/2023;15:50:00;155210,46;155549,08;155131,21;155397,79;8322993793,00;267805
WINFUT;07/02/2023;15:40:00;155210,46;155368,97;155023,14;155203,26;1,034034955E10;333110
WINFUT;07/02/2023;15:30:00;155174,44;155224,87;154807,00;155217,67;1,470709595E10;474382
WINFUT;07/02/2023;15:20:00;155822,86;155902,11;155138,42;155167,24;1,244896846E10;400007
WINFUT;07/02/2023;15:10:00;156147,07;156204,71;155505,86;155822,86;1,458709741E10;468029
WINFUT;07/02/2023;15:00:00;156449,67;156543,33;156082,23;156147,07;1,326768616E10;424498
WINFUT;07/02/2023;14:50:00;156363,21;156709,04;156168,69;156449,67;1,441672211E10;460646
WINFUT;07/02/2023;14:40:00;155577,90;156420,85;155462,63;156370,42;1,72797921E10;553968
WINFUT;07/02/2023;14:30:00;155541,88;155621,13;155224,87;155577,90;9790248282,00;314881
WINFUT;07/02/2023;14:20:00;155923,73;156168,69;155520,27;155541,88;1,075976213E10;345152
WINFUT;07/02/2023;14:10:00;155707,59;156002,98;155678,77;155930,93;5236451518,00;167966
WINFUT;07/02/2023;14:00:00;155671,56;155801,25;155642,75;155700,38;4421837291,00;141978
WINFUT;07/02/2023;13:50:00;155664,36;155801,25;155563,49;155678,77;5259537688,00;168908
WINFUT;07/02/2023;13:40:00;155729,20;155779,63;155556,29;155664,36;6880477298,00;220999
WINFUT;07/02/2023;13:30:00;155750,82;155974,16;155693,18;155729,20;7181868128,00;230450
WINFUT;07/02/2023;13:20:00;155916,52;156024,59;155743,61;155743,61;5360547264,00;171947
WINFUT;07/02/2023;13:10:00;155974,16;156053,41;155822,86;155916,52;6649354648,00;213217
WINFUT;07/02/2023;13:00:00;155750,82;156046,21;155678,77;155966,96;7419790146,00;238036
WINFUT;07/02/2023;12:50:00;155722,00;155822,86;155577,90;155758,02;6352698652,00;204007
WINFUT;07/02/2023;12:40:00;155794,04;155866,09;155404,99;155722,00;9443073248,00;303360
WINFUT;07/02/2023;12:30:00;155808,45;155923,73;155671,56;155801,25;6473204399,00;207730
WINFUT;07/02/2023;12:20:00;155923,73;156053,41;155678,77;155815,66;9044738880,00;290137
WINFUT;07/02/2023;12:10:00;156118,25;156190,30;155505,86;155923,73;1,551063197E10;497828
WINFUT;07/02/2023;12:00:00;156464,08;156507,31;156017,39;156118,25;1,171710181E10;374915
WINFUT;07/02/2023;11:50:00;156262,35;156651,40;156190,30;156464,08;1,022831298E10;326887
WINFUT;07/02/2023;11:40:00;156838,72;156975,61;155938,14;156262,35;1,885478319E10;602680
WINFUT;07/02/2023;11:30:00;156745,06;157213,37;156673,02;156838,72;1,615935568E10;514815
WINFUT;07/02/2023;11:20:00;156817,11;156997,23;156536,13;156737,86;1,009403216E10;321915
WINFUT;07/02/2023;11:10:00;156579,35;156896,36;156413,65;156817,11;1,300863419E10;415183
WINFUT;07/02/2023;11:00:00;156910,77;157062,07;156449,67;156579,35;1,294006726E10;412650
WINFUT;07/02/2023;10:50:00;156889,16;157018,84;156507,31;156917,97;1,250161959E10;398697
WINFUT;07/02/2023;10:40:00;156428,06;156990,02;156420,85;156881,95;1,281188981E10;408573
WINFUT;07/02/2023;10:30:00;156737,86;156817,11;156276,76;156428,06;1,460292466E10;466334
WINFUT;07/02/2023;10:20:00;156687,42;156766,68;156024,59;156745,06;1,763126677E10;563827
WINFUT;07/02/2023;10:10:00;156550,54;156795,49;156139,87;156687,42;2,002376075E10;639838
WINFUT;07/02/2023;10:00:00;157271,00;157436,71;156528,92;156550,54;2,588626771E10;824060
WINFUT;07/02/2023;09:50:00;157487,14;157530,37;157170,14;157271,00;1,13529489E10;360846
WINFUT;07/02/2023;09:40:00;157638,44;157688,88;157422,30;157494,35;8119247548,00;257670
WINFUT;07/02/2023;09:30:00;157739,31;157746,51;157458,33;157638,44;9006554023,00;285742
WINFUT;07/02/2023;09:20:00;157674,47;157818,56;157458,33;157739,31;8234737049,00;261178
WINFUT;07/02/2023;09:10:00;157840,17;157890,61;157508,76;157674,47;8591866498,00;272440
WINFUT;07/02/2023;09:00:00;157573,60;158063,52;157451,12;157847,38;1,176025562E10;372698
WINFUT;06/02/2023;18:20:00;157393,48;157393,48;157062,07;157062,07;907288911,00;28852
WINFUT;06/02/2023;18:10:00;157177,34;157436,71;157119,71;157393,48;3632628428,00;115492
WINFUT;06/02/2023;18:00:00;157004,43;157263,80;156817,11;157177,34;5090913510,00;162057
WINFUT;06/02/2023;17:50:00;157026,04;157263,80;156997,23;157004,43;4916597620,00;156467
WINFUT;06/02/2023;17:40:00;157033,25;157170,14;156917,97;157018,84;6371799214,00;202854
WINFUT;06/02/2023;17:30:00;156709,04;157126,91;156608,17;157026,04;7903858458,00;251881
WINFUT;06/02/2023;17:20:00;156586,56;156730,65;156420,85;156716,24;6068713906,00;193793
WINFUT;06/02/2023;17:10:00;156716,24;156809,90;156528,92;156593,76;5966633955,00;190415
WINFUT;06/02/2023;17:00:00;156802,70;156954,00;156449,67;156723,45;1,012832306E10;323225
WINFUT;06/02/2023;16:50:00;156896,36;156954,00;156680,22;156809,90;8031899762,00;256082
WINFUT;06/02/2023;16:40:00;157004,43;157062,07;156874,75;156889,16;5072778648,00;161597
WINFUT;06/02/2023;16:30:00;156997,23;157083,68;156881,95;157004,43;6053404991,00;192822
WINFUT;06/02/2023;16:20:00;156845,93;157033,25;156759,47;156997,23;7560542414,00;240913
WINFUT;06/02/2023;16:10:00;156817,11;156903,56;156658,61;156853,13;7216801450,00;230128
WINFUT;06/02/2023;16:00:00;156636,99;156881,95;156528,92;156824,31;9841720686,00;314021
WINFUT;06/02/2023;15:50:00;156269,55;156651,40;156211,92;156636,99;7465965726,00;238651
WINFUT;06/02/2023;15:40:00;156586,56;156723,45;156132,66;156276,76;1,185737295E10;379039
WINFUT;06/02/2023;15:30:00;156392,03;156629,79;156298,37;156586,56;7706112172,00;246268
WINFUT;06/02/2023;15:20:00;156377,62;156615,38;156327,19;156384,83;1,048460647E10;335048
WINFUT;06/02/2023;15:10:00;156031,80;156449,67;155974,16;156384,83;9040979075,00;289415
WINFUT;06/02/2023;15:00:00;156053,41;156125,46;155772,43;156031,80;9266055706,00;297071
WINFUT;06/02/2023;14:50:00;156183,10;156240,73;156002,98;156053,41;5883739439,00;188456
WINFUT;06/02/2023;14:40:00;156118,25;156305,58;155959,75;156183,10;6724628364,00;215343
WINFUT;06/02/2023;14:30:00;155981,37;156190,30;155916,52;156118,25;5762496327,00;184649
WINFUT;06/02/2023;14:20:00;155952,55;156183,10;155945,34;155981,37;5933987506,00;190115
WINFUT;06/02/2023;14:10:00;156125,46;156312,78;155945,34;155952,55;8130904074,00;260390
WINFUT;06/02/2023;14:00:00;156046,21;156197,51;155902,11;156118,25;6957397490,00;222918
WINFUT;06/02/2023;13:50:00;155938,14;156139,87;155887,70;156053,41;7097109866,00;227436
WINFUT;06/02/2023;13:40:00;155873,30;156039,00;155808,45;155945,34;6286087616,00;201574
WINFUT;06/02/2023;13:30:00;156103,85;156197,51;155858,89;155880,50;7995676395,00;256214
WINFUT;06/02/2023;13:20:00;156327,19;156521,72;156082,23;156111,05;8715949444,00;278785
WINFUT;06/02/2023;13:10:00;156096,64;156370,42;155938,14;156334,40;8201238240,00;262676
WINFUT;06/02/2023;13:00:00;155945,34;156356,01;155851,68;156089,44;1,075414903E10;344484
WINFUT;06/02/2023;12:50:00;155743,61;156010,18;155642,75;155945,34;7829161736,00;251159
WINFUT;06/02/2023;12:40:00;155455,42;155830,07;155404,99;155743,61;7669676195,00;246325
WINFUT;06/02/2023;12:30:00;155361,76;155549,08;155239,28;155448,22;8066143535,00;259516
WINFUT;06/02/2023;12:20:00;155253,69;155779,63;155188,85;155354,56;1,23027074E10;395629
WINFUT;06/02/2023;12:10:00;155786,84;155808,45;155210,46;155253,69;1,24861841E10;401575
WINFUT;06/02/2023;12:00:00;155772,43;155923,73;155325,74;155794,04;1,397617149E10;448887
WINFUT;06/02/2023;11:50:00;156226,32;156449,67;155657,15;155772,43;1,58140757E10;506910
WINFUT;06/02/2023;11:40:00;156017,39;156298,37;155779,63;156226,32;1,284407888E10;411656
WINFUT;06/02/2023;11:30:00;155635,54;156211,92;155592,31;156017,39;1,699520387E10;544840
WINFUT;06/02/2023;11:20:00;155628,34;155722,00;155325,74;155642,75;1,476636066E10;474791
WINFUT;06/02/2023;11:10:00;155894,91;155988,57;155491,45;155628,34;1,445558421E10;464260
WINFUT;06/02/2023;11:00:00;156031,80;156233,53;155750,82;155887,70;1,386470575E10;444300
WINFUT;06/02/2023;10:50:00;156327,19;156406,44;155750,82;156039,00;1,621855793E10;519630
WINFUT;06/02/2023;10:40:00;156118,25;156644,20;156024,59;156327,19;1,522273123E10;486689
WINFUT;06/02/2023;10:30:00;156111,05;156334,40;155988,57;156125,46;1,109297177E10;355103
WINFUT;06/02/2023;10:20:00;156046,21;156406,44;156031,80;156111,05;1,405264006E10;449715
WINFUT;06/02/2023;10:10:00;156269,55;156435,26;155613,93;156046,21;1,852153364E10;593636
WINFUT;06/02/2023;10:00:00;156190,30;156831,52;156103,85;156269,55;1,857725913E10;593398
WINFUT;06/02/2023;09:50:00;156183,10;156240,73;155981,37;156190,30;7041623312,00;225485
WINFUT;06/02/2023;09:40:00;156255,14;156341,60;156082,23;156175,89;6036629331,00;193246
WINFUT;06/02/2023;09:30:00;156111,05;156377,62;155966,96;156247,94;8014010987,00;256576
WINFUT;06/02/2023;09:20:00;156017,39;156139,87;155887,70;156118,25;6177843273,00;197991
WINFUT;06/02/2023;09:10:00;156111,05;156197,51;155923,73;156024,59;6353781423,00;203533
WINFUT;06/02/2023;09:00:00;156125,46;156413,65;155786,84;156118,25;1,19301954E10;382294
WINFUT;03/02/2023;18:20:00;156737,86;157026,04;156723,45;156817,11;971326821,60;30968
WINFUT;03/02/2023;18:10:00;156889,16;157011,64;156636,99;156730,65;2904024633,00;92600
WINFUT;03/02/2023;18:00:00;156946,79;157026,04;156680,22;156881,95;4191667205,00;133599
WINFUT;03/02/2023;17:50:00;157076,48;157148,52;156860,34;156946,79;3995259067,00;127229
WINFUT;03/02/2023;17:40:00;156954,00;157177,34;156925,18;157076,48;5736871260,00;182634
WINFUT;03/02/2023;17:30:00;156723,45;157018,84;156701,83;156946,79;5234468287,00;166821
WINFUT;03/02/2023;17:20:00;156766,68;156838,72;156644,20;156716,24;3753499738,00;119727
WINFUT;03/02/2023;17:10:00;156564,94;156817,11;156485,69;156759,47;7166188510,00;228712
WINFUT;03/02/2023;17:00:00;156651,40;156665,81;156291,17;156564,94;7659716591,00;244722
WINFUT;03/02/2023;16:50:00;156917,97;156961,20;156521,72;156651,40;7863350087,00;250889
WINFUT;03/02/2023;16:40:00;156954,00;156975,61;156709,04;156925,18;5639094575,00;179746
WINFUT;03/02/2023;16:30:00;157184,55;157191,75;156745,06;156954,00;9648350332,00;307472
WINFUT;03/02/2023;16:20:00;157479,94;157515,96;157047,66;157177,34;8198224999,00;260636
WINFUT;03/02/2023;16:10:00;157674,47;157688,88;157371,87;157479,94;5974161327,00;189633
WINFUT;03/02/2023;16:00:00;157724,90;157818,56;157551,99;157667,26;6381950970,00;202379
WINFUT;03/02/2023;15:50:00;157667,26;157796,95;157616,83;157717,69;4632720851,00;146877
WINFUT;03/02/2023;15:40:00;157804,15;157876,20;157350,26;157667,26;8880826370,00;281782
WINFUT;03/02/2023;15:30:00;157451,12;157905,02;157307,03;157804,15;9041752155,00;286766
WINFUT;03/02/2023;15:20:00;157688,88;157854,58;157443,92;157451,12;7245731705,00;229779
WINFUT;03/02/2023;15:10:00;157508,76;157746,51;157371,87;157681,67;9833423980,00;312032
WINFUT;03/02/2023;15:00:00;158250,84;158272,45;157487,14;157515,96;1,064066105E10;336967
WINFUT;03/02/2023;14:50:00;158402,14;158632,69;158113,95;158243,64;7994131286,00;252393
WINFUT;03/02/2023;14:40:00;158459,78;158596,67;158344,50;158394,93;4733516777,00;149349
WINFUT;03/02/2023;14:30:00;158524,62;158567,85;158322,89;158459,78;5349458945,00;168799
WINFUT;03/02/2023;14:20:00;158495,80;158762,37;158459,78;158517,41;6649163018,00;209614
WINFUT;03/02/2023;14:10:00;158149,97;158510,21;158142,77;158488,60;6496649378,00;205102
WINFUT;03/02/2023;14:00:00;158337,30;158517,41;158128,36;158157,18;7111574445,00;224527
WINFUT;03/02/2023;13:50:00;158438,16;158690,33;158294,07;158344,50;6084319329,00;191926
WINFUT;03/02/2023;13:40:00;158373,32;158704,74;158294,07;158445,37;6646924564,00;209642
WINFUT;03/02/2023;13:30:00;158697,53;158805,60;158265,25;158358,91;9391565937,00;296247
WINFUT;03/02/2023;13:20:00;158740,76;158964,10;158618,28;158697,53;5984345410,00;188433
WINFUT;03/02/2023;13:10:00;158589,46;158863,24;158517,41;158733,55;6037823625,00;190201
WINFUT;03/02/2023;13:00:00;158733,55;158863,24;158466,98;158589,46;8288145767,00;261181
WINFUT;03/02/2023;12:50:00;159064,97;159151,43;158661,51;158733,55;8874840672,00;279249
WINFUT;03/02/2023;12:40:00;159482,84;159612,53;159036,15;159064,97;8569673725,00;268895
WINFUT;03/02/2023;12:30:00;159237,88;159533,27;159072,17;159482,84;7717536635,00;242195
WINFUT;03/02/2023;12:20:00;159072,17;159396,38;158985,72;159237,88;8184459315,00;257049
WINFUT;03/02/2023;12:10:00;158791,19;159345,95;158567,85;159064,97;1,358880004E10;427261
WINFUT;03/02/2023;12:00:00;159237,88;159273,91;158423,75;158791,19;1,771155081E10;557728
WINFUT;03/02/2023;11:50:00;159763,82;159771,03;159230,68;159252,29;1,031244316E10;323331
WINFUT;03/02/2023;11:40:00;159533,27;159893,51;159223,47;159763,82;1,196978542E10;375148
WINFUT;03/02/2023;11:30:00;158971,31;159691,78;158949,69;159540,48;1,3843621E10;434156
WINFUT;03/02/2023;11:20:00;159216,27;159367,57;158884,85;158971,31;1,03936807E10;326507
WINFUT;03/02/2023;11:10:00;159266,70;159634,14;159043,36;159216,27;1,70653227E10;535437
WINFUT;03/02/2023;11:00:00;158639,89;159425,20;158560,64;159266,70;1,806648312E10;567912
WINFUT;03/02/2023;10:50:00;157890,61;158661,51;157602,42;158639,89;1,531475903E10;484117
WINFUT;03/02/2023;10:40:00;158949,69;159108,20;157861,79;157890,61;2,020555951E10;637793
WINFUT;03/02/2023;10:30:00;158783,99;159036,15;158005,88;158942,49;1,881263521E10;593479
WINFUT;03/02/2023;10:20:00;158783,99;159064,97;158503,00;158791,19;9986962486,00;314498
WINFUT;03/02/2023;10:10:00;158920,88;159072,17;158654,30;158783,99;1,205890602E10;379609
WINFUT;03/02/2023;10:00:00;158466,98;159043,36;158236,43;158913,67;1,413801376E10;445428
WINFUT;03/02/2023;09:50:00;158654,30;158711,94;158351,71;158459,78;7736076547,00;243989
WINFUT;03/02/2023;09:40:00;158531,82;158668,71;158315,68;158647,10;7218353449,00;227705
WINFUT;03/02/2023;09:30:00;158430,96;158719,14;157984,27;158539,03;1,138241085E10;359406
WINFUT;03/02/2023;09:20:00;158387,73;158697,53;158099,54;158438,16;1,204390585E10;379976
WINFUT;03/02/2023;09:10:00;157941,04;158531,82;157854,58;158387,73;9672585203,00;305486
WINFUT;03/02/2023;09:00:00;158286,86;158301,27;157645,65;157941,04;1,206207403E10;381929
WINFUT;02/02/2023;18:20:00;159072,17;159122,61;158942,49;159028,95;983919346,70;30932
WINFUT;02/02/2023;18:10:00;159007,33;159108,20;158820,01;159064,97;3515603225,00;110591
WINFUT;02/02/2023;18:00:00;159158,63;159331,54;158949,69;159000,13;4355046384,00;136781
WINFUT;02/02/2023;17:50:00;159165,84;159302,72;159093,79;159158,63;3898498643,00;122442
WINFUT;02/02/2023;17:40:00;159158,63;159245,09;158956,90;159158,63;5072559223,00;159395
WINFUT;02/02/2023;17:30:00;158920,88;159216,27;158913,67;159158,63;5487389979,00;172485
WINFUT;02/02/2023;17:20:00;159072,17;159137,02;158647,10;158920,88;9665299913,00;304158
WINFUT;02/02/2023;17:10:00;159144,22;159288,31;158913,67;159064,97;6401087988,00;201144
WINFUT;02/02/2023;17:00:00;159252,29;159309,93;158884,85;159144,22;9581619700,00;301157
WINFUT;02/02/2023;16:50:00;159576,50;159605,32;159028,95;159245,09;9948804028,00;312312
WINFUT;02/02/2023;16:40:00;159410,79;159598,12;159331,54;159583,71;5926922288,00;185818
WINFUT;02/02/2023;16:30:00;159432,41;159662,96;159230,68;159410,79;9381640648,00;294171
WINFUT;02/02/2023;16:20:00;160015,99;160044,81;159129,81;159425,20;1,559346975E10;488718
WINFUT;02/02/2023;16:10:00;160448,27;160448,27;159857,48;160008,78;1,125348428E10;351357
WINFUT;02/02/2023;16:00:00;160340,20;160736,46;160311,38;160441,06;8283148147,00;257918
WINFUT;02/02/2023;15:50:00;160786,89;160794,09;160224,92;160340,20;1,169109411E10;364162
WINFUT;02/02/2023;15:40:00;160916,57;160952,60;160714,84;160779,68;6435540744,00;200059
WINFUT;02/02/2023;15:30:00;160902,16;161060,67;160837,32;160909,37;4831346536,00;150086
WINFUT;02/02/2023;15:20:00;160988,62;161082,28;160866,14;160909,37;3900868913,00;121165
WINFUT;02/02/2023;15:10:00;160988,62;161024,64;160822,91;160981,42;5711830637,00;177473
WINFUT;02/02/2023;15:00:00;161024,64;161132,71;160930,98;160988,62;4838601935,00;150231
WINFUT;02/02/2023;14:50:00;160902,16;161118,30;160873,34;161024,64;4830603007,00;150038
WINFUT;02/02/2023;14:40:00;161067,87;161139,92;160858,94;160902,16;5852742664,00;181761
WINFUT;02/02/2023;14:30:00;160815,71;161089,49;160750,87;161075,08;6591361228,00;204751
WINFUT;02/02/2023;14:20:00;160952,60;161003,03;160743,66;160822,91;6723476688,00;208961
WINFUT;02/02/2023;14:10:00;160981,42;161139,92;160851,73;160945,39;7031517324,00;218408
WINFUT;02/02/2023;14:00:00;160916,57;161204,76;160916,57;160974,21;9768386744,00;303250
WINFUT;02/02/2023;13:50:00;160714,84;160923,78;160606,77;160916,57;6199521801,00;192829
WINFUT;02/02/2023;13:40:00;160758,07;160945,39;160628,39;160707,64;7196811817,00;223766
WINFUT;02/02/2023;13:30:00;160671,61;160786,89;160556,34;160765,27;6162093325,00;191767
WINFUT;02/02/2023;13:20:00;160462,68;160729,25;160354,61;160678,82;7552396754,00;235225
WINFUT;02/02/2023;13:10:00;160909,37;160930,98;160433,86;160462,68;8063115981,00;250907
WINFUT;02/02/2023;13:00:00;160837,32;161031,85;160772,48;160909,37;6678343084,00;207505
WINFUT;02/02/2023;12:50:00;160743,66;160995,82;160686,02;160837,32;1,042660417E10;324110
WINFUT;02/02/2023;12:40:00;160390,63;160743,66;160275,36;160736,46;7385731957,00;230112
WINFUT;02/02/2023;12:30:00;159871,89;160426,65;159843,08;160397,84;1,031576994E10;321954
WINFUT;02/02/2023;12:20:00;160325,79;160505,91;159792,64;159871,89;1,260232475E10;393341
WINFUT;02/02/2023;12:10:00;160196,10;160369,02;159749,41;160325,79;1,661968596E10;519042
WINFUT;02/02/2023;12:00:00;161132,71;161255,19;160109,65;160203,31;2,075960248E10;645993
WINFUT;02/02/2023;11:50:00;161406,49;161658,66;160916,57;161132,71;1,654105221E10;512710
WINFUT;02/02/2023;11:40:00;162206,21;162213,42;161341,65;161406,49;1,532602228E10;473649
WINFUT;02/02/2023;11:30:00;162487,19;162616,88;161997,28;162206,21;1,674796451E10;516189
WINFUT;02/02/2023;11:20:00;162724,95;162840,22;162364,71;162494,40;1,042947106E10;320763
WINFUT;02/02/2023;11:10:00;162962,70;162998,73;162508,81;162724,95;1,099020413E10;337678
WINFUT;02/02/2023;11:00:00;162796,99;162984,32;162609,67;162955,50;1,143560296E10;351176
WINFUT;02/02/2023;10:50:00;162955,50;163092,39;162573,65;162789,79;1,37206775E10;421340
WINFUT;02/02/2023;10:40:00;163186,05;163467,03;162811,40;162962,70;1,691909735E10;518689
WINFUT;02/02/2023;10:30:00;162148,57;163394,98;162112,55;163186,05;2,226257955E10;683343
WINFUT;02/02/2023;10:20:00;161701,88;162256,64;161593,81;162148,57;1,450539708E10;447812
WINFUT;02/02/2023;10:10:00;161096,69;161982,87;161017,44;161701,88;1,916364472E10;592959
WINFUT;02/02/2023;10:00:00;160729,25;161175,94;160678,82;161096,69;1,083446824E10;336424
WINFUT;02/02/2023;09:50:00;160786,89;160952,60;160686,02;160722,05;7388152043,00;229677
WINFUT;02/02/2023;09:40:00;160289,77;160815,71;160260,95;160794,09;9540475919,00;297120
WINFUT;02/02/2023;09:30:00;160930,98;161010,23;160275,36;160289,77;9879375431,00;307521
WINFUT;02/02/2023;09:20:00;160613,98;160988,62;160498,70;160938,19;9257969606,00;287890
WINFUT;02/02/2023;09:10:00;160419,45;160736,46;160246,54;160606,77;1,017565802E10;316947
WINFUT;02/02/2023;09:00:00;161528,97;161615,43;159936,74;160426,65;1,384064422E10;430943
WINFUT;01/02/2023;18:20:00;162054,91;162465,58;162011,68;162436,76;1639256810,00;50497
WINFUT;01/02/2023;18:10:00;162206,21;162537,63;161946,84;162054,91;4646892194,00;143155
WINFUT;01/02/2023;18:00:00;162076,53;162235,03;161781,13;162199,01;5619266752,00;173410
WINFUT;01/02/2023;17:50:00;162299,87;162314,28;161730,70;162076,53;8530852694,00;263370
WINFUT;01/02/2023;17:40:00;162609,67;162811,40;162256,64;162299,87;6847492920,00;210686
WINFUT;01/02/2023;17:30:00;162343,10;162818,61;162343,10;162609,67;9850535032,00;302872
WINFUT;01/02/2023;17:20:00;162451,17;162479,99;162206,21;162343,10;4902809565,00;151027
WINFUT;01/02/2023;17:10:00;162760,97;162775,38;162141,37;162443,97;1,215382366E10;374209
WINFUT;01/02/2023;17:00:00;161788,34;162883,45;161781,13;162760,97;1,640599196E10;504964
WINFUT;01/02/2023;16:50:00;161795,54;162170,19;161694,68;161788,34;1,331048611E10;410983
WINFUT;01/02/2023;16:40:00;161305,63;162069,32;161255,19;161795,54;2,533422663E10;783544
WINFUT;01/02/2023;16:30:00;160967,01;161327,24;160541,93;161305,63;1,54077922E10;478850
WINFUT;01/02/2023;16:20:00;160880,55;161089,49;160858,94;160974,21;4767495122,00;148061
WINFUT;01/02/2023;16:10:00;161010,23;161168,74;160808,50;160887,75;8288991220,00;257383
WINFUT;01/02/2023;16:00:00;161082,28;161312,83;160613,98;161017,44;1,388192751E10;431228
WINFUT;01/02/2023;15:50:00;160758,07;161132,71;160577,95;161082,28;8105495069,00;252045
WINFUT;01/02/2023;15:40:00;160873,34;160902,16;160657,20;160758,07;4890311803,00;152099
WINFUT;01/02/2023;15:30:00;160952,60;161240,78;160613,98;160873,34;1,246216345E10;387146
WINFUT;01/02/2023;15:20:00;160830,12;160952,60;160758,07;160952,60;5937607462,00;184558
WINFUT;01/02/2023;15:10:00;160678,82;160830,12;160621,18;160830,12;4948910795,00;153932
WINFUT;01/02/2023;15:00:00;160599,57;160722,05;160469,88;160678,82;5680704801,00;176841
WINFUT;01/02/2023;14:50:00;160484,29;160635,59;160441,06;160592,36;5387753903,00;167792
WINFUT;01/02/2023;14:40:00;160491,50;160577,95;160332,99;160491,50;7099740884,00;221209
WINFUT;01/02/2023;14:30:00;160822,91;160866,14;160167,29;160484,29;1,536145619E10;478566
WINFUT;01/02/2023;14:20:00;160974,21;161053,46;160736,46;160822,91;1,085686189E10;337331
WINFUT;01/02/2023;14:10:00;161586,61;161601,02;160967,01;160967,01;1,430135118E10;443496
WINFUT;01/02/2023;14:00:00;161543,38;161709,09;161456,92;161586,61;6534126017,00;202175
WINFUT;01/02/2023;13:50:00;161564,99;161629,84;161478,54;161550,58;4966200500,00;153697
WINFUT;01/02/2023;13:40:00;161961,25;161975,66;161478,54;161557,79;8773819223,00;271283
WINFUT;01/02/2023;13:30:00;162040,50;162047,71;161946,84;161961,25;4065177963,00;125470
WINFUT;01/02/2023;13:20:00;161795,54;162054,91;161788,34;162040,50;6857468031,00;211741
WINFUT;01/02/2023;13:10:00;161637,04;161795,54;161615,43;161788,34;4544612243,00;140511
WINFUT;01/02/2023;13:00:00;161651,45;161687,47;161528,97;161637,04;5349146893,00;165507
WINFUT;01/02/2023;12:50:00;161694,68;161788,34;161601,02;161658,66;5693069594,00;176036
WINFUT;01/02/2023;12:40:00;161536,18;161730,70;161492,95;161701,88;7589835078,00;234809
WINFUT;01/02/2023;12:30:00;161867,59;161910,82;161456,92;161543,38;1,087341309E10;336345
WINFUT;01/02/2023;12:20:00;161910,82;162062,12;161817,16;161860,39;6278068640,00;193831
WINFUT;01/02/2023;12:10:00;161860,39;162026,09;161781,13;161918,02;6901319780,00;213123
WINFUT;01/02/2023;12:00:00;162191,80;162220,62;161737,91;161860,39;1,710902458E10;528307
WINFUT;01/02/2023;11:50:00;162465,58;162479,99;162069,32;162184,60;1,276543921E10;393415
WINFUT;01/02/2023;11:40:00;162739,36;162753,77;162465,58;162472,78;9893703845,00;304211
WINFUT;01/02/2023;11:30:00;162465,58;162818,61;162436,76;162739,36;1,062918385E10;326750
WINFUT;01/02/2023;11:20:00;162724,95;162768,18;162371,92;162458,37;1,243537608E10;382418
WINFUT;01/02/2023;11:10:00;162890,66;163070,77;162674,52;162717,74;1,063043047E10;326327
WINFUT;01/02/2023;11:00:00;162905,07;163041,95;162609,67;162890,66;1,43709746E10;441297
WINFUT;01/02/2023;10:50:00;163106,80;163164,43;162854,63;162897,86;9089144494,00;278800
WINFUT;01/02/2023;10:40:00;163085,18;163265,30;162825,81;163106,80;1,674552093E10;513512
WINFUT;01/02/2023;10:30:00;163762,42;163762,42;162926,68;163092,39;2,284911585E10;699636
WINFUT;01/02/2023;10:20:00;164173,09;164338,80;163639,94;163762,42;1,49135565E10;454773
WINFUT;01/02/2023;10:10:00;164036,20;164425,25;164029,00;164173,09;1,654587808E10;503719
WINFUT;01/02/2023;10:00:00;163942,54;164086,63;163762,42;164036,20;1,306543291E10;398486
WINFUT;01/02/2023;09:50:00;164050,61;164086,63;163748,01;163942,54;7717542881,00;235457
WINFUT;01/02/2023;09:40:00;164065,02;164129,86;163848,88;164043,40;8146466745,00;248382
WINFUT;01/02/2023;09:30:00;163899,31;164093,84;163798,45;164072,22;7518234855,00;229331
WINFUT;01/02/2023;09:20:00;163856,08;164014,59;163834,47;163892,11;5427027544,00;165522
WINFUT;01/02/2023;09:10:00;164036,20;164151,48;163791,24;163848,88;8866798972,00;270413
WINFUT;01/02/2023;09:00:00;164065,02;164382,02;163920,93;164036,20;9153557377,00;278804
WINFUT;31/01/2023;18:20:00;164309,98;164331,59;164151,48;164237,93;1173909817,00;35736
WINFUT;31/01/2023;18:10:00;164439,66;164490,10;164295,57;164317,18;2629885214,00;79983
WINFUT;31/01/2023;18:00:00;164612,57;164641,39;164338,80;164454,07;4634286777,00;140890
WINFUT;31/01/2023;17:50:00;164526,12;164641,39;164518,91;164612,57;3073537271,00;93372
WINFUT;31/01/2023;17:40:00;164562,14;164648,60;164504,50;164526,12;4525608184,00;137496
WINFUT;31/01/2023;17:30:00;164389,23;164612,57;164374,82;164562,14;5243951133,00;159384
WINFUT;31/01/2023;17:20:00;164439,66;164461,28;164360,41;164389,23;2181979974,00;66354
WINFUT;31/01/2023;17:10:00;164425,25;164461,28;164317,18;164446,87;3593564599,00;109294
WINFUT;31/01/2023;17:00:00;164324,39;164511,71;164273,95;164425,25;4845763005,00;147373
WINFUT;31/01/2023;16:50:00;164338,80;164511,71;164295,57;164317,18;7562976832,00;230002
WINFUT;31/01/2023;16:40:00;164259,55;164367,62;164201,91;164338,80;3316663950,00;100942
WINFUT;31/01/2023;16:30:00;164158,68;164288,36;164144,27;164252,34;4051643829,00;123352
WINFUT;31/01/2023;16:20:00;164173,09;164237,93;164086,63;164151,48;4407238140,00;134240
WINFUT;31/01/2023;16:10:00;164101,04;164382,02;164050,61;164180,29;6632296411,00;201931
WINFUT;31/01/2023;16:00:00;164086,63;164230,73;164057,81;164101,04;5104656796,00;155486
WINFUT;31/01/2023;15:50:00;164237,93;164288,36;164007,38;164079,43;6879905470,00;209588
WINFUT;31/01/2023;15:40:00;164115,45;164266,75;164108,25;164245,14;4782918717,00;145661
WINFUT;31/01/2023;15:30:00;164122,66;164165,88;164050,61;164122,66;3053939094,00;93050
WINFUT;31/01/2023;15:20:00;164043,40;164151,48;164007,38;164122,66;4319334103,00;131622
WINFUT;31/01/2023;15:10:00;164036,20;164101,04;163978,56;164036,20;3557586037,00;108435
WINFUT;31/01/2023;15:00:00;163928,13;164093,84;163841,67;164036,20;5726534249,00;174622
WINFUT;31/01/2023;14:50:00;164108,25;164129,86;163892,11;163920,93;5342075862,00;162872
WINFUT;31/01/2023;14:40:00;164057,81;164137,07;163956,95;164101,04;4916649753,00;149863
WINFUT;31/01/2023;14:30:00;164014,59;164180,29;163992,97;164057,81;4570529334,00;139279
WINFUT;31/01/2023;14:20:00;163985,77;164065,02;163906,52;164014,59;4933880866,00;150439
WINFUT;31/01/2023;14:10:00;163920,93;164000,18;163870,49;163978,56;3845426770,00;117281
WINFUT;31/01/2023;14:00:00;163899,31;164014,59;163870,49;163920,93;4869280596,00;148504
WINFUT;31/01/2023;13:50:00;163625,53;163928,13;163596,71;163899,31;6978927533,00;213034
WINFUT;31/01/2023;13:40:00;164115,45;164137,07;163618,33;163618,33;6938962045,00;211696
WINFUT;31/01/2023;13:30:00;164057,81;164151,48;163935,33;164108,25;4721825289,00;143920
WINFUT;31/01/2023;13:20:00;164021,79;164115,45;163920,93;164065,02;5015666356,00;152895
WINFUT;31/01/2023;13:10:00;164101,04;164115,45;163913,72;164014,59;5616813461,00;171234
WINFUT;31/01/2023;13:00:00;164151,48;164216,32;164043,40;164101,04;4497018909,00;136999
WINFUT;31/01/2023;12:50:00;164115,45;164180,29;164043,40;164144,27;4934224382,00;150344
WINFUT;31/01/2023;12:40:00;163985,77;164338,80;163971,36;164115,45;9986895390,00;304174
WINFUT;31/01/2023;12:30:00;163812,86;164007,38;163748,01;163978,56;5975352642,00;182295
WINFUT;31/01/2023;12:20:00;164021,79;164043,40;163690,38;163812,86;6902589495,00;210615
WINFUT;31/01/2023;12:10:00;163711,99;164029,00;163683,17;164014,59;7274686249,00;221966
WINFUT;31/01/2023;12:00:00;164036,20;164043,40;163647,15;163719,19;8523875183,00;260047
WINFUT;31/01/2023;11:50:00;164029,00;164237,93;163906,52;164029,00;8134101305,00;247866
WINFUT;31/01/2023;11:40:00;163892,11;164115,45;163798,45;164029,00;1,015015786E10;309511
WINFUT;31/01/2023;11:30:00;164194,70;164302,77;163892,11;163899,31;1,325727745E10;403901
WINFUT;31/01/2023;11:20:00;164209,11;164403,64;164101,04;164187,50;7981922778,00;242972
WINFUT;31/01/2023;11:10:00;164115,45;164331,59;163863,29;164201,91;1,29139034E10;393436
WINFUT;31/01/2023;11:00:00;163431,01;164281,16;163431,01;164108,25;2,070522327E10;631786
WINFUT;31/01/2023;10:50:00;163128,41;163459,83;163020,34;163438,21;9428578595,00;288768
WINFUT;31/01/2023;10:40:00;163258,09;163445,42;163013,14;163128,41;1,261616627E10;386482
WINFUT;31/01/2023;10:30:00;162890,66;163553,49;162840,22;163258,09;2,343181156E10;717816
WINFUT;31/01/2023;10:20:00;163337,35;163366,16;162746,56;162890,66;1,489498453E10;456911
WINFUT;31/01/2023;10:10:00;163056,36;163416,60;163049,16;163330,14;1,728244604E10;529330
WINFUT;31/01/2023;10:00:00;162566,45;163063,57;162429,56;163056,36;1,868401883E10;573988
WINFUT;31/01/2023;09:50:00;162566,45;162818,61;162508,81;162559,24;8221945434,00;252764
WINFUT;31/01/2023;09:40:00;162631,29;162667,31;162501,60;162559,24;4694140818,00;144363
WINFUT;31/01/2023;09:30:00;162696,13;162732,15;162552,04;162631,29;5825558629,00;179090
WINFUT;31/01/2023;09:20:00;162458,37;162703,33;162415,15;162696,13;7266613932,00;223480
WINFUT;31/01/2023;09:10:00;162357,51;162508,81;162278,26;162458,37;7356629754,00;226485
WINFUT;31/01/2023;09:00:00;162328,69;162544,83;162090,94;162350,30;8256494822,00;254414
WINFUT;30/01/2023;18:20:00;162818,61;162955,50;162760,97;162919,47;983409165,70;30191
WINFUT;30/01/2023;18:10:00;162602,47;162897,86;162559,24;162818,61;3479333753,00;106907
WINFUT;30/01/2023;18:00:00;162429,56;162717,74;162429,56;162602,47;3986142610,00;122596
WINFUT;30/01/2023;17:50:00;162292,67;162487,19;162191,80;162429,56;5458202271,00;168101
WINFUT;30/01/2023;17:40:00;162386,33;162400,74;162155,78;162292,67;5531950431,00;170445
WINFUT;30/01/2023;17:30:00;162090,94;162436,76;162069,32;162386,33;6227357700,00;191890
WINFUT;30/01/2023;17:20:00;162148,57;162191,80;161982,87;162083,73;4282947912,00;132129
WINFUT;30/01/2023;17:10:00;162134,16;162184,60;162090,94;162148,57;2452464233,00;75630
WINFUT;30/01/2023;17:00:00;162170,19;162227,82;162076,53;162126,96;3997262841,00;123264
WINFUT;30/01/2023;16:50:00;162213,42;162242,23;161925,23;162162,98;8517366056,00;262774
WINFUT;30/01/2023;16:40:00;162465,58;162501,60;162126,96;162220,62;8726360511,00;268840
WINFUT;30/01/2023;16:30:00;162566,45;162602,47;162400,74;162465,58;3885341980,00;119551
WINFUT;30/01/2023;16:20:00;162681,72;162753,77;162508,81;162566,45;4431729186,00;136269
WINFUT;30/01/2023;16:10:00;162602,47;162724,95;162537,63;162681,72;4427595559,00;136116
WINFUT;30/01/2023;16:00:00;162595,26;162753,77;162552,04;162602,47;4970718764,00;152792
WINFUT;30/01/2023;15:50:00;162552,04;162645,70;162494,40;162588,06;3609067672,00;110995
WINFUT;30/01/2023;15:40:00;162516,01;162696,13;162479,99;162559,24;6640562231,00;204231
WINFUT;30/01/2023;15:30:00;162724,95;162724,95;162335,90;162516,01;9625500991,00;296185
WINFUT;30/01/2023;15:20:00;163056,36;163106,80;162696,13;162724,95;8842351101,00;271390
WINFUT;30/01/2023;15:10:00;162638,49;163070,77;162624,08;163063,57;9109986699,00;279693
WINFUT;30/01/2023;15:00:00;162638,49;162753,77;162544,83;162638,49;4672983055,00;143659
WINFUT;30/01/2023;14:50:00;162696,13;162732,15;162479,99;162631,29;6131347794,00;188520
WINFUT;30/01/2023;14:40:00;162523,22;162782,59;162472,78;162696,13;7006382668,00;215357
WINFUT;30/01/2023;14:30:00;162645,70;162703,33;162487,19;162516,01;5645228453,00;173596
WINFUT;30/01/2023;14:20:00;162393,53;162724,95;162371,92;162645,70;8376361863,00;257638
WINFUT;30/01/2023;14:10:00;162588,06;162588,06;162350,30;162393,53;5885480504,00;181118
WINFUT;30/01/2023;14:00:00;162573,65;162652,90;162508,81;162588,06;3954098220,00;121595
WINFUT;30/01/2023;13:50:00;162487,19;162645,70;162343,10;162573,65;5654777873,00;174000
WINFUT;30/01/2023;13:40:00;162494,40;162602,47;162371,92;162494,40;6328419465,00;194766
WINFUT;30/01/2023;13:30:00;162688,92;162768,18;162443,97;162494,40;5730846968,00;176217
WINFUT;30/01/2023;13:20:00;162595,26;162724,95;162436,76;162696,13;6132538934,00;188599
WINFUT;30/01/2023;13:10:00;162652,90;162818,61;162523,22;162588,06;6327955758,00;194503
WINFUT;30/01/2023;13:00:00;162638,49;162710,54;162508,81;162652,90;4966021183,00;152693
WINFUT;30/01/2023;12:50:00;162537,63;162717,74;162328,69;162638,49;8537592078,00;262611
WINFUT;30/01/2023;12:40:00;162458,37;162559,24;162263,85;162544,83;1,0370603E10;319285
WINFUT;30/01/2023;12:30:00;162847,43;163056,36;162393,53;162458,37;9408726793,00;288982
WINFUT;30/01/2023;12:20:00;162796,99;163049,16;162696,13;162840,22;7278773256,00;223472
WINFUT;30/01/2023;12:10:00;162926,68;163142,82;162789,79;162796,99;1,111781699E10;341144
WINFUT;30/01/2023;12:00:00;162422,35;162933,88;162350,30;162919,47;1,034351262E10;317982
WINFUT;30/01/2023;11:50:00;162703,33;162948,29;162379,12;162415,15;1,134174313E10;348750
WINFUT;30/01/2023;11:40:00;162631,29;162919,47;162415,15;162703,33;1,367891232E10;420458
WINFUT;30/01/2023;11:30:00;162926,68;163214,87;162609,67;162631,29;1,522569521E10;467346
WINFUT;30/01/2023;11:20:00;162775,38;163013,14;162566,45;162933,88;1,10902013E10;340628
WINFUT;30/01/2023;11:10:00;162602,47;162825,81;162530,42;162768,18;1,028369786E10;316076
WINFUT;30/01/2023;11:00:00;163106,80;163258,09;162580,85;162609,67;1,304880862E10;400429
WINFUT;30/01/2023;10:50:00;162919,47;163178,84;162724,95;163114,00;1,206968481E10;370396
WINFUT;30/01/2023;10:40:00;162681,72;162955,50;162271,05;162919,47;1,838337365E10;565124
WINFUT;30/01/2023;10:30:00;162933,88;163070,77;162609,67;162681,72;1,429297768E10;438943
WINFUT;30/01/2023;10:20:00;162833,02;163099,59;162566,45;162941,09;1,472461481E10;452079
WINFUT;30/01/2023;10:10:00;163611,12;163726,40;162782,59;162833,02;1,866744124E10;571622
WINFUT;30/01/2023;10:00:00;163402,19;163668,76;163351,76;163603,92;1,26841038E10;387855
WINFUT;30/01/2023;09:50:00;163070,77;163467,03;163063,57;163402,19;1,037034965E10;317628
WINFUT;30/01/2023;09:40:00;163049,16;163114,00;162897,86;163077,98;5584684837,00;171274
WINFUT;30/01/2023;09:30:00;163027,54;163085,18;162854,63;163056,36;7440716556,00;228278
WINFUT;30/01/2023;09:20:00;162631,29;163070,77;162602,47;163027,54;8235049119,00;252762
WINFUT;30/01/2023;09:10:00;162487,19;162854,63;162458,37;162631,29;1,0619486E10;326442
WINFUT;30/01/2023;09:00:00;162263,85;162494,40;161961,25;162487,19;1,09542462E10;337589
WINFUT;27/01/2023;18:20:00;162638,49;162739,36;162588,06;162624,08;719465408,40;22117
WINFUT;27/01/2023;18:10:00;162717,74;162768,18;162573,65;162638,49;2404758829,00;73911
WINFUT;27/01/2023;18:00:00;162984,32;163063,57;162595,26;162717,74;5064498070,00;155574
WINFUT;27/01/2023;17:50:00;162955,50;163063,57;162905,07;162991,52;3260283825,00;100024
WINFUT;27/01/2023;17:40:00;163236,48;163286,91;162941,09;162962,70;4542713627,00;139259
WINFUT;27/01/2023;17:30:00;162998,73;163294,12;162969,91;163236,48;4421978427,00;135491
WINFUT;27/01/2023;17:20:00;162977,11;163049,16;162933,88;162998,73;2955384671,00;90661
WINFUT;27/01/2023;17:10:00;163128,41;163171,64;162969,91;162977,11;4604617300,00;141191
WINFUT;27/01/2023;17:00:00;162883,45;163272,50;162811,40;163121,21;5191924705,00;159210
WINFUT;27/01/2023;16:50:00;162890,66;162912,27;162811,40;162883,45;2321976811,00;71285
WINFUT;27/01/2023;16:40:00;162796,99;162897,86;162724,95;162883,45;2992136488,00;91887
WINFUT;27/01/2023;16:30:00;162847,43;162941,09;162739,36;162804,20;5015620363,00;153992
WINFUT;27/01/2023;16:20:00;162969,91;163128,41;162724,95;162847,43;6797419134,00;208586
WINFUT;27/01/2023;16:10:00;162876,25;163092,39;162876,25;162969,91;5465815162,00;167662
WINFUT;27/01/2023;16:00:00;163077,98;163214,87;162869,04;162876,25;7376122242,00;226151
WINFUT;27/01/2023;15:50:00;163193,25;163193,25;163013,14;163085,18;4594895615,00;140873
WINFUT;27/01/2023;15:40:00;163308,53;163308,53;163128,41;163193,25;4423981939,00;135532
WINFUT;27/01/2023;15:30:00;163070,77;163416,60;163070,77;163308,53;6774968967,00;207464
WINFUT;27/01/2023;15:20:00;163157,23;163157,23;163020,34;163070,77;3733090950,00;114458
WINFUT;27/01/2023;15:10:00;163013,14;163258,09;163005,93;163150,02;5688856763,00;174342
WINFUT;27/01/2023;15:00:00;163164,43;163178,84;162897,86;163013,14;6494059320,00;199207
WINFUT;27/01/2023;14:50:00;162969,91;163279,71;162955,50;163164,43;6315376785,00;193532
WINFUT;27/01/2023;14:40:00;163121,21;163150,02;162948,29;162977,11;5812355332,00;178233
WINFUT;27/01/2023;14:30:00;162796,99;163135,61;162789,79;163121,21;4613416172,00;141546
WINFUT;27/01/2023;14:20:00;162890,66;162977,11;162760,97;162804,20;5589909740,00;171627
WINFUT;27/01/2023;14:10:00;162876,25;163034,75;162796,99;162890,66;4711201784,00;144588
WINFUT;27/01/2023;14:00:00;162818,61;162984,32;162739,36;162883,45;5583726157,00;171390
WINFUT;27/01/2023;13:50:00;162681,72;162912,27;162616,88;162818,61;5205238620,00;159924
WINFUT;27/01/2023;13:40:00;162760,97;162847,43;162652,90;162681,72;4054980084,00;124576
WINFUT;27/01/2023;13:30:00;162688,92;162890,66;162645,70;162768,18;5128609847,00;157514
WINFUT;27/01/2023;13:20:00;162494,40;162768,18;162472,78;162681,72;6186624304,00;190201
WINFUT;27/01/2023;13:10:00;162429,56;162516,01;162328,69;162494,40;4700322272,00;144680
WINFUT;27/01/2023;13:00:00;162516,01;162595,26;162350,30;162429,56;5640570943,00;173579
WINFUT;27/01/2023;12:50:00;162487,19;162595,26;162407,94;162508,81;6239570783,00;191968
WINFUT;27/01/2023;12:40:00;162905,07;162926,68;162285,46;162494,40;1,307248716E10;402164
WINFUT;27/01/2023;12:30:00;163200,46;163272,50;162796,99;162912,27;9416658701,00;288863
WINFUT;27/01/2023;12:20:00;163178,84;163258,09;162912,27;163200,46;1,00767353E10;308945
WINFUT;27/01/2023;12:10:00;163423,80;163654,35;163150,02;163171,64;9891879170,00;302644
WINFUT;27/01/2023;12:00:00;163344,55;163524,67;163222,07;163431,01;8813110764,00;269753
WINFUT;27/01/2023;11:50:00;163142,82;163373,37;163135,61;163337,35;7654953138,00;234424
WINFUT;27/01/2023;11:40:00;163704,78;163726,40;162962,70;163142,82;1,570689615E10;481048
WINFUT;27/01/2023;11:30:00;163697,58;163863,29;163394,98;163711,99;1,420421545E10;434027
WINFUT;27/01/2023;11:20:00;163647,15;163848,88;163553,49;163697,58;8248560532,00;251904
WINFUT;27/01/2023;11:10:00;163920,93;163928,13;163575,10;163639,94;1,388299455E10;423915
WINFUT;27/01/2023;11:00:00;164598,17;164663,01;163776,83;163920,93;1,860262137E10;566373
WINFUT;27/01/2023;10:50:00;164713,44;165016,04;164583,76;164590,96;1,328863191E10;403146
WINFUT;27/01/2023;10:40:00;164900,76;164965,60;164439,66;164720,64;1,386154946E10;420981
WINFUT;27/01/2023;10:30:00;164828,72;165088,08;164576,55;164893,56;1,796381187E10;544812
WINFUT;27/01/2023;10:20:00;164922,38;165073,67;164684,62;164821,51;1,123357537E10;340691
WINFUT;27/01/2023;10:10:00;165160,13;165224,97;164843,12;164922,38;1,316265064E10;398776
WINFUT;27/01/2023;10:00:00;165066,47;165354,66;164958,40;165152,93;1,503875356E10;455198
WINFUT;27/01/2023;09:50:00;165052,06;165217,77;164987,22;165073,67;8000475896,00;242262
WINFUT;27/01/2023;09:40:00;165095,29;165138,52;164886,35;165052,06;1,08531171E10;328821
WINFUT;27/01/2023;09:30:00;165289,81;165347,45;165030,45;165102,49;9311403571,00;281921
WINFUT;27/01/2023;09:20:00;165722,10;165758,12;165289,81;165297,02;8817614416,00;266426
WINFUT;27/01/2023;09:10:00;165714,89;165743,71;165462,73;165722,10;6489140652,00;195950
WINFUT;27/01/2023;09:00:00;165462,73;165808,55;165433,91;165707,69;7080968574,00;213772
WINFUT;26/01/2023;18:20:00;165469,93;165527,57;165181,74;165181,74;929361569,90;28100
WINFUT;26/01/2023;18:10:00;165455,52;165556,39;165419,50;165477,14;2282455713,00;68964
WINFUT;26/01/2023;18:00:00;165801,35;165858,98;165405,09;165455,52;4071353499,00;122926
WINFUT;26/01/2023;17:50:00;165700,48;165887,80;165657,25;165794,14;4670855323,00;140873
WINFUT;26/01/2023;17:40:00;165772,53;165837,37;165592,41;165707,69;4798371527,00;144774
WINFUT;26/01/2023;17:30:00;165491,55;165772,53;165455,52;165772,53;5219599188,00;157555
WINFUT;26/01/2023;17:20:00;165383,48;165520,36;165361,86;165498,75;2687104698,00;81215
WINFUT;26/01/2023;17:10:00;165390,68;165491,55;165347,45;165383,48;3209721819,00;97016
WINFUT;26/01/2023;17:00:00;165498,75;165520,36;165325,84;165390,68;5163775563,00;156073
WINFUT;26/01/2023;16:50:00;165556,39;165614,03;165261,00;165505,96;8237912797,00;248956
WINFUT;26/01/2023;16:40:00;165498,75;165671,66;165498,75;165563,59;4412794161,00;133245
WINFUT;26/01/2023;16:30:00;165469,93;165578,00;165369,07;165505,96;5350614095,00;161673
WINFUT;26/01/2023;16:20:00;165419,50;165556,39;165361,86;165462,73;4554287107,00;137628
WINFUT;26/01/2023;16:10:00;165513,16;165527,57;165289,81;165419,50;5420208923,00;163822
WINFUT;26/01/2023;16:00:00;165340,25;165534,77;165253,79;165505,96;6502015643,00;196556
WINFUT;26/01/2023;15:50:00;165383,48;165390,68;165217,77;165340,25;5322129755,00;160975
WINFUT;26/01/2023;15:40:00;165736,51;165779,73;165181,74;165383,48;1,182836111E10;357480
WINFUT;26/01/2023;15:30:00;165505,96;165815,76;165441,11;165736,51;9769427092,00;294932
WINFUT;26/01/2023;15:20:00;165217,77;165549,18;165217,77;165498,75;7752956406,00;234386
WINFUT;26/01/2023;15:10:00;165116,90;165246,59;165016,04;165217,77;5076393782,00;153700
WINFUT;26/01/2023;15:00:00;165124,11;165217,77;165059,27;165116,90;4648598471,00;140743
WINFUT;26/01/2023;14:50:00;165116,90;165383,48;165095,29;165124,11;7694900707,00;232827
WINFUT;26/01/2023;14:40:00;165102,49;165174,54;165023,24;165124,11;4383968325,00;132767
WINFUT;26/01/2023;14:30:00;165030,45;165152,93;164900,76;165095,29;5341830008,00;161848
WINFUT;26/01/2023;14:20:00;164720,64;165052,06;164691,83;165023,24;8151125685,00;247160
WINFUT;26/01/2023;14:10:00;164915,17;164972,81;164655,80;164713,44;7079878705,00;214789
WINFUT;26/01/2023;14:00:00;165023,24;165080,88;164857,53;164907,97;4377491362,00;132664
WINFUT;26/01/2023;13:50:00;165037,65;165088,08;164929,58;165016,04;3536556883,00;107158
WINFUT;26/01/2023;13:40:00;164958,40;165131,31;164843,12;165030,45;6664361129,00;201958
WINFUT;26/01/2023;13:30:00;165109,70;165217,77;164893,56;164965,60;6139855423,00;186015
WINFUT;26/01/2023;13:20:00;165052,06;165131,31;164893,56;165109,70;6066341621,00;183796
WINFUT;26/01/2023;13:10:00;165253,79;165318,63;165008,83;165052,06;6119902717,00;185279
WINFUT;26/01/2023;13:00:00;164929,58;165289,81;164807,10;165253,79;9825352727,00;297568
WINFUT;26/01/2023;12:50:00;165109,70;165232,18;164857,53;164929,58;8029951336,00;243289
WINFUT;26/01/2023;12:40:00;165333,04;165426,70;165001,63;165116,90;9861894517,00;298423
WINFUT;26/01/2023;12:30:00;165361,86;165448,32;165268,20;165333,04;6582723321,00;199057
WINFUT;26/01/2023;12:20:00;165160,13;165693,28;165109,70;165361,86;1,393480875E10;421156
WINFUT;26/01/2023;12:10:00;165016,04;165203,36;164843,12;165167,34;1,064782424E10;322598
WINFUT;26/01/2023;12:00:00;165239,38;165297,02;164886,35;165008,83;1,110949094E10;336564
WINFUT;26/01/2023;11:50:00;165016,04;165297,02;164871,94;165239,38;1,250981302E10;378956
WINFUT;26/01/2023;11:40:00;165477,14;165563,59;165001,63;165008,83;1,715559914E10;519033
WINFUT;26/01/2023;11:30:00;165887,80;166067,92;165333,04;165477,14;1,521852015E10;459431
WINFUT;26/01/2023;11:20:00;165931,03;166060,72;165729,30;165887,80;1,041488208E10;313919
WINFUT;26/01/2023;11:10:00;165995,87;166384,93;165678,87;165923,83;1,700871512E10;512217
WINFUT;26/01/2023;11:00:00;165729,30;166262,45;165585,21;165988,67;1,756070179E10;529210
WINFUT;26/01/2023;10:50:00;165477,14;165779,73;165246,59;165729,30;1,633223885E10;493406
WINFUT;26/01/2023;10:40:00;165837,37;165938,24;165419,50;165477,14;1,494601317E10;451190
WINFUT;26/01/2023;10:30:00;165873,39;166118,35;165405,09;165837,37;1,911773999E10;576404
WINFUT;26/01/2023;10:20:00;166103,94;166312,88;165736,51;165880,60;1,039900844E10;313174
WINFUT;26/01/2023;10:10:00;166111,15;166550,63;165923,83;166103,94;1,563353907E10;470238
WINFUT;26/01/2023;10:00:00;166111,15;166183,20;165772,53;166118,35;1,401068911E10;422064
WINFUT;26/01/2023;09:50:00;165981,46;166334,49;165959,85;166111,15;9116010198,00;274348
WINFUT;26/01/2023;09:40:00;166031,90;166312,88;165873,39;165981,46;1,052495427E10;316842
WINFUT;26/01/2023;09:30:00;166103,94;166132,76;165902,21;166031,90;6422048038,00;193430
WINFUT;26/01/2023;09:20:00;166031,90;166139,97;165808,55;166103,94;9885600113,00;297781
WINFUT;26/01/2023;09:10:00;166212,01;166471,38;165974,26;166031,90;1,227037476E10;369181
WINFUT;26/01/2023;09:00:00;165772,53;166255,24;165642,84;166212,01;1,226557035E10;369661
WINFUT;25/01/2023;18:20:00;165844,58;166132,76;165808,55;166132,76;1053129320,00;31725
WINFUT;25/01/2023;18:10:00;165909,42;166046,31;165808,55;165844,58;3150334199,00;94940
WINFUT;25/01/2023;18:00:00;165794,14;165923,83;165772,53;165916,62;2953652763,00;89056
WINFUT;25/01/2023;17:50:00;165873,39;165887,80;165707,69;165786,94;3632960318,00;109572
WINFUT;25/01/2023;17:40:00;165714,89;165952,65;165700,48;165866,19;4129665343,00;124511
WINFUT;25/01/2023;17:30:00;165693,28;165779,73;165592,41;165714,89;4319194100,00;130353
WINFUT;25/01/2023;17:20:00;165765,32;165779,73;165628,43;165693,28;3610311456,00;108943
WINFUT;25/01/2023;17:10:00;165887,80;165923,83;165729,30;165765,32;3798306673,00;114520
WINFUT;25/01/2023;17:00:00;165772,53;165952,65;165750,91;165880,60;4800186392,00;144713
WINFUT;25/01/2023;16:50:00;165765,32;165851,78;165664,46;165772,53;5599792788,00;168916
WINFUT;25/01/2023;16:40:00;165714,89;165916,62;165671,66;165758,12;6216377569,00;187463
WINFUT;25/01/2023;16:30:00;165541,98;165844,58;165433,91;165714,89;7320422212,00;220991
WINFUT;25/01/2023;16:20:00;165534,77;165585,21;165340,25;165549,18;7459112215,00;225378
WINFUT;25/01/2023;16:10:00;165203,36;165786,94;165203,36;165534,77;1,249429292E10;377380
WINFUT;25/01/2023;16:00:00;165152,93;165224,97;165037,65;165203,36;5145286010,00;155796
WINFUT;25/01/2023;15:50:00;165311,43;165397,89;165073,67;165152,93;7398997454,00;223920
WINFUT;25/01/2023;15:40:00;165088,08;165347,45;164987,22;165311,43;6135024937,00;185717
WINFUT;25/01/2023;15:30:00;165116,90;165145,72;164965,60;165088,08;5009096938,00;151738
WINFUT;25/01/2023;15:20:00;164987,22;165160,13;164900,76;165116,90;5759421711,00;174486
WINFUT;25/01/2023;15:10:00;164922,38;165001,63;164771,08;164987,22;5430879331,00;164684
WINFUT;25/01/2023;15:00:00;164814,31;165037,65;164663,01;164929,58;7962718309,00;241449
WINFUT;25/01/2023;14:50:00;164951,19;164965,60;164677,42;164814,31;5572244157,00;169044
WINFUT;25/01/2023;14:40:00;165066,47;165246,59;164864,74;164943,99;7922622750,00;239969
WINFUT;25/01/2023;14:30:00;164958,40;165109,70;164915,17;165073,67;3836481026,00;116236
WINFUT;25/01/2023;14:20:00;164972,81;165044,86;164900,76;164958,40;3892121933,00;117967
WINFUT;25/01/2023;14:10:00;164943,99;165124,11;164907,97;164972,81;5046279726,00;152912
WINFUT;25/01/2023;14:00:00;164720,64;165138,52;164706,24;164951,19;7131856587,00;216202
WINFUT;25/01/2023;13:50:00;164771,08;164900,76;164670,21;164720,64;6177400225,00;187454
WINFUT;25/01/2023;13:40:00;164785,49;164936,79;164663,01;164771,08;6685745814,00;202846
WINFUT;25/01/2023;13:30:00;165073,67;165131,31;164771,08;164785,49;9617597562,00;291527
WINFUT;25/01/2023;13:20:00;165325,84;165455,52;165066,47;165080,88;7595145312,00;229800
WINFUT;25/01/2023;13:10:00;165340,25;165570,80;165152,93;165325,84;9576845025,00;289616
WINFUT;25/01/2023;13:00:00;165124,11;165491,55;164958,40;165340,25;1,269158459E10;384107
WINFUT;25/01/2023;12:50:00;164677,42;165224,97;164454,07;165131,31;1,616394435E10;490282
WINFUT;25/01/2023;12:40:00;163603,92;164742,26;163553,49;164677,42;1,788733533E10;544730
WINFUT;25/01/2023;12:30:00;163171,64;163668,76;163171,64;163603,92;1,282861388E10;392384
WINFUT;25/01/2023;12:20:00;163041,95;163294,12;162955,50;163171,64;8182216685,00;250800
WINFUT;25/01/2023;12:10:00;162933,88;163222,07;162854,63;163034,75;9205009646,00;282289
WINFUT;25/01/2023;12:00:00;162717,74;163013,14;162227,82;162926,68;1,630329195E10;501166
WINFUT;25/01/2023;11:50:00;163041,95;163070,77;162350,30;162710,54;1,499574053E10;460717
WINFUT;25/01/2023;11:40:00;162732,15;163258,09;162717,74;163041,95;1,320485948E10;405004
WINFUT;25/01/2023;11:30:00;162847,43;163027,54;162595,26;162732,15;1,278116615E10;392521
WINFUT;25/01/2023;11:20:00;162724,95;162912,27;162660,11;162840,22;7939811725,00;243875
WINFUT;25/01/2023;11:10:00;163193,25;163229,28;162717,74;162732,15;1,034260033E10;317276
WINFUT;25/01/2023;11:00:00;163070,77;163315,73;162624,08;163200,46;1,601208201E10;491268
WINFUT;25/01/2023;10:50:00;162919,47;163222,07;162897,86;163070,77;1,049374977E10;321751
WINFUT;25/01/2023;10:40:00;162523,22;163049,16;162436,76;162926,68;1,300387097E10;399430
WINFUT;25/01/2023;10:30:00;163070,77;163070,77;162371,92;162523,22;1,813258483E10;557294
WINFUT;25/01/2023;10:20:00;163488,64;163603,92;163027,54;163070,77;1,503209878E10;460256
WINFUT;25/01/2023;10:10:00;163827,26;163928,13;163272,50;163503,05;1,613580554E10;493333
WINFUT;25/01/2023;10:00:00;163733,60;164086,63;163546,28;163820,06;1,434327107E10;437897
WINFUT;25/01/2023;09:50:00;163791,24;163863,29;163661,56;163740,81;6054814646,00;184881
WINFUT;25/01/2023;09:40:00;163755,22;163877,70;163697,58;163798,45;4522365376,00;138066
WINFUT;25/01/2023;09:30:00;163762,42;164021,79;163690,38;163755,22;7748564180,00;236441
WINFUT;25/01/2023;09:20:00;163827,26;164029,00;163639,94;163762,42;1,059119594E10;323272
WINFUT;25/01/2023;09:10:00;163906,52;164360,41;163726,40;163820,06;1,218358504E10;371362
WINFUT;25/01/2023;09:00:00;163510,26;164057,81;163114,00;163913,72;1,033517631E10;315824
WINFUT;24/01/2023;18:20:00;164029,00;164122,66;163985,77;164122,66;869868273,20;26509
WINFUT;24/01/2023;18:10:00;163985,77;164237,93;163971,36;164029,00;3537723889,00;107792
WINFUT;24/01/2023;18:00:00;163913,72;164266,75;163906,52;163985,77;7008662320,00;213532
WINFUT;24/01/2023;17:50:00;163820,06;163971,36;163798,45;163920,93;4426206502,00;135039
WINFUT;24/01/2023;17:40:00;163726,40;163848,88;163625,53;163827,26;4786980482,00;146188
WINFUT;24/01/2023;17:30:00;163971,36;163978,56;163582,31;163733,60;8752206282,00;267268
WINFUT;24/01/2023;17:20:00;164029,00;164050,61;163834,47;163964,15;4988661486,00;152129
WINFUT;24/01/2023;17:10:00;163913,72;164050,61;163812,86;164021,79;6718348026,00;204908
WINFUT;24/01/2023;17:00:00;163856,08;164079,43;163805,65;163920,93;8152494443,00;248605
WINFUT;24/01/2023;16:50:00;163474,23;163978,56;163431,01;163856,08;1,118878316E10;341625
WINFUT;24/01/2023;16:40:00;163344,55;163596,71;163258,09;163467,03;8502869121,00;260101
WINFUT;24/01/2023;16:30:00;163099,59;163431,01;163092,39;163344,55;8666534596,00;265386
WINFUT;24/01/2023;16:20:00;162991,52;163164,43;162948,29;163092,39;5669448923,00;173843
WINFUT;24/01/2023;16:10:00;162854,63;163034,75;162833,02;162991,52;5354015369,00;164293
WINFUT;24/01/2023;16:00:00;162869,04;162883,45;162645,70;162847,43;7317345154,00;224780
WINFUT;24/01/2023;15:50:00;162969,91;163056,36;162861,84;162869,04;5244751830,00;160932
WINFUT;24/01/2023;15:40:00;163005,93;163092,39;162897,86;162962,70;6039737464,00;185274
WINFUT;24/01/2023;15:30:00;162998,73;163056,36;162890,66;163005,93;4816201954,00;147774
WINFUT;24/01/2023;15:20:00;162825,81;163027,54;162804,20;162998,73;3984579692,00;122288
WINFUT;24/01/2023;15:10:00;162919,47;162991,52;162760,97;162825,81;5709135377,00;175254
WINFUT;24/01/2023;15:00:00;162905,07;162941,09;162760,97;162919,47;5034553196,00;154566
WINFUT;24/01/2023;14:50:00;162804,20;162926,68;162746,56;162905,07;4958650222,00;152253
WINFUT;24/01/2023;14:40:00;163049,16;163056,36;162782,59;162811,40;5634582558,00;172923
WINFUT;24/01/2023;14:30:00;163106,80;163114,00;162969,91;163041,95;4104396190,00;125876
WINFUT;24/01/2023;14:20:00;163106,80;163135,61;162941,09;163114,00;4778117863,00;146536
WINFUT;24/01/2023;14:10:00;163114,00;163193,25;163020,34;163114,00;4832223743,00;148133
WINFUT;24/01/2023;14:00:00;163099,59;163135,61;162984,32;163106,80;5031344415,00;154266
WINFUT;24/01/2023;13:50:00;163063,57;163358,96;162941,09;163099,59;8272998265,00;253548
WINFUT;24/01/2023;13:40:00;162760,97;163128,41;162631,29;163063,57;8002946254,00;245664
WINFUT;24/01/2023;13:30:00;162991,52;163041,95;162667,31;162760,97;6760464584,00;207600
WINFUT;24/01/2023;13:20:00;162717,74;162991,52;162652,90;162991,52;5460932789,00;167698
WINFUT;24/01/2023;13:10:00;162775,38;162825,81;162602,47;162717,74;6527535332,00;200562
WINFUT;24/01/2023;13:00:00;162977,11;163085,18;162703,33;162768,18;6716444927,00;206115
WINFUT;24/01/2023;12:50:00;163178,84;163222,07;162905,07;162977,11;7326981415,00;224682
WINFUT;24/01/2023;12:40:00;162861,84;163258,09;162775,38;163178,84;8260458860,00;253310
WINFUT;24/01/2023;12:30:00;162732,15;162941,09;162588,06;162861,84;6932004966,00;212942
WINFUT;24/01/2023;12:20:00;162703,33;162984,32;162566,45;162732,15;9501718230,00;291834
WINFUT;24/01/2023;12:10:00;162811,40;163027,54;162660,11;162703,33;1,029660948E10;316162
WINFUT;24/01/2023;12:00:00;162429,56;162833,02;162299,87;162818,61;1,34797985E10;414554
WINFUT;24/01/2023;11:50:00;163322,94;163344,55;162400,74;162429,56;1,361588692E10;418040
WINFUT;24/01/2023;11:40:00;163034,75;163373,37;162732,15;163330,14;1,559059902E10;478094
WINFUT;24/01/2023;11:30:00;163423,80;163474,23;162897,86;163027,54;1,38957092E10;425908
WINFUT;24/01/2023;11:20:00;163142,82;163697,58;163106,80;163423,80;1,387055958E10;424290
WINFUT;24/01/2023;11:10:00;163193,25;163431,01;163020,34;163135,61;1,165221208E10;356981
WINFUT;24/01/2023;11:00:00;162638,49;163222,07;162616,88;163200,46;1,636635301E10;502353
WINFUT;24/01/2023;10:50:00;162328,69;162667,31;162292,67;162631,29;1,300983951E10;400343
WINFUT;24/01/2023;10:40:00;162379,12;162415,15;162040,50;162321,49;1,531759682E10;472070
WINFUT;24/01/2023;10:30:00;162760,97;162861,84;162357,51;162371,92;1,233901653E10;379442
WINFUT;24/01/2023;10:20:00;162861,84;163114,00;162688,92;162760,97;1,138540101E10;349462
WINFUT;24/01/2023;10:10:00;163164,43;163402,19;162760,97;162869,04;1,438248397E10;440955
WINFUT;24/01/2023;10:00:00;162530,42;163366,16;162472,78;163164,43;1,891970127E10;580696
WINFUT;24/01/2023;09:50:00;162530,42;162710,54;162422,35;162530,42;1,171607263E10;360385
WINFUT;24/01/2023;09:40:00;162026,09;162559,24;162011,68;162537,63;1,217879147E10;375324
WINFUT;24/01/2023;09:30:00;161759,52;162083,73;161745,11;162026,09;1,074456775E10;331837
WINFUT;24/01/2023;09:20:00;161442,51;161759,52;161392,08;161752,32;8101585116,00;250712
WINFUT;24/01/2023;09:10:00;161478,54;161608,22;161197,56;161435,31;1,109533352E10;343700
WINFUT;23/01/2023;18:20:00;161903,61;162162,98;161903,61;161903,61;1244259155,00;38403
WINFUT;23/01/2023;18:10:00;162199,01;162206,21;161781,13;161903,61;4507894582,00;139159
WINFUT;23/01/2023;18:00:00;162350,30;162364,71;162054,91;162206,21;3848542077,00;118632
WINFUT;23/01/2023;17:50:00;162407,94;162501,60;162321,49;162350,30;4035573153,00;124235
WINFUT;23/01/2023;17:40:00;162292,67;162422,35;162249,44;162407,94;3748901560,00;115459
WINFUT;23/01/2023;17:30:00;162018,89;162386,33;161990,07;162299,87;6715005451,00;206938
WINFUT;23/01/2023;17:20:00;162588,06;162609,67;161925,23;162018,89;8731944431,00;269068
WINFUT;23/01/2023;17:10:00;162400,74;162609,67;162364,71;162580,85;5270206260,00;162166
WINFUT;23/01/2023;17:00:00;162429,56;162660,11;162155,78;162400,74;1,089944327E10;335503
WINFUT;23/01/2023;16:50:00;162501,60;162602,47;162177,39;162429,56;1,229196027E10;378473
WINFUT;23/01/2023;16:40:00;162876,25;162897,86;162465,58;162501,60;1,010086437E10;310383
WINFUT;23/01/2023;16:30:00;162811,40;163005,93;162789,79;162883,45;5357760521,00;164434
WINFUT;23/01/2023;16:20:00;162962,70;163013,14;162768,18;162811,40;5403780231,00;165856
WINFUT;23/01/2023;16:10:00;163005,93;163128,41;162955,50;162962,70;4670784759,00;143236
WINFUT;23/01/2023;16:00:00;163013,14;163063,57;162796,99;162998,73;6282200612,00;192784
WINFUT;23/01/2023;15:50:00;163049,16;163077,98;162796,99;163013,14;7445200204,00;228455
WINFUT;23/01/2023;15:40:00;162955,50;163135,61;162869,04;163049,16;6839866635,00;209793
WINFUT;23/01/2023;15:30:00;162962,70;163013,14;162789,79;162955,50;6010727547,00;184491
WINFUT;23/01/2023;15:20:00;163013,14;163157,23;162674,52;162962,70;1,064278697E10;326679
WINFUT;23/01/2023;15:10:00;163135,61;163193,25;162969,91;163013,14;5665955527,00;173707
WINFUT;23/01/2023;15:00:00;163207,66;163243,69;163099,59;163128,41;4844988505,00;148486
WINFUT;23/01/2023;14:50:00;163380,57;163394,98;163200,46;163200,46;5125004420,00;156936
WINFUT;23/01/2023;14:40:00;163337,35;163503,05;163272,50;163380,57;6946556498,00;212598
WINFUT;23/01/2023;14:30:00;162984,32;163351,76;162912,27;163344,55;8660532821,00;265455
WINFUT;23/01/2023;14:20:00;163157,23;163286,91;162984,32;162991,52;6136680330,00;188080
WINFUT;23/01/2023;14:10:00;162991,52;163214,87;162926,68;163157,23;6124678371,00;187774
WINFUT;23/01/2023;14:00:00;163157,23;163243,69;162962,70;162991,52;6893170976,00;211295
WINFUT;23/01/2023;13:50:00;163077,98;163366,16;162998,73;163150,02;8445342313,00;258788
WINFUT;23/01/2023;13:40:00;163524,67;163531,87;162955,50;163070,77;9960357205,00;305171
WINFUT;23/01/2023;13:30:00;163769,63;163805,65;163250,89;163524,67;1,126614989E10;344505
WINFUT;23/01/2023;13:20:00;163683,17;163776,83;163639,94;163769,63;4078260438,00;124553
WINFUT;23/01/2023;13:10:00;163733,60;163827,26;163625,53;163690,38;4998761993,00;152668
WINFUT;23/01/2023;13:00:00;163618,33;163928,13;163589,51;163726,40;9236224586,00;281932
WINFUT;23/01/2023;12:50:00;163380,57;163740,81;163315,73;163625,53;9711817646,00;296916
WINFUT;23/01/2023;12:40:00;163438,21;163503,05;163049,16;163380,57;1,034277208E10;316785
WINFUT;23/01/2023;12:30:00;163531,87;163675,97;163200,46;163438,21;1,206489259E10;369043
WINFUT;23/01/2023;12:20:00;163380,57;163567,90;163315,73;163539,08;6347168803,00;194194
WINFUT;23/01/2023;12:10:00;163178,84;163531,87;163070,77;163373,37;9859940102,00;301808
WINFUT;23/01/2023;12:00:00;163279,71;163481,44;163128,41;163178,84;1,194916729E10;365895
WINFUT;23/01/2023;11:50:00;162847,43;163438,21;162840,22;163279,71;1,493856914E10;457734
WINFUT;23/01/2023;11:40:00;162544,83;162883,45;162479,99;162847,43;1,125912727E10;345958
WINFUT;23/01/2023;11:30:00;162732,15;162796,99;162271,05;162544,83;1,868272516E10;574756
WINFUT;23/01/2023;11:20:00;163092,39;163250,89;162688,92;162739,36;1,020866459E10;313116
WINFUT;23/01/2023;11:10:00;163193,25;163366,16;162984,32;163092,39;1,309739308E10;401347
WINFUT;23/01/2023;11:00:00;163531,87;163603,92;163186,05;163193,25;1,154009354E10;353135
WINFUT;23/01/2023;10:50:00;163553,49;163683,17;163380,57;163524,67;1,007705456E10;308120
WINFUT;23/01/2023;10:40:00;163690,38;164065,02;163474,23;163553,49;1,328062769E10;405364
WINFUT;23/01/2023;10:30:00;163913,72;164093,84;163647,15;163697,58;1,412674083E10;431015
WINFUT;23/01/2023;10:20:00;163668,76;164021,79;163438,21;163913,72;1,542092904E10;470951
WINFUT;23/01/2023;10:10:00;163805,65;164014,59;163575,10;163668,76;1,745697916E10;533022
WINFUT;23/01/2023;10:00:00;162688,92;163899,31;162624,08;163805,65;2,000156119E10;612618
WINFUT;23/01/2023;09:50:00;162732,15;162897,86;162537,63;162688,92;1,232633428E10;378786
WINFUT;23/01/2023;09:40:00;162465,58;162768,18;162400,74;162732,15;8572940697,00;263664
WINFUT;23/01/2023;09:30:00;162436,76;162652,90;162393,53;162465,58;8755811823,00;269369
WINFUT;23/01/2023;09:20:00;162724,95;162732,15;162328,69;162436,76;9335508975,00;287229
WINFUT;23/01/2023;09:10:00;162746,56;162890,66;162667,31;162717,74;6893904770,00;211745
WINFUT;23/01/2023;09:00:00;163114,00;163337,35;162609,67;162739,36;1,145710144E10;351484
WINFUT;20/01/2023;18:20:00;162652,90;162912,27;162624,08;162912,27;854804288,60;26260
WINFUT;20/01/2023;18:10:00;162631,29;162703,33;162566,45;162652,90;2384227324,00;73298
WINFUT;20/01/2023;18:00:00;162869,04;162876,25;162523,22;162631,29;4892186989,00;150392
WINFUT;20/01/2023;17:50:00;162869,04;163020,34;162818,61;162869,04;3393380090,00;104145
WINFUT;20/01/2023;17:40:00;162941,09;163013,14;162869,04;162869,04;2910178465,00;89301
WINFUT;20/01/2023;17:30:00;162969,91;163092,39;162869,04;162941,09;4435976667,00;136095
WINFUT;20/01/2023;17:20:00;162811,40;163013,14;162804,20;162969,91;3354043949,00;102929
WINFUT;20/01/2023;17:10:00;162955,50;162962,70;162804,20;162804,20;4580426493,00;140608
WINFUT;20/01/2023;17:00:00;162948,29;163085,18;162890,66;162948,29;5247440512,00;160984
WINFUT;20/01/2023;16:50:00;163027,54;163056,36;162854,63;162941,09;4431915940,00;136001
WINFUT;20/01/2023;16:40:00;162869,04;163049,16;162833,02;163027,54;7232209331,00;221932
WINFUT;20/01/2023;16:30:00;162796,99;162869,04;162696,13;162861,84;3772040989,00;115870
WINFUT;20/01/2023;16:20:00;162753,77;162876,25;162696,13;162804,20;5040704506,00;154828
WINFUT;20/01/2023;16:10:00;162753,77;162789,79;162681,72;162753,77;3882638414,00;119293
WINFUT;20/01/2023;16:00:00;162789,79;162847,43;162667,31;162753,77;5391427264,00;165633
WINFUT;20/01/2023;15:50:00;162667,31;162962,70;162443,97;162796,99;9857472712,00;302927
WINFUT;20/01/2023;15:40:00;162732,15;162804,20;162458,37;162674,52;7798364957,00;239749
WINFUT;20/01/2023;15:30:00;162552,04;162890,66;162544,83;162739,36;7626768961,00;234284
WINFUT;20/01/2023;15:20:00;162580,85;162645,70;162429,56;162552,04;7393968616,00;227461
WINFUT;20/01/2023;15:10:00;162753,77;162789,79;162573,65;162573,65;5857941402,00;180037
WINFUT;20/01/2023;15:00:00;162840,22;162962,70;162523,22;162753,77;1,032966129E10;317385
WINFUT;20/01/2023;14:50:00;162847,43;162933,88;162775,38;162847,43;5486462798,00;168438
WINFUT;20/01/2023;14:40:00;162768,18;162861,84;162703,33;162847,43;5027109847,00;154396
WINFUT;20/01/2023;14:30:00;162775,38;162782,59;162616,88;162768,18;4841739474,00;148788
WINFUT;20/01/2023;14:20:00;162703,33;162854,63;162645,70;162775,38;6756350790,00;207563
WINFUT;20/01/2023;14:10:00;162696,13;162739,36;162537,63;162710,54;5775525794,00;177553
WINFUT;20/01/2023;14:00:00;162552,04;162710,54;162307,08;162696,13;9646826550,00;296753
WINFUT;20/01/2023;13:50:00;162883,45;162926,68;162400,74;162559,24;9469814656,00;291194
WINFUT;20/01/2023;13:40:00;162890,66;162969,91;162789,79;162890,66;5841210774,00;179310
WINFUT;20/01/2023;13:30:00;162977,11;162998,73;162796,99;162890,66;6685236252,00;205221
WINFUT;20/01/2023;13:20:00;162948,29;163005,93;162775,38;162977,11;8564497502,00;262912
WINFUT;20/01/2023;13:10:00;163214,87;163265,30;162919,47;162941,09;6797430268,00;208397
WINFUT;20/01/2023;13:00:00;163157,23;163358,96;163128,41;163222,07;7808937972,00;239167
WINFUT;20/01/2023;12:50:00;162984,32;163243,69;162941,09;163157,23;7425334813,00;227620
WINFUT;20/01/2023;12:40:00;162969,91;162984,32;162739,36;162984,32;7525620036,00;231059
WINFUT;20/01/2023;12:30:00;162912,27;163135,61;162869,04;162962,70;6154457159,00;188797
WINFUT;20/01/2023;12:20:00;163063,57;163164,43;162869,04;162912,27;8312318324,00;254943
WINFUT;20/01/2023;12:10:00;163099,59;163121,21;162840,22;163063,57;7948285674,00;243876
WINFUT;20/01/2023;12:00:00;162760,97;163128,41;162602,47;163099,59;1,213907084E10;372580
WINFUT;20/01/2023;11:50:00;162840,22;163063,57;162717,74;162753,77;1,000576974E10;307150
WINFUT;20/01/2023;11:40:00;162530,42;162919,47;162465,58;162840,22;9880084636,00;303581
WINFUT;20/01/2023;11:30:00;162638,49;162768,18;162220,62;162530,42;1,575443293E10;484911
WINFUT;20/01/2023;11:20:00;162573,65;162739,36;162559,24;162631,29;6654983206,00;204580
WINFUT;20/01/2023;11:10:00;162537,63;162724,95;162516,01;162573,65;7697534917,00;236674
WINFUT;20/01/2023;11:00:00;162472,78;162609,67;162170,19;162537,63;1,366119661E10;420676
WINFUT;20/01/2023;10:50:00;162602,47;162710,54;162364,71;162465,58;1,340376931E10;412357
WINFUT;20/01/2023;10:40:00;162523,22;162847,43;162494,40;162602,47;1,396565842E10;429256
WINFUT;20/01/2023;10:30:00;162710,54;162732,15;162299,87;162523,22;1,632521344E10;502331
WINFUT;20/01/2023;10:20:00;163114,00;163200,46;162624,08;162710,54;1,714861824E10;526318
WINFUT;20/01/2023;10:10:00;163625,53;163647,15;163063,57;163106,80;1,702655446E10;521206
WINFUT;20/01/2023;10:00:00;163582,31;163884,90;163337,35;163625,53;1,72113132E10;526014
WINFUT;20/01/2023;09:50:00;163675,97;163812,86;163459,83;163582,31;1,164377431E10;355755
WINFUT;20/01/2023;09:40:00;163647,15;163906,52;163625,53;163675,97;1,096828649E10;334859
WINFUT;20/01/2023;09:30:00;163459,83;163690,38;163380,57;163647,15;8611442687,00;263249
WINFUT;20/01/2023;09:20:00;163827,26;163856,08;163387,78;163459,83;1,024004058E10;313000
WINFUT;20/01/2023;09:10:00;164237,93;164245,14;163791,24;163827,26;9801552739,00;298824
WINFUT;20/01/2023;09:00:00;164093,84;164281,16;163755,22;164237,93;1,020075949E10;310957
WINFUT;19/01/2023;18:20:00;163755,22;163841,67;163567,90;163567,90;1087305264,00;33206
WINFUT;19/01/2023;18:10:00;163769,63;163884,90;163704,78;163748,01;2656344976,00;81077
WINFUT;19/01/2023;18:00:00;163935,33;164129,86;163733,60;163769,63;5294816778,00;161463
WINFUT;19/01/2023;17:50:00;164115,45;164129,86;163856,08;163942,54;5007291883,00;152680
WINFUT;19/01/2023;17:40:00;164043,40;164151,48;163992,97;164115,45;3175912587,00;96779
WINFUT;19/01/2023;17:30:00;164360,41;164382,02;164014,59;164043,40;5341594200,00;162709
WINFUT;19/01/2023;17:20:00;164209,11;164511,71;164173,09;164360,41;5484425437,00;166846
WINFUT;19/01/2023;17:10:00;164237,93;164252,34;164086,63;164216,32;4248218216,00;129397
WINFUT;19/01/2023;17:00:00;164180,29;164396,43;164151,48;164237,93;5058376128,00;153957
WINFUT;19/01/2023;16:50:00;164410,84;164432,46;164173,09;164173,09;5108163039,00;155489
WINFUT;19/01/2023;16:40:00;164021,79;164454,07;163978,56;164410,84;8420083744,00;256384
WINFUT;19/01/2023;16:30:00;163863,29;164065,02;163812,86;164021,79;6942628349,00;211722
WINFUT;19/01/2023;16:20:00;163582,31;164036,20;163553,49;163863,29;8725745963,00;266286
WINFUT;19/01/2023;16:10:00;163503,05;163683,17;163387,78;163589,51;6224314965,00;190283
WINFUT;19/01/2023;16:00:00;163733,60;163776,83;163431,01;163495,85;7010162219,00;214315
WINFUT;19/01/2023;15:50:00;163668,76;163791,24;163596,71;163740,81;6073555558,00;185504
WINFUT;19/01/2023;15:40:00;163820,06;163892,11;163423,80;163668,76;9725268749,00;297206
WINFUT;19/01/2023;15:30:00;163178,84;163834,47;163135,61;163820,06;1,307633705E10;399802
WINFUT;19/01/2023;15:20:00;163214,87;163366,16;163121,21;163178,84;6024013256,00;184528
WINFUT;19/01/2023;15:10:00;162703,33;163373,37;162667,31;163214,87;1,485021973E10;455321
WINFUT;19/01/2023;15:00:00;162732,15;162811,40;162487,19;162710,54;8715684632,00;267924
WINFUT;19/01/2023;14:50:00;162681,72;162789,79;162595,26;162724,95;5129863041,00;157651
WINFUT;19/01/2023;14:40:00;162717,74;162804,20;162595,26;162674,52;4517856717,00;138848
WINFUT;19/01/2023;14:30:00;162861,84;162919,47;162674,52;162710,54;6227207340,00;191290
WINFUT;19/01/2023;14:20:00;162897,86;162926,68;162696,13;162861,84;5388309455,00;165500
WINFUT;19/01/2023;14:10:00;162724,95;162955,50;162631,29;162905,07;6282468636,00;192939
WINFUT;19/01/2023;14:00:00;162379,12;162775,38;162379,12;162717,74;8772534070,00;269740
WINFUT;19/01/2023;13:50:00;162206,21;162544,83;162170,19;162386,33;7843210561,00;241538
WINFUT;19/01/2023;13:40:00;162148,57;162242,23;162018,89;162199,01;4993999771,00;154028
WINFUT;19/01/2023;13:30:00;162026,09;162249,44;161946,84;162155,78;6847059681,00;211166
WINFUT;19/01/2023;13:20:00;162379,12;162436,76;161954,05;162026,09;1,066875828E10;328999
WINFUT;19/01/2023;13:10:00;162508,81;162696,13;162350,30;162371,92;8856076672,00;272421
WINFUT;19/01/2023;13:00:00;162652,90;162703,33;162307,08;162508,81;1,000226898E10;307777
WINFUT;19/01/2023;12:50:00;162775,38;162861,84;162609,67;162645,70;5547230594,00;170457
WINFUT;19/01/2023;12:40:00;163027,54;163099,59;162580,85;162775,38;8854690548,00;271892
WINFUT;19/01/2023;12:30:00;162876,25;163128,41;162789,79;163027,54;8195101110,00;251445
WINFUT;19/01/2023;12:20:00;162717,74;162905,07;162645,70;162869,04;6669118363,00;204835
WINFUT;19/01/2023;12:10:00;162941,09;162955,50;162386,33;162710,54;1,26825801E10;389849
WINFUT;19/01/2023;12:00:00;162703,33;163063,57;162544,83;162941,09;1,240063989E10;380898
WINFUT;19/01/2023;11:50:00;163099,59;163157,23;162660,11;162696,13;1,096529622E10;336710
WINFUT;19/01/2023;11:40:00;163222,07;163272,50;162861,84;163092,39;1,15964035E10;355658
WINFUT;19/01/2023;11:30:00;162984,32;163611,12;162977,11;163229,28;1,988955627E10;609001
WINFUT;19/01/2023;11:20:00;162609,67;162991,52;162523,22;162977,11;9394242272,00;288669
WINFUT;19/01/2023;11:10:00;162696,13;162804,20;162544,83;162602,47;6896626553,00;211992
WINFUT;19/01/2023;11:00:00;163049,16;163150,02;162609,67;162688,92;1,164787458E10;357690
WINFUT;19/01/2023;10:50:00;162876,25;163250,89;162753,77;163049,16;1,215845393E10;372959
WINFUT;19/01/2023;10:40:00;162753,77;163200,46;162696,13;162883,45;1,849619517E10;567363
WINFUT;19/01/2023;10:30:00;162271,05;162782,59;162126,96;162746,56;2,02208052E10;622084
WINFUT;19/01/2023;10:20:00;161975,66;162400,74;161975,66;162263,85;1,292758289E10;398394
WINFUT;19/01/2023;10:10:00;161701,88;162206,21;161687,47;161975,66;1,543574541E10;476498
WINFUT;19/01/2023;10:00:00;161089,49;161795,54;161060,67;161694,68;1,69739528E10;525442
WINFUT;19/01/2023;09:50:00;160967,01;161291,22;160844,53;161096,69;8906589079,00;276448
WINFUT;19/01/2023;09:40:00;160988,62;161082,28;160909,37;160959,80;5299530943,00;164584
WINFUT;19/01/2023;09:30:00;161255,19;161384,88;160808,50;160995,82;1,002465725E10;311113
WINFUT;19/01/2023;09:20:00;161024,64;161255,19;160995,82;161255,19;6863713540,00;213012
WINFUT;19/01/2023;09:10:00;161003,03;161190,35;160938,19;161024,64;7355246054,00;228332
WINFUT;19/01/2023;09:00:00;161024,64;161276,81;160671,61;161010,23;1,031861424E10;320595
WINFUT;18/01/2023;18:20:00;162753,77;162897,86;162724,95;162825,81;965960244,00;29664
WINFUT;18/01/2023;18:10:00;162984,32;163070,77;162573,65;162753,77;4300235116,00;132054
WINFUT;18/01/2023;18:00:00;163092,39;163229,28;162919,47;162984,32;5311770473,00;162878
WINFUT;18/01/2023;17:50:00;163301,32;163322,94;163027,54;163099,59;5389894481,00;165193
WINFUT;18/01/2023;17:40:00;163351,76;163358,96;163200,46;163301,32;5101950369,00;156240
WINFUT;18/01/2023;17:30:00;163553,49;163560,69;163337,35;163351,76;4530100262,00;138591
WINFUT;18/01/2023;17:20:00;163495,85;163639,94;163459,83;163560,69;3698378073,00;113056
WINFUT;18/01/2023;17:10:00;163380,57;163531,87;163322,94;163495,85;5720636479,00;175020
WINFUT;18/01/2023;17:00:00;163711,99;163719,19;163344,55;163387,78;6453379545,00;197353
WINFUT;18/01/2023;16:50:00;163769,63;163784,04;163467,03;163704,78;6594812766,00;201515
WINFUT;18/01/2023;16:40:00;163733,60;163820,06;163675,97;163769,63;3766281321,00;114999
WINFUT;18/01/2023;16:30:00;163920,93;164014,59;163647,15;163726,40;6811502315,00;207883
WINFUT;18/01/2023;16:20:00;163704,78;163920,93;163639,94;163913,72;5488424704,00;167552
WINFUT;18/01/2023;16:10:00;163827,26;163841,67;163632,74;163697,58;4810216477,00;146914
WINFUT;18/01/2023;16:00:00;163784,04;163942,54;163690,38;163827,26;6437519100,00;196501
WINFUT;18/01/2023;15:50:00;163863,29;164165,88;163762,42;163784,04;9800998844,00;298898
WINFUT;18/01/2023;15:40:00;163625,53;163985,77;163611,12;163863,29;7458917705,00;227659
WINFUT;18/01/2023;15:30:00;163690,38;164007,38;163582,31;163625,53;1,046929355E10;319619
WINFUT;18/01/2023;15:20:00;163279,71;163740,81;163243,69;163690,38;9238196779,00;282464
WINFUT;18/01/2023;15:10:00;163279,71;163445,42;163049,16;163279,71;8570440227,00;262474
WINFUT;18/01/2023;15:00:00;163236,48;163387,78;163142,82;163279,71;6218270280,00;190424
WINFUT;18/01/2023;14:50:00;163553,49;163618,33;163214,87;163229,28;7180876052,00;219656
WINFUT;18/01/2023;14:40:00;163445,42;163611,12;163337,35;163553,49;6350415401,00;194238
WINFUT;18/01/2023;14:30:00;163358,96;163575,10;163258,09;163445,42;6725487374,00;205788
WINFUT;18/01/2023;14:20:00;163690,38;163748,01;162969,91;163358,96;1,611353109E10;493357
WINFUT;18/01/2023;14:10:00;163992,97;164072,22;163503,05;163683,17;1,067905757E10;326059
WINFUT;18/01/2023;14:00:00;164029,00;164122,66;163892,11;163992,97;9276804811,00;282798
WINFUT;18/01/2023;13:50:00;163668,76;164086,63;163474,23;164021,79;1,112571279E10;339615
WINFUT;18/01/2023;13:40:00;163632,74;163870,49;163488,64;163668,76;1,044971905E10;319266
WINFUT;18/01/2023;13:30:00;164122,66;164137,07;163611,12;163632,74;1,144845623E10;349388
WINFUT;18/01/2023;13:20:00;164187,50;164281,16;163848,88;164115,45;9978241944,00;304135
WINFUT;18/01/2023;13:10:00;164252,34;164331,59;164036,20;164180,29;9678160662,00;294740
WINFUT;18/01/2023;13:00:00;164173,09;164324,39;164086,63;164252,34;8168435457,00;248707
WINFUT;18/01/2023;12:50:00;164273,95;164360,41;163956,95;164173,09;9993159515,00;304391
WINFUT;18/01/2023;12:40:00;164158,68;164756,67;164151,48;164281,16;1,527499624E10;464364
WINFUT;18/01/2023;12:30:00;164266,75;164331,59;164079,43;164165,88;8937187503,00;272121
WINFUT;18/01/2023;12:20:00;164158,68;164554,94;164115,45;164273,95;1,259039325E10;383019
WINFUT;18/01/2023;12:10:00;164021,79;164490,10;163978,56;164165,88;1,313650018E10;399918
WINFUT;18/01/2023;12:00:00;163798,45;164079,43;163611,12;164029,00;1,132826339E10;345692
WINFUT;18/01/2023;11:50:00;163920,93;164194,70;163784,04;163791,24;1,349952608E10;411536
WINFUT;18/01/2023;11:40:00;163877,70;163978,56;163546,28;163913,72;1,661965891E10;507411
WINFUT;18/01/2023;11:30:00;164230,73;164432,46;163834,47;163877,70;1,515843424E10;461843
WINFUT;18/01/2023;11:20:00;164346,00;164396,43;164122,66;164237,93;9675699852,00;294534
WINFUT;18/01/2023;11:10:00;164137,07;164439,66;164021,79;164338,80;1,401687509E10;426746
WINFUT;18/01/2023;11:00:00;163848,88;164180,29;163791,24;164144,27;9617411380,00;293292
WINFUT;18/01/2023;10:50:00;164194,70;164288,36;163784,04;163848,88;1,333562443E10;406538
WINFUT;18/01/2023;10:40:00;164036,20;164252,34;163582,31;164187,50;1,462946474E10;446256
WINFUT;18/01/2023;10:30:00;163611,12;164209,11;163560,69;164036,20;2,305421917E10;703043
WINFUT;18/01/2023;10:20:00;163474,23;163834,47;163402,19;163611,12;1,270445873E10;388256
WINFUT;18/01/2023;10:10:00;163726,40;163784,04;163236,48;163474,23;1,605441039E10;491098
WINFUT;18/01/2023;10:00:00;163798,45;164050,61;163704,78;163726,40;1,282406307E10;391247
WINFUT;18/01/2023;09:50:00;163719,19;163971,36;163690,38;163798,45;7942634304,00;242393
WINFUT;18/01/2023;09:40:00;163690,38;163935,33;163654,35;163719,19;1,11443549E10;340198
WINFUT;18/01/2023;09:30:00;163178,84;163726,40;163171,64;163690,38;1,008400312E10;308425
WINFUT;18/01/2023;09:20:00;163128,41;163344,55;163077,98;163178,84;6978159950,00;213754
WINFUT;18/01/2023;09:10:00;163603,92;163683,17;163085,18;163121,21;1,197093638E10;366387
WINFUT;18/01/2023;09:00:00;162710,54;163711,99;162580,85;163611,12;1,588204267E10;486742
WINFUT;17/01/2023;18:20:00;162242,23;162256,64;162033,30;162134,16;1040402490,00;32081
WINFUT;17/01/2023;18:10:00;162033,30;162271,05;162018,89;162235,03;3090274555,00;95297
WINFUT;17/01/2023;18:00:00;162105,35;162126,96;161925,23;162033,30;3935318449,00;121458
WINFUT;17/01/2023;17:50:00;162249,44;162278,26;162083,73;162112,55;4155322660,00;128123
WINFUT;17/01/2023;17:40:00;162112,55;162335,90;162090,94;162256,64;6312727227,00;194563
WINFUT;17/01/2023;17:30:00;162062,12;162119,75;161982,87;162105,35;3492410081,00;107758
WINFUT;17/01/2023;17:20:00;162004,48;162141,37;161925,23;162054,91;4915292392,00;151685
WINFUT;17/01/2023;17:10:00;162040,50;162126,96;161961,25;162011,68;4869361081,00;150258
WINFUT;17/01/2023;17:00:00;161737,91;162069,32;161723,50;162040,50;6853291889,00;211624
WINFUT;17/01/2023;16:50:00;161709,09;161781,13;161637,04;161730,70;4360367177,00;134815
WINFUT;17/01/2023;16:40:00;161903,61;161918,02;161658,66;161701,88;5792816006,00;179062
WINFUT;17/01/2023;16:30:00;161564,99;161946,84;161557,79;161903,61;1,064873854E10;329185
WINFUT;17/01/2023;16:20:00;161356,06;161586,61;161334,44;161572,20;7597466336,00;235248
WINFUT;17/01/2023;16:10:00;161147,12;161377,67;161103,89;161356,06;7690009297,00;238411
WINFUT;17/01/2023;16:00:00;161168,74;161226,37;161039,05;161147,12;5342322592,00;165781
WINFUT;17/01/2023;15:50:00;161082,28;161226,37;161082,28;161168,74;4660770612,00;144604
WINFUT;17/01/2023;15:40:00;161327,24;161341,65;161067,87;161089,49;7946733089,00;246502
WINFUT;17/01/2023;15:30:00;161521,77;161521,77;161305,63;161320,04;4720444908,00;146222
WINFUT;17/01/2023;15:20:00;161471,33;161543,38;161428,11;161521,77;3255781826,00;100802
WINFUT;17/01/2023;15:10:00;161572,20;161615,43;161464,13;161471,33;3601699473,00;111486
WINFUT;17/01/2023;15:00:00;161593,81;161658,66;161514,56;161564,99;3801452670,00;117628
WINFUT;17/01/2023;14:50:00;161485,74;161637,04;161449,72;161601,02;4816215241,00;149065
WINFUT;17/01/2023;14:40:00;161478,54;161550,58;161442,51;161485,74;2898294162,00;89735
WINFUT;17/01/2023;14:30:00;161464,13;161557,79;161406,49;161478,54;3835204019,00;118749
WINFUT;17/01/2023;14:20:00;161456,92;161528,97;161377,67;161464,13;5527977781,00;171190
WINFUT;17/01/2023;14:10:00;161716,29;161723,50;161442,51;161456,92;6396695705,00;197967
WINFUT;17/01/2023;14:00:00;161766,73;161802,75;161687,47;161716,29;3500300152,00;108210
WINFUT;17/01/2023;13:50:00;161788,34;161903,61;161716,29;161759,52;5351875558,00;165386
WINFUT;17/01/2023;13:40:00;161745,11;161795,54;161593,81;161795,54;5254911651,00;162504
WINFUT;17/01/2023;13:30:00;161788,34;161939,64;161665,86;161745,11;8159412658,00;252152
WINFUT;17/01/2023;13:20:00;161356,06;161838,77;161320,04;161781,13;9062133789,00;280394
WINFUT;17/01/2023;13:10:00;161507,36;161521,77;161305,63;161356,06;5494274014,00;170209
WINFUT;17/01/2023;13:00:00;161060,67;161579,40;160974,21;161500,15;1,188943575E10;368516
WINFUT;17/01/2023;12:50:00;161010,23;161118,30;160952,60;161067,87;5211659438,00;161812
WINFUT;17/01/2023;12:40:00;161017,44;161067,87;160858,94;161010,23;6687074861,00;207715
WINFUT;17/01/2023;12:30:00;160837,32;161168,74;160786,89;161010,23;8510065785,00;264245
WINFUT;17/01/2023;12:20:00;161003,03;161161,53;160765,27;160837,32;8312745105,00;258202
WINFUT;17/01/2023;12:10:00;160959,80;161190,35;160880,55;161003,03;9555522405,00;296713
WINFUT;17/01/2023;12:00:00;160930,98;161060,67;160736,46;160952,60;1,142758831E10;355097
WINFUT;17/01/2023;11:50:00;160981,42;161154,33;160714,84;160938,19;1,340642591E10;416483
WINFUT;17/01/2023;11:40:00;160686,02;160988,62;160513,11;160974,21;1,317405313E10;409882
WINFUT;17/01/2023;11:30:00;160613,98;161096,69;160390,63;160686,02;1,88786131E10;587249
WINFUT;17/01/2023;11:20:00;160282,56;160678,82;160188,90;160613,98;9631748433,00;300149
WINFUT;17/01/2023;11:10:00;160318,58;160534,72;160181,70;160275,36;1,095856828E10;341705
WINFUT;17/01/2023;11:00:00;160282,56;160383,43;160037,60;160318,58;1,052350195E10;328399
WINFUT;17/01/2023;10:50:00;160131,26;160397,84;160088,03;160289,77;9653902011,00;301214
WINFUT;17/01/2023;10:40:00;160700,43;160714,84;160116,85;160138,47;1,227565355E10;382745
WINFUT;17/01/2023;10:30:00;160455,47;160967,01;160419,45;160700,43;1,613721649E10;502065
WINFUT;17/01/2023;10:20:00;160131,26;160477,09;160030,40;160448,27;1,102663579E10;343917
WINFUT;17/01/2023;10:10:00;159893,51;160268,15;159720,60;160131,26;1,528673743E10;477600
WINFUT;17/01/2023;10:00:00;159209,06;159900,71;159158,63;159886,30;1,959041382E10;614040
WINFUT;17/01/2023;09:50:00;159057,76;159259,50;158884,85;159209,06;1,001361086E10;314835
WINFUT;17/01/2023;09:40:00;159209,06;159309,93;159000,13;159050,56;8371360102,00;262953
WINFUT;17/01/2023;09:30:00;158978,51;159237,88;158949,69;159209,06;8748985037,00;274953
WINFUT;17/01/2023;09:20:00;158791,19;159050,56;158719,14;158971,31;8499215339,00;267433
WINFUT;17/01/2023;09:10:00;159028,95;159129,81;158618,28;158798,40;1,027451105E10;323439
WINFUT;17/01/2023;09:00:00;158503,00;159079,38;158416,55;159021,74;9957659488,00;313461
WINFUT;16/01/2023;18:20:00;158625,48;158740,76;158438,16;158438,16;855060651,60;26966
WINFUT;16/01/2023;18:10:00;158618,28;158726,35;158524,62;158625,48;2360896818,00;74413
WINFUT;16/01/2023;18:00:00;158524,62;158690,33;158466,98;158611,07;2410125750,00;75995
WINFUT;16/01/2023;17:50:00;158632,69;158661,51;158445,37;158531,82;2925267744,00;92248
WINFUT;16/01/2023;17:40:00;158618,28;158747,96;158589,46;158632,69;2956568824,00;93165
WINFUT;16/01/2023;17:30:00;158495,80;158639,89;158481,39;158611,07;2629922205,00;82921
WINFUT;16/01/2023;17:20:00;158503,00;158575,05;158466,98;158495,80;1809939008,00;57089
WINFUT;16/01/2023;17:10:00;158560,64;158632,69;158438,16;158495,80;2873283292,00;90630
WINFUT;16/01/2023;17:00:00;158539,03;158711,94;158351,71;158560,64;6013186466,00;189657
WINFUT;16/01/2023;16:50:00;158632,69;158776,78;158510,21;158531,82;5915567277,00;186445
WINFUT;16/01/2023;16:40:00;158380,52;158675,92;158308,48;158625,48;4964299784,00;156572
WINFUT;16/01/2023;16:30:00;158423,75;158517,41;158366,12;158380,52;3155565417,00;99585
WINFUT;16/01/2023;16:20:00;158531,82;158553,44;158366,12;158423,75;2613456323,00;82469
WINFUT;16/01/2023;16:10:00;158351,71;158567,85;158250,84;158524,62;4559000687,00;143883
WINFUT;16/01/2023;16:00:00;158394,93;158423,75;158265,25;158351,71;3438142093,00;108567
WINFUT;16/01/2023;15:50:00;158553,44;158567,85;158344,50;158394,93;4349897646,00;137269
WINFUT;16/01/2023;15:40:00;158438,16;158596,67;158387,73;158560,64;3747430193,00;118219
WINFUT;16/01/2023;15:30:00;158294,07;158503,00;158207,61;158438,16;6176751604,00;195010
WINFUT;16/01/2023;15:20:00;158250,84;158503,00;158077,93;158286,86;8017431016,00;253239
WINFUT;16/01/2023;15:10:00;158697,53;158791,19;158164,38;158243,64;9275571008,00;292650
WINFUT;16/01/2023;15:00:00;159079,38;159079,38;158675,92;158697,53;5918101678,00;186260
WINFUT;16/01/2023;14:50:00;158935,29;159165,84;158920,88;159079,38;4637915366,00;145789
WINFUT;16/01/2023;14:40:00;158870,44;158956,90;158690,33;158935,29;4934235998,00;155312
WINFUT;16/01/2023;14:30:00;159043,36;159093,79;158704,74;158863,24;6286359387,00;197817
WINFUT;16/01/2023;14:20:00;159043,36;159122,61;158985,72;159036,15;2747023418,00;86354
WINFUT;16/01/2023;14:10:00;159165,84;159180,24;158971,31;159043,36;4295036519,00;135017
WINFUT;16/01/2023;14:00:00;159108,20;159345,95;159093,79;159158,63;7019419500,00;220429
WINFUT;16/01/2023;13:50:00;159028,95;159122,61;158949,69;159108,20;3212348296,00;100983
WINFUT;16/01/2023;13:40:00;159014,54;159100,99;158964,10;159021,74;2600574215,00;81763
WINFUT;16/01/2023;13:30:00;159086,58;159180,24;158928,08;159007,33;6106150952,00;191964
WINFUT;16/01/2023;13:20:00;158985,72;159151,43;158964,10;159086,58;4746981770,00;149232
WINFUT;16/01/2023;13:10:00;158892,06;159014,54;158776,78;158985,72;5233923196,00;164699
WINFUT;16/01/2023;13:00:00;159086,58;159115,40;158812,81;158884,85;5514055593,00;173431
WINFUT;16/01/2023;12:50:00;158899,26;159093,79;158834,42;159086,58;5776868876,00;181697
WINFUT;16/01/2023;12:40:00;158618,28;158935,29;158618,28;158899,26;6066785913,00;191022
WINFUT;16/01/2023;12:30:00;158452,57;158683,12;158294,07;158618,28;9984434617,00;314969
WINFUT;16/01/2023;12:20:00;158985,72;159007,33;158416,55;158452,57;8580172132,00;270313
WINFUT;16/01/2023;12:10:00;158899,26;159057,76;158791,19;158985,72;5590218283,00;175858
WINFUT;16/01/2023;12:00:00;159173,04;159187,45;158856,03;158899,26;7493299635,00;235641
WINFUT;16/01/2023;11:50:00;158755,17;159194,65;158719,14;159173,04;9196495707,00;289110
WINFUT;16/01/2023;11:40:00;158747,96;159072,17;158632,69;158762,37;9925483103,00;312436
WINFUT;16/01/2023;11:30:00;158834,42;158964,10;158603,87;158747,96;8884285590,00;279769
WINFUT;16/01/2023;11:20:00;158639,89;158942,49;158466,98;158834,42;1,272468505E10;400899
WINFUT;16/01/2023;11:10:00;159778,23;159785,44;158546,23;158632,69;2,257847713E10;709928
WINFUT;16/01/2023;11:00:00;159929,53;160001,58;159425,20;159771,03;1,283154478E10;401686
WINFUT;16/01/2023;10:50:00;160008,78;160217,72;159771,03;159929,53;1,17660398E10;367684
WINFUT;16/01/2023;10:40:00;159742,21;160282,56;159713,39;160015,99;1,160599152E10;362580
WINFUT;16/01/2023;10:30:00;159922,33;159936,74;159612,53;159749,41;9569139368,00;299438
WINFUT;16/01/2023;10:20:00;159864,69;160059,22;159511,66;159929,53;1,543861813E10;483162
WINFUT;16/01/2023;10:10:00;160246,54;160275,36;159691,78;159871,89;1,450259271E10;453306
WINFUT;16/01/2023;10:00:00;160044,81;160570,75;159987,17;160246,54;1,402133826E10;437244
WINFUT;16/01/2023;09:50:00;160246,54;160369,02;160023,19;160037,60;8494292699,00;265150
WINFUT;16/01/2023;09:40:00;160203,31;160340,20;160124,06;160246,54;5535961269,00;172751
WINFUT;16/01/2023;09:30:00;160419,45;160491,50;160138,47;160210,51;9586041301,00;299058
WINFUT;16/01/2023;09:20:00;160772,48;160858,94;160289,77;160412,25;8947481845,00;278658
WINFUT;16/01/2023;09:10:00;160592,36;160866,14;160462,68;160772,48;7336567468,00;228316
WINFUT;16/01/2023;09:00:00;160088,03;160592,36;159843,08;160585,16;8831122614,00;275556
WINFUT;13/01/2023;18:20:00;161399,29;161514,56;161320,04;161370,47;883616567,50;27373
WINFUT;13/01/2023;18:10:00;161644,25;161665,86;161356,06;161406,49;2832322005,00;87688
WINFUT;13/01/2023;18:00:00;161370,47;161701,88;161348,85;161651,45;3538852662,00;109562
WINFUT;13/01/2023;17:50:00;161637,04;161644,25;161348,85;161377,67;4342747504,00;134473
WINFUT;13/01/2023;17:40:00;161694,68;161788,34;161593,81;161644,25;3999909372,00;123698
WINFUT;13/01/2023;17:30:00;161608,22;161737,91;161478,54;161701,88;5270795760,00;163076
WINFUT;13/01/2023;17:20:00;161291,22;161615,43;161269,60;161601,02;5936075233,00;183825
WINFUT;13/01/2023;17:10:00;161111,10;161305,63;161060,67;161291,22;3912878307,00;121380
WINFUT;13/01/2023;17:00:00;161204,76;161348,85;160988,62;161118,30;7104918562,00;220404
WINFUT;13/01/2023;16:50:00;161420,90;161428,11;161132,71;161211,96;6381771412,00;197876
WINFUT;13/01/2023;16:40:00;161413,70;161485,74;161327,24;161413,70;4301403038,00;133235
WINFUT;13/01/2023;16:30:00;161536,18;161579,40;161320,04;161420,90;5645525340,00;174833
WINFUT;13/01/2023;16:20:00;161521,77;161687,47;161471,33;161543,38;4703477821,00;145553
WINFUT;13/01/2023;16:10:00;161478,54;161658,66;161420,90;161514,56;5131530445,00;158824
WINFUT;13/01/2023;16:00:00;161521,77;161637,04;161449,72;161478,54;5008610650,00;155027
WINFUT;13/01/2023;15:50:00;161781,13;161824,36;161478,54;161521,77;6730051187,00;208216
WINFUT;13/01/2023;15:40:00;161622,63;161889,20;161622,63;161773,93;6922689857,00;213955
WINFUT;13/01/2023;15:30:00;161442,51;161651,45;161428,11;161622,63;4449291710,00;137695
WINFUT;13/01/2023;15:20:00;161392,08;161514,56;161305,63;161449,72;5250568230,00;162634
WINFUT;13/01/2023;15:10:00;161420,90;161543,38;161377,67;161392,08;4154125379,00;128641
WINFUT;13/01/2023;15:00:00;161543,38;161557,79;161341,65;161413,70;4976670883,00;154155
WINFUT;13/01/2023;14:50:00;161507,36;161629,84;161471,33;161543,38;4493613188,00;139078
WINFUT;13/01/2023;14:40:00;161406,49;161579,40;161399,29;161507,36;4547138147,00;140793
WINFUT;13/01/2023;14:30:00;161456,92;161536,18;161305,63;161406,49;7409670555,00;229510
WINFUT;13/01/2023;14:20:00;161637,04;161752,32;161449,72;161464,13;6445250225,00;199406
WINFUT;13/01/2023;14:10:00;161716,29;161752,32;161392,08;161637,04;6807104728,00;210645
WINFUT;13/01/2023;14:00:00;161716,29;161910,82;161564,99;161716,29;7921880637,00;244931
WINFUT;13/01/2023;13:50:00;161557,79;161802,75;161471,33;161716,29;7554058030,00;233679
WINFUT;13/01/2023;13:40:00;161312,83;161572,20;161204,76;161550,58;7145598259,00;221336
WINFUT;13/01/2023;13:30:00;161413,70;161500,15;161276,81;161312,83;7457831499,00;231062
WINFUT;13/01/2023;13:20:00;161046,26;161471,33;160995,82;161420,90;7698531047,00;238662
WINFUT;13/01/2023;13:10:00;161226,37;161284,01;160974,21;161039,05;8022677070,00;248941
WINFUT;13/01/2023;13:00:00;161550,58;161601,02;161111,10;161226,37;7205796218,00;223283
WINFUT;13/01/2023;12:50:00;161492,95;161644,25;161428,11;161557,79;5290863885,00;163761
WINFUT;13/01/2023;12:40:00;161521,77;161615,43;161370,47;161492,95;5939954026,00;183905
WINFUT;13/01/2023;12:30:00;161658,66;161694,68;161420,90;161521,77;6406649322,00;198302
WINFUT;13/01/2023;12:20:00;161435,31;161658,66;161320,04;161658,66;7343714171,00;227387
WINFUT;13/01/2023;12:10:00;161255,19;161471,33;161139,92;161435,31;8592723131,00;266308
WINFUT;13/01/2023;12:00:00;161615,43;161658,66;161161,53;161255,19;1,496047865E10;463423
WINFUT;13/01/2023;11:50:00;161766,73;162047,71;161543,38;161615,43;1,252358704E10;386994
WINFUT;13/01/2023;11:40:00;161492,95;161853,18;161406,49;161773,93;1,30667711E10;404187
WINFUT;13/01/2023;11:30:00;160959,80;161507,36;160952,60;161492,95;1,285894582E10;398630
WINFUT;13/01/2023;11:20:00;160988,62;161211,96;160815,71;160959,80;9175727568,00;284941
WINFUT;13/01/2023;11:10:00;160938,19;161024,64;160686,02;160988,62;1,10849534E10;344580
WINFUT;13/01/2023;11:00:00;161334,44;161363,26;160844,53;160945,39;1,434361669E10;445256
WINFUT;13/01/2023;10:50:00;161348,85;161564,99;161111,10;161334,44;1,274349171E10;394931
WINFUT;13/01/2023;10:40:00;161399,29;161694,68;161262,40;161341,65;1,471947999E10;455788
WINFUT;13/01/2023;10:30:00;161060,67;161449,72;160794,09;161399,29;1,592336809E10;494071
WINFUT;13/01/2023;10:20:00;160858,94;161327,24;160851,73;161060,67;1,297668557E10;402716
WINFUT;13/01/2023;10:10:00;160902,16;160945,39;160527,52;160851,73;1,620477995E10;504124
WINFUT;13/01/2023;10:00:00;161168,74;161269,60;160786,89;160902,16;1,555027864E10;482678
WINFUT;13/01/2023;09:50:00;161392,08;161449,72;161003,03;161168,74;1,099529664E10;340995
WINFUT;13/01/2023;09:40:00;161658,66;161730,70;161219,17;161392,08;1,327419713E10;411066
WINFUT;13/01/2023;09:30:00;162040,50;162134,16;161629,84;161658,66;1,035899367E10;319895
WINFUT;13/01/2023;09:20:00;162335,90;162451,17;161896,41;162040,50;1,387835014E10;427935
WINFUT;13/01/2023;09:10:00;162393,53;162645,70;162307,08;162335,90;7572870582,00;233036
WINFUT;13/01/2023;09:00:00;162292,67;162674,52;162206,21;162386,33;7962783995,00;245047
WINFUT;12/01/2023;18:20:00;162948,29;162998,73;162811,40;162811,40;721961949,00;22161
WINFUT;12/01/2023;18:10:00;162919,47;163020,34;162768,18;162948,29;2541814151,00;78023
WINFUT;12/01/2023;18:00:00;162969,91;163077,98;162681,72;162912,27;4933796612,00;151486
WINFUT;12/01/2023;17:50:00;162688,92;163092,39;162660,11;162969,91;5704078269,00;175041
WINFUT;12/01/2023;17:40:00;162775,38;162897,86;162631,29;162688,92;5168891750,00;158799
WINFUT;12/01/2023;17:30:00;162811,40;163041,95;162739,36;162782,59;6297514237,00;193290
WINFUT;12/01/2023;17:20:00;162530,42;162905,07;162494,40;162804,20;6080729565,00;186833
WINFUT;12/01/2023;17:10:00;162703,33;162710,54;162307,08;162530,42;8771281781,00;269888
WINFUT;12/01/2023;17:00:00;163258,09;163265,30;162465,58;162703,33;1,081676811E10;332189
WINFUT;12/01/2023;16:50:00;163294,12;163351,76;163063,57;163258,09;6734850902,00;206313
WINFUT;12/01/2023;16:40:00;162796,99;163322,94;162796,99;163301,32;7580418033,00;232364
WINFUT;12/01/2023;16:30:00;163063,57;163171,64;162732,15;162804,20;1,268548101E10;389210
WINFUT;12/01/2023;16:20:00;163596,71;163632,74;163049,16;163063,57;1,075773523E10;329217
WINFUT;12/01/2023;16:10:00;163661,56;163798,45;163488,64;163596,71;7860999459,00;240198
WINFUT;12/01/2023;16:00:00;163820,06;163949,74;163596,71;163661,56;6764347820,00;206451
WINFUT;12/01/2023;15:50:00;163856,08;163877,70;163647,15;163820,06;4731478383,00;144453
WINFUT;12/01/2023;15:40:00;163805,65;163899,31;163661,56;163848,88;5908745415,00;180390
WINFUT;12/01/2023;15:30:00;163337,35;163848,88;163301,32;163812,86;8096967186,00;247415
WINFUT;12/01/2023;15:20:00;163769,63;163856,08;163286,91;163344,55;8120013739,00;248225
WINFUT;12/01/2023;15:10:00;163798,45;163928,13;163661,56;163762,42;5505240801,00;168067
WINFUT;12/01/2023;15:00:00;163949,74;164014,59;163776,83;163791,24;6873040973,00;209694
WINFUT;12/01/2023;14:50:00;163611,12;164173,09;163546,28;163949,74;8640146128,00;263547
WINFUT;12/01/2023;14:40:00;163510,26;163769,63;163474,23;163603,92;7015889351,00;214365
WINFUT;12/01/2023;14:30:00;163769,63;164014,59;163445,42;163510,26;8302643365,00;253459
WINFUT;12/01/2023;14:20:00;163906,52;164007,38;163748,01;163762,42;6213431752,00;189577
WINFUT;12/01/2023;14:10:00;164151,48;164367,62;163812,86;163913,72;8883257110,00;270725
WINFUT;12/01/2023;14:00:00;164057,81;164331,59;163856,08;164144,27;9210255175,00;280667
WINFUT;12/01/2023;13:50:00;163762,42;164108,25;163603,92;164065,02;7747996174,00;236501
WINFUT;12/01/2023;13:40:00;164115,45;164122,66;163719,19;163762,42;6452364233,00;196812
WINFUT;12/01/2023;13:30:00;163992,97;164259,55;163740,81;164115,45;9863086396,00;300732
WINFUT;12/01/2023;13:20:00;163805,65;164014,59;163647,15;163985,77;7512811304,00;229305
WINFUT;12/01/2023;13:10:00;163884,90;163971,36;163560,69;163812,86;9324627220,00;284661
WINFUT;12/01/2023;13:00:00;162926,68;164072,22;162804,20;163892,11;1,739340308E10;532077
WINFUT;12/01/2023;12:50:00;162458,37;163099,59;162364,71;162926,68;1,20995082E10;371725
WINFUT;12/01/2023;12:40:00;162235,03;162465,58;162083,73;162451,17;1,021811857E10;314873
WINFUT;12/01/2023;12:30:00;161745,11;162335,90;161637,04;162235,03;9953951602,00;307214
WINFUT;12/01/2023;12:20:00;161392,08;161809,95;161384,88;161752,32;8278621038,00;256156
WINFUT;12/01/2023;12:10:00;161118,30;161572,20;160945,39;161392,08;1,304647211E10;404482
WINFUT;12/01/2023;12:00:00;161572,20;161637,04;161053,46;161118,30;1,595065095E10;494391
WINFUT;12/01/2023;11:50:00;161853,18;161925,23;161298,42;161572,20;1,575126623E10;487361
WINFUT;12/01/2023;11:40:00;162552,04;162616,88;161737,91;161860,39;1,350869913E10;416867
WINFUT;12/01/2023;11:30:00;162393,53;162616,88;162011,68;162552,04;1,544250435E10;475666
WINFUT;12/01/2023;11:20:00;161651,45;162465,58;161572,20;162386,33;1,386475929E10;427837
WINFUT;12/01/2023;11:10:00;162588,06;162631,29;161608,22;161651,45;1,521206838E10;469254
WINFUT;12/01/2023;11:00:00;162652,90;162840,22;162436,76;162588,06;9897554925,00;304259
WINFUT;12/01/2023;10:50:00;162508,81;162724,95;161817,16;162660,11;1,828197243E10;563057
WINFUT;12/01/2023;10:40:00;162811,40;163114,00;162415,15;162508,81;1,9778415E10;607392
WINFUT;12/01/2023;10:30:00;162393,53;163085,18;161982,87;162818,61;2,412278353E10;741436
WINFUT;12/01/2023;10:20:00;163049,16;163121,21;162054,91;162386,33;1,968724296E10;605404
WINFUT;12/01/2023;10:10:00;163099,59;163322,94;162869,04;163049,16;1,453784818E10;445746
WINFUT;12/01/2023;10:00:00;163135,61;163567,90;163013,14;163092,39;1,529621177E10;468378
WINFUT;12/01/2023;09:50:00;163301,32;163452,62;163121,21;163128,41;6514727434,00;199472
WINFUT;12/01/2023;09:40:00;163546,28;163618,33;163243,69;163294,12;7824606495,00;239394
WINFUT;12/01/2023;09:30:00;163438,21;163748,01;163322,94;163539,08;1,191135617E10;364289
WINFUT;12/01/2023;09:20:00;163027,54;163567,90;162969,91;163438,21;9580918593,00;293437
WINFUT;12/01/2023;09:10:00;162969,91;163063,57;162775,38;163027,54;7390023553,00;226770
WINFUT;12/01/2023;09:00:00;163114,00;163445,42;162724,95;162969,91;1,256289785E10;385316
WINFUT;11/01/2023;18:20:00;164353,21;164454,07;164173,09;164252,34;1349354667,00;41061
WINFUT;11/01/2023;18:10:00;164237,93;164540,53;164165,88;164346,00;4493782082,00;136685
WINFUT;11/01/2023;18:00:00;163978,56;164410,84;163913,72;164237,93;5342313142,00;162756
WINFUT;11/01/2023;17:50:00;163791,24;164144,27;163546,28;163978,56;6714234571,00;204902
WINFUT;11/01/2023;17:40:00;163503,05;164158,68;163452,62;163791,24;1,162243719E10;354719
WINFUT;11/01/2023;17:30:00;162825,81;163546,28;162811,40;163503,05;9522460557,00;291841
WINFUT;11/01/2023;17:20:00;162854,63;162991,52;162768,18;162825,81;5416977668,00;166296
WINFUT;11/01/2023;17:10:00;162674,52;162941,09;162602,47;162854,63;7143086842,00;219436
WINFUT;11/01/2023;17:00:00;162508,81;162912,27;162487,19;162674,52;8379328699,00;257441
WINFUT;11/01/2023;16:50:00;162501,60;162681,72;162379,12;162508,81;6590460916,00;202759
WINFUT;11/01/2023;16:40:00;162328,69;162631,29;162314,28;162494,40;7887544452,00;242688
WINFUT;11/01/2023;16:30:00;162213,42;162379,12;162191,80;162321,49;3718696695,00;114570
WINFUT;11/01/2023;16:20:00;162206,21;162393,53;162170,19;162213,42;6128197072,00;188823
WINFUT;11/01/2023;16:10:00;162177,39;162307,08;162062,12;162206,21;5168840319,00;159350
WINFUT;11/01/2023;16:00:00;162206,21;162263,85;162105,35;162177,39;3963320299,00;122196
WINFUT;11/01/2023;15:50:00;162090,94;162249,44;162047,71;162199,01;4857043548,00;149752
WINFUT;11/01/2023;15:40:00;162004,48;162177,39;161939,64;162090,94;4928405722,00;152050
WINFUT;11/01/2023;15:30:00;161954,05;162141,37;161860,39;162004,48;8050810434,00;248457
WINFUT;11/01/2023;15:20:00;161982,87;162026,09;161824,36;161954,05;5723571845,00;176723
WINFUT;11/01/2023;15:10:00;162307,08;162371,92;161961,25;161982,87;9422079329,00;290488
WINFUT;11/01/2023;15:00:00;162400,74;162407,94;161896,41;162307,08;1,17424201E10;362058
WINFUT;11/01/2023;14:50:00;162537,63;162544,83;162328,69;162393,53;6283019679,00;193390
WINFUT;11/01/2023;14:40:00;162386,33;162688,92;162299,87;162544,83;9345100924,00;287524
WINFUT;11/01/2023;14:30:00;162314,28;162407,94;162199,01;162393,53;5837998839,00;179859
WINFUT;11/01/2023;14:20:00;162040,50;162451,17;162004,48;162314,28;1,205214529E10;371446
WINFUT;11/01/2023;14:10:00;161860,39;162062,12;161824,36;162040,50;4451773981,00;137450
WINFUT;11/01/2023;14:00:00;162011,68;162105,35;161831,57;161853,18;5133252375,00;158480
WINFUT;11/01/2023;13:50:00;161982,87;162083,73;161896,41;162018,89;5865423349,00;181031
WINFUT;11/01/2023;13:40:00;161867,59;161997,28;161723,50;161982,87;5717675532,00;176617
WINFUT;11/01/2023;13:30:00;161788,34;162026,09;161781,13;161874,80;5264505675,00;162584
WINFUT;11/01/2023;13:20:00;161860,39;161982,87;161759,52;161795,54;5658947939,00;174804
WINFUT;11/01/2023;13:10:00;161910,82;162112,55;161701,88;161860,39;7685224417,00;237344
WINFUT;11/01/2023;13:00:00;161781,13;162090,94;161737,91;161903,61;8146489334,00;251550
WINFUT;11/01/2023;12:50:00;161665,86;161889,20;161615,43;161773,93;7034324387,00;217475
WINFUT;11/01/2023;12:40:00;161629,84;161730,70;161428,11;161673,06;7621626583,00;235839
WINFUT;11/01/2023;12:30:00;161961,25;161968,46;161464,13;161629,84;8988101743,00;277913
WINFUT;11/01/2023;12:20:00;161925,23;162004,48;161737,91;161961,25;6642343380,00;205158
WINFUT;11/01/2023;12:10:00;161975,66;162083,73;161817,16;161925,23;7751605890,00;239344
WINFUT;11/01/2023;12:00:00;162242,23;162299,87;161946,84;161975,66;9430717617,00;290795
WINFUT;11/01/2023;11:50:00;162040,50;162285,46;161982,87;162249,44;1,010824034E10;311724
WINFUT;11/01/2023;11:40:00;161795,54;162443,97;161759,52;162040,50;1,666555339E10;513989
WINFUT;11/01/2023;11:30:00;162069,32;162285,46;161622,63;161788,34;1,538309253E10;474910
WINFUT;11/01/2023;11:20:00;161918,02;162343,10;161853,18;162069,32;1,469321287E10;453127
WINFUT;11/01/2023;11:10:00;161521,77;162054,91;161341,65;161918,02;1,383983929E10;428062
WINFUT;11/01/2023;11:00:00;161701,88;161730,70;161327,24;161521,77;1,37242203E10;424823
WINFUT;11/01/2023;10:50:00;162170,19;162177,39;161586,61;161709,09;1,575302443E10;486677
WINFUT;11/01/2023;10:40:00;162213,42;162631,29;162105,35;162170,19;1,443191851E10;444519
WINFUT;11/01/2023;10:30:00;162292,67;162422,35;161882,00;162213,42;1,567522483E10;483455
WINFUT;11/01/2023;10:20:00;162458,37;162883,45;162263,85;162292,67;1,918451674E10;589986
WINFUT;11/01/2023;10:10:00;161579,40;162479,99;161363,26;162458,37;2,263013125E10;698807
WINFUT;11/01/2023;10:00:00;161161,53;161759,52;161031,85;161572,20;2,01329689E10;623563
WINFUT;11/01/2023;09:50:00;161197,56;161284,01;161111,10;161161,53;7425689463,00;230332
WINFUT;11/01/2023;09:40:00;161572,20;161622,63;161132,71;161204,76;9760965036,00;302464
WINFUT;11/01/2023;09:30:00;161312,83;161687,47;161226,37;161579,40;1,016698769E10;314825
WINFUT;11/01/2023;09:20:00;161219,17;161420,90;161067,87;161312,83;7518198799,00;233126
WINFUT;11/01/2023;09:10:00;161211,96;161435,31;161039,05;161211,96;1,095172086E10;339629
WINFUT;11/01/2023;09:00:00;161312,83;161644,25;161060,67;161211,96;1,069327215E10;331389
WINFUT;10/01/2023;18:20:00;161615,43;161622,63;161226,37;161226,37;1678094240,00;51988
WINFUT;10/01/2023;18:10:00;161485,74;161730,70;161478,54;161608,22;3666093089,00;113430
WINFUT;10/01/2023;18:00:00;161392,08;161557,79;161363,26;161485,74;2970764088,00;92002
WINFUT;10/01/2023;17:50:00;161456,92;161557,79;161327,24;161392,08;6176920367,00;191319
WINFUT;10/01/2023;17:40:00;161644,25;161665,86;161392,08;161456,92;5620452736,00;173996
WINFUT;10/01/2023;17:30:00;161694,68;161694,68;161550,58;161644,25;4778549815,00;147834
WINFUT;10/01/2023;17:20:00;161730,70;161752,32;161637,04;161694,68;3579280962,00;110678
WINFUT;10/01/2023;17:10:00;161788,34;161896,41;161687,47;161730,70;6199141571,00;191566
WINFUT;10/01/2023;17:00:00;161673,06;161831,57;161601,02;161788,34;6463603634,00;199851
WINFUT;10/01/2023;16:50:00;161694,68;161701,88;161572,20;161673,06;4225978884,00;130729
WINFUT;10/01/2023;16:40:00;161629,84;161752,32;161550,58;161701,88;7215285144,00;223166
WINFUT;10/01/2023;16:30:00;161802,75;161925,23;161608,22;161637,04;7187898798,00;222168
WINFUT;10/01/2023;16:20:00;161946,84;161975,66;161752,32;161809,95;7739227128,00;239121
WINFUT;10/01/2023;16:10:00;161802,75;162098,14;161802,75;161939,64;1,033535077E10;319068
WINFUT;10/01/2023;16:00:00;161528,97;161874,80;161485,74;161802,75;1,0531201E10;325606
WINFUT;10/01/2023;15:50:00;161118,30;161601,02;161082,28;161521,77;1,292998749E10;400585
WINFUT;10/01/2023;15:40:00;161082,28;161219,17;161060,67;161125,51;6743783230,00;209239
WINFUT;10/01/2023;15:30:00;160858,94;161190,35;160801,30;161082,28;1,114910518E10;346226
WINFUT;10/01/2023;15:20:00;160657,20;160909,37;160585,16;160858,94;9700036786,00;301734
WINFUT;10/01/2023;15:10:00;160477,09;160743,66;160419,45;160650,00;8862186987,00;275976
WINFUT;10/01/2023;15:00:00;160289,77;160513,11;160188,90;160469,88;7682707863,00;239540
WINFUT;10/01/2023;14:50:00;160174,49;160325,79;160167,29;160282,56;3687779135,00;115073
WINFUT;10/01/2023;14:40:00;160210,51;160253,74;160131,26;160181,70;3556071526,00;110993
WINFUT;10/01/2023;14:30:00;160124,06;160340,20;160124,06;160210,51;7367150509,00;229927
WINFUT;10/01/2023;14:20:00;160066,42;160260,95;160030,40;160124,06;6989034092,00;218166
WINFUT;10/01/2023;14:10:00;159857,48;160167,29;159828,67;160066,42;8163757988,00;255064
WINFUT;10/01/2023;14:00:00;159958,35;160037,60;159785,44;159850,28;6100940219,00;190749
WINFUT;10/01/2023;13:50:00;159814,26;160001,58;159742,21;159958,35;5463844280,00;170880
WINFUT;10/01/2023;13:40:00;159951,15;159979,96;159749,41;159821,46;6169744514,00;192985
WINFUT;10/01/2023;13:30:00;159900,71;160145,67;159814,26;159951,15;1,038961994E10;324738
WINFUT;10/01/2023;13:20:00;159684,57;159965,55;159670,16;159900,71;9605724347,00;300504
WINFUT;10/01/2023;13:10:00;159619,73;159727,80;159511,66;159691,78;6943810998,00;217512
WINFUT;10/01/2023;13:00:00;159518,86;159691,78;159418,00;159619,73;7441959079,00;233210
WINFUT;10/01/2023;12:50:00;159173,04;159605,32;159115,40;159518,86;9875455439,00;309801
WINFUT;10/01/2023;12:40:00;159173,04;159381,98;159086,58;159173,04;9455307882,00;296878
WINFUT;10/01/2023;12:30:00;159014,54;159187,45;158783,99;159173,04;1,028769088E10;323508
WINFUT;10/01/2023;12:20:00;158899,26;159230,68;158762,37;159021,74;1,072084907E10;337150
WINFUT;10/01/2023;12:10:00;159237,88;159259,50;158877,65;158892,06;9944053842,00;312581
WINFUT;10/01/2023;12:00:00;159396,38;159418,00;159072,17;159230,68;9831032577,00;308701
WINFUT;10/01/2023;11:50:00;159122,61;159518,86;159036,15;159389,18;1,095728681E10;343874
WINFUT;10/01/2023;11:40:00;159331,54;159396,38;159064,97;159122,61;1,269963622E10;398765
WINFUT;10/01/2023;11:30:00;159295,52;159857,48;159151,43;159338,75;2,023043994E10;634131
WINFUT;10/01/2023;11:20:00;159230,68;159338,75;159043,36;159295,52;1,208651472E10;379572
WINFUT;10/01/2023;11:10:00;159201,86;159245,09;158820,01;159237,88;1,477821395E10;464706
WINFUT;10/01/2023;11:00:00;158481,39;159670,16;158452,57;159194,65;2,410520828E10;757230
WINFUT;10/01/2023;10:50:00;158553,44;158647,10;158330,09;158474,19;7761348842,00;244844
WINFUT;10/01/2023;10:40:00;158438,16;158747,96;158308,48;158560,64;1,167549051E10;368273
WINFUT;10/01/2023;10:30:00;158488,60;158618,28;158286,86;158438,16;1,2946587E10;408535
WINFUT;10/01/2023;10:20:00;158322,89;158524,62;158214,82;158495,80;1,056920295E10;333735
WINFUT;10/01/2023;10:10:00;158041,90;158531,82;157905,02;158330,09;1,590322682E10;502598
WINFUT;10/01/2023;10:00:00;158056,31;158128,36;157602,42;158049,11;1,537675411E10;487119
WINFUT;10/01/2023;09:50:00;157804,15;158142,77;157796,95;158056,31;9860102979,00;312082
WINFUT;10/01/2023;09:40:00;158250,84;158315,68;157782,54;157811,35;9413818609,00;297762
WINFUT;10/01/2023;09:30:00;158258,05;158445,37;158142,77;158243,64;8830561454,00;278923
WINFUT;10/01/2023;09:20:00;158222,02;158286,86;158013,09;158258,05;7302876937,00;230886
WINFUT;10/01/2023;09:10:00;158092,34;158351,71;157941,04;158222,02;1,103037147E10;348727
WINFUT;10/01/2023;09:00:00;158142,77;158250,84;157660,06;158092,34;1,114424284E10;352893
WINFUT;09/01/2023;18:20:00;158870,44;159028,95;158783,99;158805,60;861718607,70;27122
WINFUT;09/01/2023;18:10:00;158906,47;158985,72;158805,60;158863,24;2703310155,00;85058
WINFUT;09/01/2023;18:00:00;158589,46;159043,36;158567,85;158899,26;4330234521,00;136349
WINFUT;09/01/2023;17:50:00;158791,19;158884,85;158402,14;158596,67;7811847295,00;246259
WINFUT;09/01/2023;17:40:00;159230,68;159281,11;158668,71;158791,19;8095718027,00;254608
WINFUT;09/01/2023;17:30:00;159360,36;159432,41;159057,76;159237,88;5926656088,00;186113
WINFUT;09/01/2023;17:20:00;159302,72;159461,23;159259,50;159360,36;4784857306,00;150116
WINFUT;09/01/2023;17:10:00;159230,68;159360,36;159115,40;159295,52;5022912176,00;157713
WINFUT;09/01/2023;17:00:00;159324,34;159511,66;159100,99;159230,68;8234817422,00;258507
WINFUT;09/01/2023;16:50:00;159691,78;159778,23;159317,13;159331,54;6626813868,00;207654
WINFUT;09/01/2023;16:40:00;159742,21;159814,26;159576,50;159684,57;4703358380,00;147279
WINFUT;09/01/2023;16:30:00;159756,62;159828,67;159626,93;159742,21;4566423798,00;142948
WINFUT;09/01/2023;16:20:00;159742,21;159915,12;159684,57;159756,62;5043049656,00;157800
WINFUT;09/01/2023;16:10:00;159648,55;159763,82;159583,71;159742,21;4975520220,00;155795
WINFUT;09/01/2023;16:00:00;159821,46;159987,17;159547,68;159648,55;7640877164,00;239139
WINFUT;09/01/2023;15:50:00;159807,05;160073,63;159756,62;159821,46;8569308015,00;267921
WINFUT;09/01/2023;15:40:00;160052,01;160088,03;159641,34;159799,85;8163229762,00;255395
WINFUT;09/01/2023;15:30:00;159994,37;160369,02;159943,94;160044,81;9837727399,00;307143
WINFUT;09/01/2023;15:20:00;159907,92;160203,31;159843,08;159994,37;8148751821,00;254654
WINFUT;09/01/2023;15:10:00;159771,03;160044,81;159727,80;159907,92;5782967600,00;180849
WINFUT;09/01/2023;15:00:00;159871,89;159929,53;159691,78;159771,03;5122927895,00;160288
WINFUT;09/01/2023;14:50:00;159879,10;159922,33;159619,73;159864,69;6352995352,00;198789
WINFUT;09/01/2023;14:40:00;159850,28;159943,94;159583,71;159879,10;7711426616,00;241338
WINFUT;09/01/2023;14:30:00;159965,55;159965,55;159598,12;159850,28;7228977279,00;226233
WINFUT;09/01/2023;14:20:00;159698,98;160052,01;159605,32;159958,35;7509132022,00;234953
WINFUT;09/01/2023;14:10:00;159691,78;159821,46;159518,86;159698,98;7178728931,00;224834
WINFUT;09/01/2023;14:00:00;159879,10;160138,47;159670,16;159691,78;8900664798,00;278295
WINFUT;09/01/2023;13:50:00;159713,39;160354,61;159533,27;159879,10;1,331734298E10;416372
WINFUT;09/01/2023;13:40:00;159173,04;160015,99;159093,79;159713,39;1,228773811E10;385077
WINFUT;09/01/2023;13:30:00;159209,06;159497,25;158956,90;159180,24;9206103622,00;289114
WINFUT;09/01/2023;13:20:00;159245,09;159353,16;159086,58;159209,06;6391428348,00;200724
WINFUT;09/01/2023;13:10:00;158791,19;159461,23;158776,78;159252,29;9341422467,00;293592
WINFUT;09/01/2023;13:00:00;159194,65;159252,29;158783,99;158798,40;9809290124,00;308389
WINFUT;09/01/2023;12:50:00;158373,32;159677,37;158366,12;159187,45;1,97920905E10;621915
WINFUT;09/01/2023;12:40:00;158459,78;158488,60;158200,41;158373,32;6611141431,00;208797
WINFUT;09/01/2023;12:30:00;158186,00;158488,60;158121,16;158459,78;6977070131,00;220334
WINFUT;09/01/2023;12:20:00;158380,52;158488,60;158128,36;158186,00;6303179121,00;199105
WINFUT;09/01/2023;12:10:00;158214,82;158445,37;158128,36;158380,52;6857875586,00;216644
WINFUT;09/01/2023;12:00:00;158308,48;158503,00;157926,63;158214,82;1,320933687E10;417356
WINFUT;09/01/2023;11:50:00;158654,30;158668,71;158193,20;158315,68;1,150344668E10;363091
WINFUT;09/01/2023;11:40:00;158373,32;158877,65;158366,12;158647,10;1,432006767E10;451285
WINFUT;09/01/2023;11:30:00;158308,48;158430,96;157933,83;158373,32;1,220853559E10;385890
WINFUT;09/01/2023;11:20:00;158013,09;158488,60;157890,61;158308,48;1,246371631E10;394085
WINFUT;09/01/2023;11:10:00;158106,75;158344,50;157984,27;158013,09;9361036961,00;295891
WINFUT;09/01/2023;11:00:00;158214,82;158358,91;157868,99;158099,54;1,461174553E10;462101
WINFUT;09/01/2023;10:50:00;158611,07;158776,78;158178,79;158207,61;1,305950762E10;412202
WINFUT;09/01/2023;10:40:00;158913,67;159245,09;158596,67;158603,87;1,44638815E10;455012
WINFUT;09/01/2023;10:30:00;158647,10;159122,61;158575,05;158906,47;1,188679676E10;374097
WINFUT;09/01/2023;10:20:00;158430,96;159028,95;158351,71;158654,30;1,591170188E10;501166
WINFUT;09/01/2023;10:10:00;158063,52;158488,60;157789,74;158430,96;1,591030156E10;503092
WINFUT;09/01/2023;10:00:00;158387,73;158481,39;157948,24;158063,52;1,355090476E10;428394
WINFUT;09/01/2023;09:50:00;158416,55;158474,19;158272,45;158380,52;4567238103,00;144179
WINFUT;09/01/2023;09:40:00;158308,48;158503,00;158243,64;158423,75;6286658987,00;198461
WINFUT;09/01/2023;09:30:00;158495,80;158589,46;158301,27;158308,48;6430577841,00;202912
WINFUT;09/01/2023;09:20:00;158157,18;158618,28;158005,88;158495,80;9558706011,00;301803
WINFUT;09/01/2023;09:10:00;158178,79;158222,02;157789,74;158149,97;7691778741,00;243411
WINFUT;09/01/2023;09:00:00;157544,78;158243,64;156773,88;158178,79;1,616325628E10;513031
WINFUT;06/01/2023;18:20:00;159288,31;159439,61;159259,50;159367,57;1014257234,00;31824
WINFUT;06/01/2023;18:10:00;159028,95;159425,20;159007,33;159288,31;3972671187,00;124731
WINFUT;06/01/2023;18:00:00;159007,33;159072,17;158899,26;159036,15;2491113521,00;78341
WINFUT;06/01/2023;17:50:00;158899,26;159064,97;158827,22;159007,33;4992508854,00;157032
WINFUT;06/01/2023;17:40:00;158820,01;158971,31;158805,60;158899,26;4322039482,00;135996
WINFUT;06/01/2023;17:30:00;158783,99;158899,26;158769,58;158812,81;3653241041,00;115004
WINFUT;06/01/2023;17:20:00;158647,10;158820,01;158589,46;158783,99;4332815189,00;136503
WINFUT;06/01/2023;17:10:00;158675,92;158740,76;158596,67;158647,10;3410175223,00;107463
WINFUT;06/01/2023;17:00:00;158596,67;158863,24;158575,05;158668,71;5771296291,00;181827
WINFUT;06/01/2023;16:50:00;158474,19;158632,69;158452,57;158589,46;4313766714,00;136030
WINFUT;06/01/2023;16:40:00;158380,52;158596,67;158358,91;158474,19;5673045723,00;178956
WINFUT;06/01/2023;16:30:00;158337,30;158495,80;158294,07;158380,52;4439858215,00;140147
WINFUT;06/01/2023;16:20:00;158308,48;158430,96;158243,64;158344,50;5867681296,00;185280
WINFUT;06/01/2023;16:10:00;158200,41;158351,71;158186,00;158315,68;5533300755,00;174806
WINFUT;06/01/2023;16:00:00;158373,32;158402,14;158020,29;158207,61;7870614659,00;248754
WINFUT;06/01/2023;15:50:00;158445,37;158510,21;158337,30;158366,12;5050167087,00;159386
WINFUT;06/01/2023;15:40:00;158301,27;158466,98;158171,59;158445,37;6247405936,00;197296
WINFUT;06/01/2023;15:30:00;158452,57;158481,39;158157,18;158301,27;6618972885,00;209085
WINFUT;06/01/2023;15:20:00;158445,37;158524,62;158308,48;158452,57;6340926213,00;200148
WINFUT;06/01/2023;15:10:00;158611,07;158647,10;158445,37;158445,37;5634198127,00;177687
WINFUT;06/01/2023;15:00:00;158654,30;158755,17;158553,44;158611,07;4854637393,00;152983
WINFUT;06/01/2023;14:50:00;158596,67;158697,53;158445,37;158654,30;5366353431,00;169190
WINFUT;06/01/2023;14:40:00;158683,12;158690,33;158459,78;158589,46;6203128971,00;195580
WINFUT;06/01/2023;14:30:00;158675,92;158985,72;158618,28;158675,92;7627535401,00;240171
WINFUT;06/01/2023;14:20:00;158524,62;158719,14;158474,19;158675,92;4565651034,00;143943
WINFUT;06/01/2023;14:10:00;158423,75;158654,30;158402,14;158531,82;5180128790,00;163377
WINFUT;06/01/2023;14:00:00;158647,10;158805,60;158409,34;158423,75;8051349264,00;253815
WINFUT;06/01/2023;13:50:00;158625,48;158805,60;158575,05;158639,89;5666420143,00;178540
WINFUT;06/01/2023;13:40:00;158668,71;158755,17;158517,41;158625,48;6402260231,00;201809
WINFUT;06/01/2023;13:30:00;158308,48;158683,12;158301,27;158675,92;6935717711,00;218795
WINFUT;06/01/2023;13:20:00;158373,32;158510,21;158243,64;158308,48;6317751890,00;199467
WINFUT;06/01/2023;13:10:00;158647,10;158683,12;158301,27;158373,32;5864369370,00;185037
WINFUT;06/01/2023;13:00:00;158711,94;158762,37;158358,91;158639,89;8399430178,00;264908
WINFUT;06/01/2023;12:50:00;158697,53;158856,03;158589,46;158711,94;7004113227,00;220630
WINFUT;06/01/2023;12:40:00;158697,53;158791,19;158438,16;158697,53;8715418262,00;274689
WINFUT;06/01/2023;12:30:00;158222,02;158711,94;158164,38;158704,74;8422262373,00;265869
WINFUT;06/01/2023;12:20:00;158308,48;158423,75;158085,13;158222,02;7227211794,00;228377
WINFUT;06/01/2023;12:10:00;158041,90;158416,55;157897,81;158308,48;1,086012679E10;343318
WINFUT;06/01/2023;12:00:00;157566,40;158279,66;157242,19;158049,11;1,901878706E10;602554
WINFUT;06/01/2023;11:50:00;157832,97;158027,50;157436,71;157566,40;1,117287849E10;354141
WINFUT;06/01/2023;11:40:00;158279,66;158373,32;157501,55;157825,76;1,818591848E10;575946
WINFUT;06/01/2023;11:30:00;158805,60;158877,65;158265,25;158279,66;1,574406092E10;496278
WINFUT;06/01/2023;11:20:00;159209,06;159223,47;158733,55;158805,60;9658514011,00;303876
WINFUT;06/01/2023;11:10:00;159079,38;159295,52;158834,42;159209,06;9935650796,00;312327
WINFUT;06/01/2023;11:00:00;159187,45;159252,29;158920,88;159086,58;1,017036346E10;319724
WINFUT;06/01/2023;10:50:00;159309,93;159677,37;159129,81;159187,45;1,557358526E10;488498
WINFUT;06/01/2023;10:40:00;158214,82;159396,38;158207,61;159317,13;2,522983807E10;793280
WINFUT;06/01/2023;10:30:00;157530,37;158229,23;157443,92;158214,82;1,883990574E10;596432
WINFUT;06/01/2023;10:20:00;157299,82;157789,74;157299,82;157537,58;1,0436403E10;331157
WINFUT;06/01/2023;10:10:00;157573,60;157760,92;157162,93;157299,82;1,18258818E10;375625
WINFUT;06/01/2023;10:00:00;157299,82;157652,85;157170,14;157573,60;1,428734523E10;453863
WINFUT;06/01/2023;09:50:00;157105,30;157364,66;157026,04;157292,62;7120387126,00;226469
WINFUT;06/01/2023;09:40:00;157307,03;157314,23;157083,68;157112,50;6931516845,00;220474
WINFUT;06/01/2023;09:30:00;157487,14;157595,21;157278,21;157299,82;6830901156,00;216959
WINFUT;06/01/2023;09:20:00;157162,93;157523,17;157098,09;157487,14;8323142213,00;264523
WINFUT;06/01/2023;09:10:00;156867,54;157321,44;156845,93;157162,93;8638260752,00;274892
WINFUT;06/01/2023;09:00:00;157134,11;157299,82;156838,72;156874,75;8109418704,00;258135
WINFUT;05/01/2023;18:20:00;157371,87;157451,12;157299,82;157350,26;1233133291,00;39182
WINFUT;05/01/2023;18:10:00;157098,09;157400,69;157069,27;157364,66;3031722120,00;96405
WINFUT;05/01/2023;18:00:00;157054,86;157141,32;156975,61;157098,09;3049890047,00;97095
WINFUT;05/01/2023;17:50:00;156997,23;157141,32;156925,18;157054,86;3963093915,00;126187
WINFUT;05/01/2023;17:40:00;156954,00;157040,45;156889,16;156997,23;3525851034,00;112310
WINFUT;05/01/2023;17:30:00;157033,25;157047,66;156845,93;156961,20;4036826996,00;128627
WINFUT;05/01/2023;17:20:00;157098,09;157148,52;156954,00;157040,45;4006118617,00;127555
WINFUT;05/01/2023;17:10:00;156997,23;157105,30;156961,20;157098,09;3435224502,00;109385
WINFUT;05/01/2023;17:00:00;157033,25;157083,68;156925,18;156997,23;3654089767,00;116377
WINFUT;05/01/2023;16:50:00;156968,41;157155,73;156925,18;157026,04;5053878846,00;160916
WINFUT;05/01/2023;16:40:00;156910,77;157126,91;156874,75;156968,41;5819677633,00;185358
WINFUT;05/01/2023;16:30:00;156867,54;157018,84;156831,52;156910,77;5081077386,00;161884
WINFUT;05/01/2023;16:20:00;157054,86;157141,32;156824,31;156867,54;6770338907,00;215667
WINFUT;05/01/2023;16:10:00;156910,77;157054,86;156809,90;157047,66;5806429725,00;185004
WINFUT;05/01/2023;16:00:00;156788,29;156925,18;156709,04;156910,77;5681290728,00;181141
WINFUT;05/01/2023;15:50:00;156795,49;156925,18;156759,47;156788,29;5236123411,00;166929
WINFUT;05/01/2023;15:40:00;156903,56;156961,20;156781,09;156802,70;5592891480,00;178266
WINFUT;05/01/2023;15:30:00;157141,32;157213,37;156889,16;156903,56;6730683823,00;214273
WINFUT;05/01/2023;15:20:00;156694,63;157263,80;156665,81;157148,52;1,322480653E10;421061
WINFUT;05/01/2023;15:10:00;156795,49;156838,72;156622,58;156694,63;5945395958,00;189680
WINFUT;05/01/2023;15:00:00;156658,61;156824,31;156492,90;156788,29;7918994793,00;252744
WINFUT;05/01/2023;14:50:00;156399,24;156788,29;156334,40;156658,61;1,012091268E10;323166
WINFUT;05/01/2023;14:40:00;156103,85;156456,87;155995,78;156406,44;7573745628,00;242395
WINFUT;05/01/2023;14:30:00;155923,73;156139,87;155866,09;156111,05;6205851287,00;198894
WINFUT;05/01/2023;14:20:00;155959,75;156161,48;155887,70;155930,93;7399627947,00;237158
WINFUT;05/01/2023;14:10:00;156103,85;156211,92;155923,73;155952,55;5455761963,00;174791
WINFUT;05/01/2023;14:00:00;156060,62;156175,89;156010,18;156111,05;5435299205,00;174105
WINFUT;05/01/2023;13:50:00;156226,32;156276,76;156031,80;156067,82;4937806809,00;158115
WINFUT;05/01/2023;13:40:00;156298,37;156384,83;156154,28;156233,53;4965496591,00;158888
WINFUT;05/01/2023;13:30:00;156233,53;156449,67;156161,48;156305,58;6138833421,00;196376
WINFUT;05/01/2023;13:20:00;156392,03;156471,28;156183,10;156226,32;6345174618,00;202933
WINFUT;05/01/2023;13:10:00;156298,37;156586,56;156276,76;156399,24;1,006249764E10;321639
WINFUT;05/01/2023;13:00:00;156226,32;156312,78;156082,23;156305,58;6536044029,00;209217
WINFUT;05/01/2023;12:50:00;156010,18;156392,03;155988,57;156226,32;9613403709,00;307656
WINFUT;05/01/2023;12:40:00;155945,34;156255,14;155851,68;156002,98;1,16054666E10;371769
WINFUT;05/01/2023;12:30:00;155592,31;155959,75;155484,24;155938,14;1,262833866E10;405486
WINFUT;05/01/2023;12:20:00;155246,49;155685,97;155203,26;155599,52;1,16199176E10;373826
WINFUT;05/01/2023;12:10:00;154972,71;155505,86;154864,64;155253,69;1,291117384E10;415811
WINFUT;05/01/2023;12:00:00;155015,94;155167,24;154504,41;154979,91;1,314533405E10;424552
WINFUT;05/01/2023;11:50:00;154497,20;155095,19;154490,00;155008,73;1,196492814E10;386296
WINFUT;05/01/2023;11:40:00;155023,14;155044,76;154381,93;154504,41;1,262689474E10;408109
WINFUT;05/01/2023;11:30:00;154526,02;155354,56;154490,00;155023,14;2,010839829E10;648623
WINFUT;05/01/2023;11:20:00;154691,73;154857,44;154461,18;154526,02;8362323411,00;270338
WINFUT;05/01/2023;11:10:00;154684,52;154936,69;154518,82;154691,73;1,177819534E10;380608
WINFUT;05/01/2023;11:00:00;154144,17;154778,18;154000,08;154684,52;1,136105802E10;367887
WINFUT;05/01/2023;10:50:00;154309,88;154389,13;153805,55;154144,17;1,218090307E10;395278
WINFUT;05/01/2023;10:40:00;153978,46;154526,02;153884,80;154317,08;1,424038413E10;461594
WINFUT;05/01/2023;10:30:00;154511,61;154605,27;153675,87;153985,67;1,834402217E10;594945
WINFUT;05/01/2023;10:20:00;154648,50;154850,23;154432,36;154504,41;1,010140872E10;326602
WINFUT;05/01/2023;10:10:00;154605,27;155152,83;154453,97;154648,50;1,490660002E10;481487
WINFUT;05/01/2023;10:00:00;154799,80;154886,25;154432,36;154612,48;1,156112458E10;373777
WINFUT;05/01/2023;09:50:00;154367,52;154907,87;154324,29;154799,80;1,043334546E10;337257
WINFUT;05/01/2023;09:40:00;154576,45;154619,68;154338,70;154374,72;5396102365,00;174660
WINFUT;05/01/2023;09:30:00;154461,18;154734,96;154331,49;154576,45;8014743590,00;259272
WINFUT;05/01/2023;09:20:00;154432,36;154612,48;154259,45;154461,18;7913762153,00;256206
WINFUT;05/01/2023;09:10:00;154453,97;154749,37;154151,38;154432,36;1,150120588E10;372351
WINFUT;05/01/2023;09:00:00;154583,66;154828,62;154360,31;154461,18;8040707712,00;260132
WINFUT;04/01/2023;18:20:00;153956,85;153992,87;153848,78;153992,87;656991109,80;21339
WINFUT;04/01/2023;18:10:00;153827,17;154007,28;153805,55;153956,85;2375808123,00;77178
WINFUT;04/01/2023;18:00:00;153834,37;153920,83;153690,28;153827,17;2866217911,00;93168
WINFUT;04/01/2023;17:50:00;153647,05;153935,24;153560,59;153827,17;4535531566,00;147541
WINFUT;04/01/2023;17:40:00;153560,59;153668,66;153423,70;153647,05;4770708430,00;155379
WINFUT;04/01/2023;17:30:00;153783,94;153783,94;153517,36;153560,59;5254935558,00;171016
WINFUT;04/01/2023;17:20:00;153596,62;153949,65;153459,73;153783,94;7993612964,00;260001
WINFUT;04/01/2023;17:10:00;153690,28;153798,35;153524,57;153603,82;6165531693,00;200620
WINFUT;04/01/2023;17:00:00;153928,03;153942,44;153603,82;153690,28;7193653589,00;233916
WINFUT;04/01/2023;16:50:00;153639,84;154086,53;153560,59;153928,03;8490399650,00;275935
WINFUT;04/01/2023;16:40:00;153402,09;153675,87;153286,81;153639,84;7749924492,00;252437
WINFUT;04/01/2023;16:30:00;152991,42;153445,32;152919,38;153402,09;7917300870,00;258412
WINFUT;04/01/2023;16:20:00;153812,76;153834,37;152962,60;152991,42;1,153323092E10;375947
WINFUT;04/01/2023;16:10:00;153719,10;153848,78;153474,14;153812,76;9052346596,00;294568
WINFUT;04/01/2023;16:00:00;153949,65;154136,97;153538,98;153726,30;1,152575563E10;374660
WINFUT;04/01/2023;15:50:00;154000,08;154252,24;153783,94;153956,85;7490068138,00;243213
WINFUT;04/01/2023;15:40:00;153711,89;154043,31;153618,23;153992,87;6090864973,00;198026
WINFUT;04/01/2023;15:30:00;153740,71;153913,62;153675,87;153711,89;4864111936,00;158132
WINFUT;04/01/2023;15:20:00;153870,39;153899,21;153618,23;153740,71;6227657972,00;202538
WINFUT;04/01/2023;15:10:00;153884,80;153949,65;153719,10;153863,19;5951423890,00;193435
WINFUT;04/01/2023;15:00:00;154043,31;154043,31;153668,66;153877,60;7605883210,00;247127
WINFUT;04/01/2023;14:50:00;154000,08;154108,15;153711,89;154043,31;7949189310,00;258202
WINFUT;04/01/2023;14:40:00;153762,32;154209,01;153647,05;154000,08;9596775880,00;311623
WINFUT;04/01/2023;14:30:00;153683,07;153783,94;153466,93;153762,32;7390418027,00;240538
WINFUT;04/01/2023;14:20:00;153683,07;153920,83;153618,23;153690,28;5753769351,00;187131
WINFUT;04/01/2023;14:10:00;153848,78;154028,90;153452,52;153683,07;1,051576086E10;341979
WINFUT;04/01/2023;14:00:00;153423,70;153906,42;153387,68;153848,78;1,094335792E10;355992
WINFUT;04/01/2023;13:50:00;153387,68;153488,55;153193,15;153423,70;7246496638,00;236299
WINFUT;04/01/2023;13:40:00;153351,66;153423,70;153113,90;153380,48;7816621448,00;254972
WINFUT;04/01/2023;13:30:00;153582,21;153704,69;153279,61;153358,86;7176532722,00;233760
WINFUT;04/01/2023;13:20:00;153726,30;153762,32;153236,38;153575,00;1,02417329E10;333754
WINFUT;04/01/2023;13:10:00;153711,89;154281,06;153661,46;153726,30;1,524723428E10;495286
WINFUT;04/01/2023;13:00:00;152984,22;153733,50;152969,81;153704,69;2,065122829E10;673242
WINFUT;04/01/2023;12:50:00;152393,43;152991,42;152234,93;152984,22;1,17337574E10;384638
WINFUT;04/01/2023;12:40:00;152811,31;152868,94;152357,41;152386,23;8920702518,00;292250
WINFUT;04/01/2023;12:30:00;152515,91;152919,38;152386,23;152811,31;1,077118513E10;352884
WINFUT;04/01/2023;12:20:00;152083,63;152523,12;151953,95;152515,91;1,003072036E10;329486
WINFUT;04/01/2023;12:10:00;151773,83;152234,93;151514,46;152083,63;1,570617081E10;517211
WINFUT;04/01/2023;12:00:00;152350,21;152645,60;151708,99;151766,63;1,558591179E10;512041
WINFUT;04/01/2023;11:50:00;152551,94;152703,24;152234,93;152357,41;9661501939,00;316727
WINFUT;04/01/2023;11:40:00;152292,57;152566,35;152206,11;152551,94;1,189741194E10;390338
WINFUT;04/01/2023;11:30:00;152141,27;152422,25;151946,74;152299,77;1,378240458E10;452851
WINFUT;04/01/2023;11:20:00;152033,20;152314,18;151817,06;152141,27;1,129948925E10;371470
WINFUT;04/01/2023;11:10:00;152357,41;152379,02;151680,17;152040,40;1,694717173E10;557595
WINFUT;04/01/2023;11:00:00;152508,71;152515,91;151989,97;152364,62;1,395347136E10;458240
WINFUT;04/01/2023;10:50:00;152897,76;153013,04;152335,80;152501,50;1,289597035E10;422563
WINFUT;04/01/2023;10:40:00;152984,22;152984,22;152566,35;152897,76;1,084283922E10;354882
WINFUT;04/01/2023;10:30:00;152868,94;153171,54;152638,39;152984,22;1,486731163E10;486135
WINFUT;04/01/2023;10:20:00;152220,52;153027,45;152112,45;152876,15;2,001131155E10;655375
WINFUT;04/01/2023;10:10:00;152292,57;152479,89;151953,95;152220,52;1,426736366E10;468527
WINFUT;04/01/2023;10:00:00;152415,05;152768,08;152256,55;152285,36;1,462031218E10;479352
WINFUT;04/01/2023;09:50:00;152314,18;152566,35;152220,52;152422,25;7823389084,00;256686
WINFUT;04/01/2023;09:40:00;152314,18;152415,05;152206,11;152314,18;6228191545,00;204451
WINFUT;04/01/2023;09:30:00;152220,52;152371,82;152026,00;152321,39;7136742484,00;234453
WINFUT;04/01/2023;09:20:00;152494,30;152523,12;151961,15;152220,52;8607904517,00;282800
WINFUT;04/01/2023;09:10:00;152321,39;152523,12;152098,04;152501,50;8298446411,00;272455
WINFUT;04/01/2023;09:00:00;152090,84;152631,19;151910,72;152321,39;1,303173024E10;428082
WINFUT;03/01/2023;18:20:00;151348,76;151428,01;151255,09;151298,32;1146431488,00;37882
WINFUT;03/01/2023;18:10:00;151636,94;151680,17;151255,09;151341,55;3965748251,00;130957
WINFUT;03/01/2023;18:00:00;151759,42;151989,97;151557,69;151644,15;4456007955,00;146742
WINFUT;03/01/2023;17:50:00;151708,99;151874,70;151500,05;151759,42;5543125095,00;182687
WINFUT;03/01/2023;17:40:00;151824,26;152335,80;151615,33;151716,19;9768547975,00;321367
WINFUT;03/01/2023;17:30:00;151752,22;151961,15;151730,60;151831,47;5136070284,00;169092
WINFUT;03/01/2023;17:20:00;152047,61;152112,45;151550,49;151752,22;8584079239,00;282814
WINFUT;03/01/2023;17:10:00;152292,57;152379,02;151939,54;152054,81;8105419877,00;266450
WINFUT;03/01/2023;17:00:00;152422,25;152573,55;152170,09;152285,36;9137391439,00;299812
WINFUT;03/01/2023;16:50:00;152984,22;152984,22;152393,43;152422,25;7868337144,00;257673
WINFUT;03/01/2023;16:40:00;152703,24;152998,63;152501,50;152977,01;9085993785,00;297392
WINFUT;03/01/2023;16:30:00;153229,18;153250,79;152616,78;152710,44;9570579455,00;313015
WINFUT;03/01/2023;16:20:00;153538,98;153546,18;152955,40;153221,97;1,080299782E10;352648
WINFUT;03/01/2023;16:10:00;153510,16;153603,82;153380,48;153546,18;5338109735,00;173866
WINFUT;03/01/2023;16:00:00;153639,84;153719,10;153459,73;153517,36;5585053856,00;181820
WINFUT;03/01/2023;15:50:00;153747,91;153819,96;153553,39;153647,05;6340047234,00;206267
WINFUT;03/01/2023;15:40:00;153697,48;153841,58;153625,43;153755,12;5873359658,00;191039
WINFUT;03/01/2023;15:30:00;153769,53;153985,67;153618,23;153704,69;7136345030,00;232027
WINFUT;03/01/2023;15:20:00;153740,71;153863,19;153654,25;153762,32;5697742262,00;185270
WINFUT;03/01/2023;15:10:00;153582,21;153834,37;153546,18;153747,91;6329804540,00;205888
WINFUT;03/01/2023;15:00:00;153567,80;153719,10;153423,70;153582,21;6211533046,00;202233
WINFUT;03/01/2023;14:50:00;153193,15;153618,23;153171,54;153575,00;8285225940,00;270051
WINFUT;03/01/2023;14:40:00;153964,05;153992,87;153149,93;153185,95;1,211277764E10;394487
WINFUT;03/01/2023;14:30:00;154151,38;154389,13;153964,05;153964,05;8823394380,00;286141
WINFUT;03/01/2023;14:20:00;153755,12;154216,22;153755,12;154151,38;8112942376,00;263410
WINFUT;03/01/2023;14:10:00;153762,32;153892,01;153402,09;153755,12;9676383118,00;314854
WINFUT;03/01/2023;14:00:00;153603,82;153812,76;153546,18;153755,12;6013755087,00;195657
WINFUT;03/01/2023;13:50:00;153892,01;153942,44;153474,14;153596,62;8576130720,00;278936
WINFUT;03/01/2023;13:40:00;153747,91;153913,62;153589,41;153906,42;7172387292,00;233269
WINFUT;03/01/2023;13:30:00;154036,10;154057,72;153344,45;153755,12;1,12538272E10;366144
WINFUT;03/01/2023;13:20:00;154158,58;154165,79;153892,01;154043,31;6931114695,00;225033
WINFUT;03/01/2023;13:10:00;154353,11;154461,18;154079,33;154151,38;8723350275,00;282740
WINFUT;03/01/2023;13:00:00;154742,16;154936,69;154309,88;154353,11;8856580285,00;286303
WINFUT;03/01/2023;12:50:00;154562,04;154785,39;154453,97;154749,37;8274804437,00;267591
WINFUT;03/01/2023;12:40:00;154252,24;154583,66;154180,20;154562,04;8499689017,00;275246
WINFUT;03/01/2023;12:30:00;154064,92;154345,90;153791,14;154252,24;8201922417,00;266203
WINFUT;03/01/2023;12:20:00;153942,44;154100,94;153762,32;154072,12;9136230172,00;296754
WINFUT;03/01/2023;12:10:00;154396,34;154446,77;153841,58;153949,65;1,164667866E10;377727
WINFUT;03/01/2023;12:00:00;154619,68;154850,23;154302,67;154403,54;1,049310922E10;339438
WINFUT;03/01/2023;11:50:00;155001,53;155253,69;154619,68;154619,68;1,122908112E10;362302
WINFUT;03/01/2023;11:40:00;154778,18;155304,13;154734,96;155001,53;1,539848381E10;496601
WINFUT;03/01/2023;11:30:00;154338,70;154864,64;154223,42;154778,18;1,761565662E10;569719
WINFUT;03/01/2023;11:20:00;154028,90;154562,04;154014,49;154331,49;1,070253894E10;346835
WINFUT;03/01/2023;11:10:00;154007,28;154144,17;153430,91;154028,90;1,196026217E10;388822
WINFUT;03/01/2023;11:00:00;154223,42;154374,72;153546,18;154000,08;1,243516884E10;403869
WINFUT;03/01/2023;10:50:00;154216,22;154453,97;153906,42;154216,22;1,153311066E10;373948
WINFUT;03/01/2023;10:40:00;154007,28;154288,27;153466,93;154209,01;1,672258994E10;543387
WINFUT;03/01/2023;10:30:00;154086,53;154324,29;153762,32;154007,28;1,619344973E10;525736
WINFUT;03/01/2023;10:20:00;154626,89;154785,39;153971,26;154086,53;1,685618105E10;546075
WINFUT;03/01/2023;10:10:00;154994,32;155167,24;154302,67;154626,89;1,749374427E10;565597
WINFUT;03/01/2023;10:00:00;154979,91;155462,63;154936,69;154994,32;1,613240918E10;519858
WINFUT;03/01/2023;09:50:00;154929,48;155253,69;154612,48;154979,91;1,4365211E10;463536
WINFUT;03/01/2023;09:40:00;155037,55;155174,44;154799,80;154936,69;9594983681,00;309552
WINFUT;03/01/2023;09:30:00;154677,32;155174,44;154648,50;155044,76;1,209217045E10;390209
WINFUT;03/01/2023;09:20:00;154338,70;154698,93;154187,40;154684,52;1,338003992E10;433184
WINFUT;03/01/2023;09:10:00;154972,71;155073,58;154266,65;154331,49;1,408650837E10;455474
WINFUT;03/01/2023;09:00:00;155549,08;155685,97;154598,07;154972,71;1,316620573E10;424734
WINFUT;02/01/2023;18:20:00;155145,62;155160,03;154756,57;154756,57;850429624,50;27443
WINFUT;02/01/2023;18:10:00;155181,65;155260,90;155095,19;155160,03;2144048019,00;69085
WINFUT;02/01/2023;18:00:00;155203,26;155289,72;155102,39;155188,85;2617935349,00;84349
WINFUT;02/01/2023;17:50:00;155224,87;155304,13;155073,58;155210,46;2918139683,00;94010
WINFUT;02/01/2023;17:40:00;155188,85;155304,13;155059,17;155217,67;3720884113,00;119880
WINFUT;02/01/2023;17:30:00;155138,42;155188,85;154987,12;155188,85;3164681846,00;102017
WINFUT;02/01/2023;17:20:00;154972,71;155224,87;154965,51;155138,42;4590839928,00;147973
WINFUT;02/01/2023;17:10:00;154943,89;155066,37;154900,66;154979,91;3180660416,00;102621
WINFUT;02/01/2023;17:00:00;155311,33;155311,33;154943,89;154951,10;4138736617,00;133395
WINFUT;02/01/2023;16:50:00;155253,69;155505,86;155224,87;155304,13;4340657093,00;139699
WINFUT;02/01/2023;16:40:00;155332,94;155412,20;155196,06;155260,90;3020028537,00;97238
WINFUT;02/01/2023;16:30:00;155246,49;155477,04;155095,19;155325,74;6082672077,00;195851
WINFUT;02/01/2023;16:20:00;154922,28;155419,40;154886,25;155246,49;5607607515,00;180710
WINFUT;02/01/2023;16:10:00;154864,64;154965,51;154850,23;154915,07;1749604934,00;56470
WINFUT;02/01/2023;16:00:00;154972,71;155001,53;154770,98;154864,64;4059038200,00;131025
WINFUT;02/01/2023;15:50:00;155080,78;155102,39;154807,00;154979,91;4522341307,00;145933
WINFUT;02/01/2023;15:40:00;155066,37;155203,26;155037,55;155073,58;2848019071,00;91802
WINFUT;02/01/2023;15:30:00;155217,67;155282,51;154958,30;155059,17;4537393797,00;146279
WINFUT;02/01/2023;15:20:00;155044,76;155239,28;155044,76;155224,87;4077713779,00;131415
WINFUT;02/01/2023;15:10:00;154900,66;155145,62;154814,21;155051,96;4539570499,00;146451
WINFUT;02/01/2023;15:00:00;155030,35;155051,96;154641,29;154893,46;6493240120,00;209630
WINFUT;02/01/2023;14:50:00;155095,19;155102,39;154922,28;155023,14;4672568693,00;150718
WINFUT;02/01/2023;14:40:00;155368,97;155390,58;155073,58;155095,19;4235734543,00;136436
WINFUT;02/01/2023;14:30:00;155462,63;155520,27;155196,06;155376,17;5113387587,00;164551
WINFUT;02/01/2023;14:20:00;155116,80;155563,49;154943,89;155462,63;5335917881,00;171955
WINFUT;02/01/2023;14:10:00;155001,53;155167,24;154958,30;155116,80;3220924862,00;103847
WINFUT;02/01/2023;14:00:00;155196,06;155239,28;154814,21;155001,53;5881627802,00;189724
WINFUT;02/01/2023;13:50:00;155239,28;155296,92;155160,03;155203,26;2288755794,00;73724
WINFUT;02/01/2023;13:40:00;155224,87;155311,33;155131,21;155239,28;2865135345,00;92289
WINFUT;02/01/2023;13:30:00;155513,06;155541,88;155109,60;155232,08;5597230267,00;180265
WINFUT;02/01/2023;13:20:00;155527,47;155585,11;155383,38;155513,06;3159529948,00;101602
WINFUT;02/01/2023;13:10:00;155815,66;155873,30;155361,76;155527,47;5591506370,00;179734
WINFUT;02/01/2023;13:00:00;155628,34;155945,34;155383,38;155815,66;6892425074,00;221387
WINFUT;02/01/2023;12:50:00;155397,79;155664,36;155354,56;155621,13;4579634768,00;147257
WINFUT;02/01/2023;12:40:00;155296,92;155404,99;155253,69;155404,99;2518155589,00;81062
WINFUT;02/01/2023;12:30:00;155253,69;155332,94;155131,21;155296,92;3177543042,00;102333
WINFUT;02/01/2023;12:20:00;155131,21;155318,53;155001,53;155253,69;3829757026,00;123380
WINFUT;02/01/2023;12:10:00;154979,91;155268,10;154979,91;155131,21;3974359538,00;128083
WINFUT;02/01/2023;12:00:00;155289,72;155304,13;154893,46;154994,32;5299560107,00;170913
WINFUT;02/01/2023;11:50:00;155239,28;155426,61;155181,65;155289,72;4391384525,00;141379
WINFUT;02/01/2023;11:40:00;155015,94;155347,35;154943,89;155246,49;5107065544,00;164549
WINFUT;02/01/2023;11:30:00;155426,61;155455,42;154706,14;155015,94;8894528496,00;286846
WINFUT;02/01/2023;11:20:00;154951,10;155484,24;154929,48;155433,81;6745898943,00;217236
WINFUT;02/01/2023;11:10:00;155001,53;155167,24;154562,04;154951,10;9329164872,00;301054
WINFUT;02/01/2023;11:00:00;155621,13;155808,45;154749,37;155001,53;1,309351482E10;421743
WINFUT;02/01/2023;10:50:00;155462,63;155693,18;155412,20;155621,13;5575584716,00;179198
WINFUT;02/01/2023;10:40:00;156435,26;156471,28;155318,53;155469,83;1,612483125E10;517458
WINFUT;02/01/2023;10:30:00;156687,42;156766,68;156377,62;156435,26;6516988672,00;208073
WINFUT;02/01/2023;10:20:00;157350,26;157407,89;156305,58;156694,63;1,530298445E10;488287
WINFUT;02/01/2023;10:10:00;157696,08;157717,69;156932,38;157343,05;1,342843197E10;426835
WINFUT;02/01/2023;10:00:00;157732,10;157919,43;157559,19;157703,28;6801035497,00;215568
WINFUT;02/01/2023;09:50:00;157905,02;157984,27;157696,08;157732,10;4206641579,00;133239
WINFUT;02/01/2023;09:40:00;157688,88;157962,65;157638,44;157905,02;4149948231,00;131483
WINFUT;02/01/2023;09:30:00;158027,50;158041,90;157566,40;157696,08;5503153322,00;174368
WINFUT;02/01/2023;09:20:00;157753,72;158135,57;157602,42;158020,29;5284139337,00;167298
WINFUT;02/01/2023;09:10:00;158135,57;158164,38;157609,62;157753,72;8428787092,00;266917
WINFUT;02/01/2023;09:00:00;159079,38;159345,95;157948,24;158128,36;7306353237,00;230659
